Date,Open,High,Low,Close,Volume,Dividends,Stock Splits,Symbol,Company Name,Sector,Industry,Market Cap,P/E Ratio,Beta,Dividend Yield,52 Week High,52 Week Low
2020-10-22 00:00:00+05:30,97.0,97.0,92.1500015258789,92.1500015258789,254780,0.0,0.0,HEMIPROP.NS,Hemisphere Properties India Limited,Real Estate,Real Estate - Diversified,39352836096,,0.176,,242.0,111.03
2020-10-23 00:00:00+05:30,87.55000305175781,87.55000305175781,87.55000305175781,87.55000305175781,39370,0.0,0.0,HEMIPROP.NS,Hemisphere Properties India Limited,Real Estate,Real Estate - Diversified,39352836096,,0.176,,242.0,111.03
2020-10-26 00:00:00+05:30,83.19999694824219,83.19999694824219,83.19999694824219,83.19999694824219,22499,0.0,0.0,HEMIPROP.NS,Hemisphere Properties India Limited,Real Estate,Real Estate - Diversified,39352836096,,0.176,,242.0,111.03
2020-10-27 00:00:00+05:30,79.05000305175781,79.05000305175781,79.05000305175781,79.05000305175781,14894,0.0,0.0,HEMIPROP.NS,Hemisphere Properties India Limited,Real Estate,Real Estate - Diversified,39352836096,,0.176,,242.0,111.03
2020-10-28 00:00:00+05:30,75.0999984741211,75.0999984741211,75.0999984741211,75.0999984741211,54677,0.0,0.0,HEMIPROP.NS,Hemisphere Properties India Limited,Real Estate,Real Estate - Diversified,39352836096,,0.176,,242.0,111.03
2020-10-29 00:00:00+05:30,71.3499984741211,71.3499984741211,71.3499984741211,71.3499984741211,40577,0.0,0.0,HEMIPROP.NS,Hemisphere Properties India Limited,Real Estate,Real Estate - Diversified,39352836096,,0.176,,242.0,111.03
2020-10-30 00:00:00+05:30,67.80000305175781,67.80000305175781,67.80000305175781,67.80000305175781,24680,0.0,0.0,HEMIPROP.NS,Hemisphere Properties India Limited,Real Estate,Real Estate - Diversified,39352836096,,0.176,,242.0,111.03
2020-11-02 00:00:00+05:30,64.44999694824219,64.44999694824219,64.44999694824219,64.44999694824219,69112,0.0,0.0,HEMIPROP.NS,Hemisphere Properties India Limited,Real Estate,Real Estate - Diversified,39352836096,,0.176,,242.0,111.03
2020-11-03 00:00:00+05:30,61.25,67.6500015258789,61.25,67.6500015258789,4928871,0.0,0.0,HEMIPROP.NS,Hemisphere Properties India Limited,Real Estate,Real Estate - Diversified,39352836096,,0.176,,242.0,111.03
2020-11-04 00:00:00+05:30,68.94999694824219,68.94999694824219,64.30000305175781,64.30000305175781,1921329,0.0,0.0,HEMIPROP.NS,Hemisphere Properties India Limited,Real Estate,Real Estate - Diversified,39352836096,,0.176,,242.0,111.03
2020-11-05 00:00:00+05:30,62.70000076293945,62.849998474121094,54.400001525878906,58.400001525878906,6198675,0.0,0.0,HEMIPROP.NS,Hemisphere Properties India Limited,Real Estate,Real Estate - Diversified,39352836096,,0.176,,242.0,111.03
2020-11-06 00:00:00+05:30,59.0,68.5999984741211,58.349998474121094,64.75,5133633,0.0,0.0,HEMIPROP.NS,Hemisphere Properties India Limited,Real Estate,Real Estate - Diversified,39352836096,,0.176,,242.0,111.03
2020-11-09 00:00:00+05:30,65.80000305175781,66.69999694824219,63.400001525878906,65.30000305175781,1369302,0.0,0.0,HEMIPROP.NS,Hemisphere Properties India Limited,Real Estate,Real Estate - Diversified,39352836096,,0.176,,242.0,111.03
2020-11-10 00:00:00+05:30,65.0,65.3499984741211,60.0,61.349998474121094,891481,0.0,0.0,HEMIPROP.NS,Hemisphere Properties India Limited,Real Estate,Real Estate - Diversified,39352836096,,0.176,,242.0,111.03
2020-11-11 00:00:00+05:30,61.599998474121094,64.0,61.5,61.70000076293945,790511,0.0,0.0,HEMIPROP.NS,Hemisphere Properties India Limited,Real Estate,Real Estate - Diversified,39352836096,,0.176,,242.0,111.03
2020-11-12 00:00:00+05:30,62.349998474121094,64.25,61.79999923706055,63.0,604249,0.0,0.0,HEMIPROP.NS,Hemisphere Properties India Limited,Real Estate,Real Estate - Diversified,39352836096,,0.176,,242.0,111.03
2020-11-13 00:00:00+05:30,62.45000076293945,64.0,62.45000076293945,62.900001525878906,312357,0.0,0.0,HEMIPROP.NS,Hemisphere Properties India Limited,Real Estate,Real Estate - Diversified,39352836096,,0.176,,242.0,111.03
2020-11-14 00:00:00+05:30,64.5,65.80000305175781,64.0999984741211,65.5,386916,0.0,0.0,HEMIPROP.NS,Hemisphere Properties India Limited,Real Estate,Real Estate - Diversified,39352836096,,0.176,,242.0,111.03
2020-11-17 00:00:00+05:30,66.94999694824219,66.94999694824219,63.599998474121094,63.95000076293945,784011,0.0,0.0,HEMIPROP.NS,Hemisphere Properties India Limited,Real Estate,Real Estate - Diversified,39352836096,,0.176,,242.0,111.03
2020-11-18 00:00:00+05:30,64.25,71.5999984741211,63.54999923706055,67.30000305175781,3212792,0.0,0.0,HEMIPROP.NS,Hemisphere Properties India Limited,Real Estate,Real Estate - Diversified,39352836096,,0.176,,242.0,111.03
2020-11-19 00:00:00+05:30,67.94999694824219,70.8499984741211,66.0,66.8499984741211,1820774,0.0,0.0,HEMIPROP.NS,Hemisphere Properties India Limited,Real Estate,Real Estate - Diversified,39352836096,,0.176,,242.0,111.03
2020-11-20 00:00:00+05:30,67.69999694824219,68.0,64.5,65.3499984741211,785949,0.0,0.0,HEMIPROP.NS,Hemisphere Properties India Limited,Real Estate,Real Estate - Diversified,39352836096,,0.176,,242.0,111.03
2020-11-23 00:00:00+05:30,66.5,66.5,64.5,64.8499984741211,529633,0.0,0.0,HEMIPROP.NS,Hemisphere Properties India Limited,Real Estate,Real Estate - Diversified,39352836096,,0.176,,242.0,111.03
2020-11-24 00:00:00+05:30,66.0,66.0,63.599998474121094,63.79999923706055,447726,0.0,0.0,HEMIPROP.NS,Hemisphere Properties India Limited,Real Estate,Real Estate - Diversified,39352836096,,0.176,,242.0,111.03
2020-11-25 00:00:00+05:30,64.9000015258789,64.9000015258789,62.0,63.04999923706055,658856,0.0,0.0,HEMIPROP.NS,Hemisphere Properties India Limited,Real Estate,Real Estate - Diversified,39352836096,,0.176,,242.0,111.03
2020-11-26 00:00:00+05:30,63.900001525878906,64.80000305175781,62.29999923706055,62.900001525878906,768206,0.0,0.0,HEMIPROP.NS,Hemisphere Properties India Limited,Real Estate,Real Estate - Diversified,39352836096,,0.176,,242.0,111.03
2020-11-27 00:00:00+05:30,63.150001525878906,63.5,62.70000076293945,63.04999923706055,1653062,0.0,0.0,HEMIPROP.NS,Hemisphere Properties India Limited,Real Estate,Real Estate - Diversified,39352836096,,0.176,,242.0,111.03
2020-12-01 00:00:00+05:30,63.79999923706055,67.1500015258789,63.400001525878906,64.19999694824219,5490225,0.0,0.0,HEMIPROP.NS,Hemisphere Properties India Limited,Real Estate,Real Estate - Diversified,39352836096,,0.176,,242.0,111.03
2020-12-02 00:00:00+05:30,64.0,73.9000015258789,63.5,72.80000305175781,10245492,0.0,0.0,HEMIPROP.NS,Hemisphere Properties India Limited,Real Estate,Real Estate - Diversified,39352836096,,0.176,,242.0,111.03
2020-12-03 00:00:00+05:30,75.0,80.5,73.5999984741211,76.25,7007756,0.0,0.0,HEMIPROP.NS,Hemisphere Properties India Limited,Real Estate,Real Estate - Diversified,39352836096,,0.176,,242.0,111.03
2020-12-04 00:00:00+05:30,77.0,77.0,72.30000305175781,74.69999694824219,2102260,0.0,0.0,HEMIPROP.NS,Hemisphere Properties India Limited,Real Estate,Real Estate - Diversified,39352836096,,0.176,,242.0,111.03
2020-12-07 00:00:00+05:30,75.75,76.3499984741211,72.9000015258789,75.0,2784478,0.0,0.0,HEMIPROP.NS,Hemisphere Properties India Limited,Real Estate,Real Estate - Diversified,39352836096,,0.176,,242.0,111.03
2020-12-08 00:00:00+05:30,79.0,82.0,76.4000015258789,78.6500015258789,9195559,0.0,0.0,HEMIPROP.NS,Hemisphere Properties India Limited,Real Estate,Real Estate - Diversified,39352836096,,0.176,,242.0,111.03
2020-12-09 00:00:00+05:30,79.5999984741211,79.5999984741211,77.19999694824219,77.6500015258789,1800850,0.0,0.0,HEMIPROP.NS,Hemisphere Properties India Limited,Real Estate,Real Estate - Diversified,39352836096,,0.176,,242.0,111.03
2020-12-10 00:00:00+05:30,76.5,77.55000305175781,74.0999984741211,75.3499984741211,1368248,0.0,0.0,HEMIPROP.NS,Hemisphere Properties India Limited,Real Estate,Real Estate - Diversified,39352836096,,0.176,,242.0,111.03
2020-12-11 00:00:00+05:30,75.05000305175781,81.8499984741211,75.05000305175781,76.69999694824219,3228071,0.0,0.0,HEMIPROP.NS,Hemisphere Properties India Limited,Real Estate,Real Estate - Diversified,39352836096,,0.176,,242.0,111.03
2020-12-14 00:00:00+05:30,77.9000015258789,79.0,75.0999984741211,78.4000015258789,1932148,0.0,0.0,HEMIPROP.NS,Hemisphere Properties India Limited,Real Estate,Real Estate - Diversified,39352836096,,0.176,,242.0,111.03
2020-12-15 00:00:00+05:30,78.75,78.75,76.0999984741211,76.44999694824219,1117710,0.0,0.0,HEMIPROP.NS,Hemisphere Properties India Limited,Real Estate,Real Estate - Diversified,39352836096,,0.176,,242.0,111.03
2020-12-16 00:00:00+05:30,78.0,79.0,76.5999984741211,77.30000305175781,1853079,0.0,0.0,HEMIPROP.NS,Hemisphere Properties India Limited,Real Estate,Real Estate - Diversified,39352836096,,0.176,,242.0,111.03
2020-12-17 00:00:00+05:30,77.55000305175781,78.4000015258789,74.80000305175781,75.3499984741211,1034017,0.0,0.0,HEMIPROP.NS,Hemisphere Properties India Limited,Real Estate,Real Estate - Diversified,39352836096,,0.176,,242.0,111.03
2020-12-18 00:00:00+05:30,75.5,75.8499984741211,72.5,72.69999694824219,1640048,0.0,0.0,HEMIPROP.NS,Hemisphere Properties India Limited,Real Estate,Real Estate - Diversified,39352836096,,0.176,,242.0,111.03
2020-12-21 00:00:00+05:30,73.30000305175781,73.5,66.0,67.5,1586682,0.0,0.0,HEMIPROP.NS,Hemisphere Properties India Limited,Real Estate,Real Estate - Diversified,39352836096,,0.176,,242.0,111.03
2020-12-22 00:00:00+05:30,69.05000305175781,71.80000305175781,64.5,71.05000305175781,1133484,0.0,0.0,HEMIPROP.NS,Hemisphere Properties India Limited,Real Estate,Real Estate - Diversified,39352836096,,0.176,,242.0,111.03
2020-12-23 00:00:00+05:30,71.5999984741211,72.0,70.69999694824219,71.94999694824219,474778,0.0,0.0,HEMIPROP.NS,Hemisphere Properties India Limited,Real Estate,Real Estate - Diversified,39352836096,,0.176,,242.0,111.03
2020-12-24 00:00:00+05:30,72.25,73.0999984741211,70.69999694824219,71.44999694824219,755915,0.0,0.0,HEMIPROP.NS,Hemisphere Properties India Limited,Real Estate,Real Estate - Diversified,39352836096,,0.176,,242.0,111.03
2020-12-28 00:00:00+05:30,71.75,72.4000015258789,69.80000305175781,70.69999694824219,595902,0.0,0.0,HEMIPROP.NS,Hemisphere Properties India Limited,Real Estate,Real Estate - Diversified,39352836096,,0.176,,242.0,111.03
2020-12-29 00:00:00+05:30,71.0,74.80000305175781,70.0,73.55000305175781,2776380,0.0,0.0,HEMIPROP.NS,Hemisphere Properties India Limited,Real Estate,Real Estate - Diversified,39352836096,,0.176,,242.0,111.03
2020-12-30 00:00:00+05:30,74.69999694824219,88.25,72.5,88.25,10574707,0.0,0.0,HEMIPROP.NS,Hemisphere Properties India Limited,Real Estate,Real Estate - Diversified,39352836096,,0.176,,242.0,111.03
2020-12-31 00:00:00+05:30,97.30000305175781,102.69999694824219,92.69999694824219,95.05000305175781,15363123,0.0,0.0,HEMIPROP.NS,Hemisphere Properties India Limited,Real Estate,Real Estate - Diversified,39352836096,,0.176,,242.0,111.03
2021-01-01 00:00:00+05:30,95.94999694824219,96.0,90.25,91.80000305175781,4425308,0.0,0.0,HEMIPROP.NS,Hemisphere Properties India Limited,Real Estate,Real Estate - Diversified,39352836096,,0.176,,242.0,111.03
2021-01-04 00:00:00+05:30,92.69999694824219,93.55000305175781,88.30000305175781,89.05000305175781,3622465,0.0,0.0,HEMIPROP.NS,Hemisphere Properties India Limited,Real Estate,Real Estate - Diversified,39352836096,,0.176,,242.0,111.03
2021-01-05 00:00:00+05:30,88.5,97.0,88.0,91.5999984741211,4280511,0.0,0.0,HEMIPROP.NS,Hemisphere Properties India Limited,Real Estate,Real Estate - Diversified,39352836096,,0.176,,242.0,111.03
2021-01-06 00:00:00+05:30,92.4000015258789,92.8499984741211,88.4000015258789,89.94999694824219,2925371,0.0,0.0,HEMIPROP.NS,Hemisphere Properties India Limited,Real Estate,Real Estate - Diversified,39352836096,,0.176,,242.0,111.03
2021-01-07 00:00:00+05:30,91.80000305175781,97.0,89.19999694824219,94.4000015258789,10252941,0.0,0.0,HEMIPROP.NS,Hemisphere Properties India Limited,Real Estate,Real Estate - Diversified,39352836096,,0.176,,242.0,111.03
2021-01-08 00:00:00+05:30,98.6500015258789,113.25,96.5,112.5999984741211,20949147,0.0,0.0,HEMIPROP.NS,Hemisphere Properties India Limited,Real Estate,Real Estate - Diversified,39352836096,,0.176,,242.0,111.03
2021-01-11 00:00:00+05:30,117.19999694824219,124.44999694824219,108.6500015258789,119.5999984741211,12226351,0.0,0.0,HEMIPROP.NS,Hemisphere Properties India Limited,Real Estate,Real Estate - Diversified,39352836096,,0.176,,242.0,111.03
2021-01-12 00:00:00+05:30,117.94999694824219,131.5500030517578,115.19999694824219,131.10000610351562,9314639,0.0,0.0,HEMIPROP.NS,Hemisphere Properties India Limited,Real Estate,Real Estate - Diversified,39352836096,,0.176,,242.0,111.03
2021-01-13 00:00:00+05:30,130.39999389648438,141.1999969482422,125.05000305175781,134.39999389648438,14188207,0.0,0.0,HEMIPROP.NS,Hemisphere Properties India Limited,Real Estate,Real Estate - Diversified,39352836096,,0.176,,242.0,111.03
2021-01-14 00:00:00+05:30,130.10000610351562,137.3000030517578,127.05000305175781,128.35000610351562,4827136,0.0,0.0,HEMIPROP.NS,Hemisphere Properties India Limited,Real Estate,Real Estate - Diversified,39352836096,,0.176,,242.0,111.03
2021-01-15 00:00:00+05:30,128.5,132.39999389648438,124.0999984741211,130.4499969482422,5172920,0.0,0.0,HEMIPROP.NS,Hemisphere Properties India Limited,Real Estate,Real Estate - Diversified,39352836096,,0.176,,242.0,111.03
2021-01-18 00:00:00+05:30,132.0,143.4499969482422,127.5999984741211,141.39999389648438,10830093,0.0,0.0,HEMIPROP.NS,Hemisphere Properties India Limited,Real Estate,Real Estate - Diversified,39352836096,,0.176,,242.0,111.03
2021-01-19 00:00:00+05:30,145.5,152.10000610351562,142.75,144.64999389648438,7256537,0.0,0.0,HEMIPROP.NS,Hemisphere Properties India Limited,Real Estate,Real Estate - Diversified,39352836096,,0.176,,242.0,111.03
2021-01-20 00:00:00+05:30,147.0,149.0,141.5,143.10000610351562,2989231,0.0,0.0,HEMIPROP.NS,Hemisphere Properties India Limited,Real Estate,Real Estate - Diversified,39352836096,,0.176,,242.0,111.03
2021-01-21 00:00:00+05:30,145.0,152.4499969482422,140.10000610351562,143.0500030517578,5986760,0.0,0.0,HEMIPROP.NS,Hemisphere Properties India Limited,Real Estate,Real Estate - Diversified,39352836096,,0.176,,242.0,111.03
2021-01-22 00:00:00+05:30,144.1999969482422,149.1999969482422,133.4499969482422,137.60000610351562,4614014,0.0,0.0,HEMIPROP.NS,Hemisphere Properties India Limited,Real Estate,Real Estate - Diversified,39352836096,,0.176,,242.0,111.03
2021-01-25 00:00:00+05:30,139.85000610351562,142.39999389648438,133.25,136.5500030517578,2355812,0.0,0.0,HEMIPROP.NS,Hemisphere Properties India Limited,Real Estate,Real Estate - Diversified,39352836096,,0.176,,242.0,111.03
2021-01-27 00:00:00+05:30,137.39999389648438,137.39999389648438,129.5,130.9499969482422,1700923,0.0,0.0,HEMIPROP.NS,Hemisphere Properties India Limited,Real Estate,Real Estate - Diversified,39352836096,,0.176,,242.0,111.03
2021-01-28 00:00:00+05:30,127.5,134.25,127.0999984741211,131.60000610351562,2017159,0.0,0.0,HEMIPROP.NS,Hemisphere Properties India Limited,Real Estate,Real Estate - Diversified,39352836096,,0.176,,242.0,111.03
2021-01-29 00:00:00+05:30,133.0,143.5,133.0,139.64999389648438,4579882,0.0,0.0,HEMIPROP.NS,Hemisphere Properties India Limited,Real Estate,Real Estate - Diversified,39352836096,,0.176,,242.0,111.03
2021-02-01 00:00:00+05:30,141.10000610351562,151.0,139.64999389648438,147.14999389648438,4424578,0.0,0.0,HEMIPROP.NS,Hemisphere Properties India Limited,Real Estate,Real Estate - Diversified,39352836096,,0.176,,242.0,111.03
2021-02-02 00:00:00+05:30,144.6999969482422,149.0,140.39999389648438,141.35000610351562,998338,0.0,0.0,HEMIPROP.NS,Hemisphere Properties India Limited,Real Estate,Real Estate - Diversified,39352836096,,0.176,,242.0,111.03
2021-02-03 00:00:00+05:30,142.0,142.0,135.10000610351562,136.8000030517578,726524,0.0,0.0,HEMIPROP.NS,Hemisphere Properties India Limited,Real Estate,Real Estate - Diversified,39352836096,,0.176,,242.0,111.03
2021-02-04 00:00:00+05:30,139.0,143.60000610351562,136.0,143.60000610351562,420690,0.0,0.0,HEMIPROP.NS,Hemisphere Properties India Limited,Real Estate,Real Estate - Diversified,39352836096,,0.176,,242.0,111.03
2021-02-05 00:00:00+05:30,146.5,150.75,144.0,150.75,1389933,0.0,0.0,HEMIPROP.NS,Hemisphere Properties India Limited,Real Estate,Real Estate - Diversified,39352836096,,0.176,,242.0,111.03
2021-02-08 00:00:00+05:30,158.25,158.25,158.25,158.25,327982,0.0,0.0,HEMIPROP.NS,Hemisphere Properties India Limited,Real Estate,Real Estate - Diversified,39352836096,,0.176,,242.0,111.03
2021-02-09 00:00:00+05:30,166.14999389648438,166.14999389648438,166.14999389648438,166.14999389648438,201694,0.0,0.0,HEMIPROP.NS,Hemisphere Properties India Limited,Real Estate,Real Estate - Diversified,39352836096,,0.176,,242.0,111.03
2021-02-10 00:00:00+05:30,168.0,174.4499969482422,157.85000610351562,174.35000610351562,3166492,0.0,0.0,HEMIPROP.NS,Hemisphere Properties India Limited,Real Estate,Real Estate - Diversified,39352836096,,0.176,,242.0,111.03
2021-02-11 00:00:00+05:30,175.0,183.0500030517578,175.0,183.0500030517578,1278368,0.0,0.0,HEMIPROP.NS,Hemisphere Properties India Limited,Real Estate,Real Estate - Diversified,39352836096,,0.176,,242.0,111.03
2021-02-12 00:00:00+05:30,191.39999389648438,192.1999969482422,189.0,192.1999969482422,813408,0.0,0.0,HEMIPROP.NS,Hemisphere Properties India Limited,Real Estate,Real Estate - Diversified,39352836096,,0.176,,242.0,111.03
2021-02-15 00:00:00+05:30,201.8000030517578,201.8000030517578,184.0,198.6999969482422,2986959,0.0,0.0,HEMIPROP.NS,Hemisphere Properties India Limited,Real Estate,Real Estate - Diversified,39352836096,,0.176,,242.0,111.03
2021-02-16 00:00:00+05:30,194.0,195.6999969482422,188.8000030517578,188.8000030517578,1610919,0.0,0.0,HEMIPROP.NS,Hemisphere Properties India Limited,Real Estate,Real Estate - Diversified,39352836096,,0.176,,242.0,111.03
2021-02-17 00:00:00+05:30,181.0,182.5500030517578,179.39999389648438,179.39999389648438,372091,0.0,0.0,HEMIPROP.NS,Hemisphere Properties India Limited,Real Estate,Real Estate - Diversified,39352836096,,0.176,,242.0,111.03
2021-02-18 00:00:00+05:30,170.4499969482422,188.35000610351562,170.4499969482422,187.0,1454104,0.0,0.0,HEMIPROP.NS,Hemisphere Properties India Limited,Real Estate,Real Estate - Diversified,39352836096,,0.176,,242.0,111.03
2021-02-19 00:00:00+05:30,182.0,191.8000030517578,177.64999389648438,179.1999969482422,752351,0.0,0.0,HEMIPROP.NS,Hemisphere Properties India Limited,Real Estate,Real Estate - Diversified,39352836096,,0.176,,242.0,111.03
2021-02-22 00:00:00+05:30,181.5,188.0,171.0,176.3000030517578,1148194,0.0,0.0,HEMIPROP.NS,Hemisphere Properties India Limited,Real Estate,Real Estate - Diversified,39352836096,,0.176,,242.0,111.03
2021-02-23 00:00:00+05:30,178.89999389648438,183.25,175.0,176.60000610351562,424531,0.0,0.0,HEMIPROP.NS,Hemisphere Properties India Limited,Real Estate,Real Estate - Diversified,39352836096,,0.176,,242.0,111.03
2021-02-24 00:00:00+05:30,182.3000030517578,183.89999389648438,177.64999389648438,178.9499969482422,293626,0.0,0.0,HEMIPROP.NS,Hemisphere Properties India Limited,Real Estate,Real Estate - Diversified,39352836096,,0.176,,242.0,111.03
2021-02-25 00:00:00+05:30,180.0,182.6999969482422,175.0,175.60000610351562,1268353,0.0,0.0,HEMIPROP.NS,Hemisphere Properties India Limited,Real Estate,Real Estate - Diversified,39352836096,,0.176,,242.0,111.03
2021-02-26 00:00:00+05:30,172.39999389648438,180.0,170.0500030517578,175.10000610351562,356320,0.0,0.0,HEMIPROP.NS,Hemisphere Properties India Limited,Real Estate,Real Estate - Diversified,39352836096,,0.176,,242.0,111.03
2021-03-01 00:00:00+05:30,182.0,183.0,172.0,173.0500030517578,753189,0.0,0.0,HEMIPROP.NS,Hemisphere Properties India Limited,Real Estate,Real Estate - Diversified,39352836096,,0.176,,242.0,111.03
2021-03-02 00:00:00+05:30,174.9499969482422,176.39999389648438,170.0,171.25,351826,0.0,0.0,HEMIPROP.NS,Hemisphere Properties India Limited,Real Estate,Real Estate - Diversified,39352836096,,0.176,,242.0,111.03
2021-03-03 00:00:00+05:30,172.1999969482422,174.89999389648438,170.0,171.3000030517578,363894,0.0,0.0,HEMIPROP.NS,Hemisphere Properties India Limited,Real Estate,Real Estate - Diversified,39352836096,,0.176,,242.0,111.03
2021-03-04 00:00:00+05:30,170.0,171.0,166.0,168.25,1367908,0.0,0.0,HEMIPROP.NS,Hemisphere Properties India Limited,Real Estate,Real Estate - Diversified,39352836096,,0.176,,242.0,111.03
2021-03-05 00:00:00+05:30,166.0,169.0,160.60000610351562,163.25,413337,0.0,0.0,HEMIPROP.NS,Hemisphere Properties India Limited,Real Estate,Real Estate - Diversified,39352836096,,0.176,,242.0,111.03
2021-03-08 00:00:00+05:30,164.64999389648438,169.0,164.25,166.75,342505,0.0,0.0,HEMIPROP.NS,Hemisphere Properties India Limited,Real Estate,Real Estate - Diversified,39352836096,,0.176,,242.0,111.03
2021-03-09 00:00:00+05:30,168.1999969482422,168.25,158.4499969482422,160.64999389648438,583671,0.0,0.0,HEMIPROP.NS,Hemisphere Properties India Limited,Real Estate,Real Estate - Diversified,39352836096,,0.176,,242.0,111.03
2021-03-10 00:00:00+05:30,164.0,164.89999389648438,154.5,155.5,438399,0.0,0.0,HEMIPROP.NS,Hemisphere Properties India Limited,Real Estate,Real Estate - Diversified,39352836096,,0.176,,242.0,111.03
2021-03-12 00:00:00+05:30,156.8000030517578,163.25,154.0,163.25,478542,0.0,0.0,HEMIPROP.NS,Hemisphere Properties India Limited,Real Estate,Real Estate - Diversified,39352836096,,0.176,,242.0,111.03
2021-03-15 00:00:00+05:30,163.9499969482422,170.39999389648438,158.0,167.64999389648438,729881,0.0,0.0,HEMIPROP.NS,Hemisphere Properties India Limited,Real Estate,Real Estate - Diversified,39352836096,,0.176,,242.0,111.03
2021-03-16 00:00:00+05:30,169.0,170.39999389648438,163.64999389648438,165.1999969482422,291906,0.0,0.0,HEMIPROP.NS,Hemisphere Properties India Limited,Real Estate,Real Estate - Diversified,39352836096,,0.176,,242.0,111.03
2021-03-17 00:00:00+05:30,166.0,166.0,156.9499969482422,157.1999969482422,367821,0.0,0.0,HEMIPROP.NS,Hemisphere Properties India Limited,Real Estate,Real Estate - Diversified,39352836096,,0.176,,242.0,111.03
2021-03-18 00:00:00+05:30,159.8000030517578,164.0,150.0,151.35000610351562,415117,0.0,0.0,HEMIPROP.NS,Hemisphere Properties India Limited,Real Estate,Real Estate - Diversified,39352836096,,0.176,,242.0,111.03
2021-03-19 00:00:00+05:30,149.35000610351562,155.0,143.85000610351562,152.25,822020,0.0,0.0,HEMIPROP.NS,Hemisphere Properties India Limited,Real Estate,Real Estate - Diversified,39352836096,,0.176,,242.0,111.03
2021-03-22 00:00:00+05:30,153.0,153.85000610351562,146.5,148.60000610351562,329032,0.0,0.0,HEMIPROP.NS,Hemisphere Properties India Limited,Real Estate,Real Estate - Diversified,39352836096,,0.176,,242.0,111.03
2021-03-23 00:00:00+05:30,154.0,154.0500030517578,148.8000030517578,149.60000610351562,403743,0.0,0.0,HEMIPROP.NS,Hemisphere Properties India Limited,Real Estate,Real Estate - Diversified,39352836096,,0.176,,242.0,111.03
2021-03-24 00:00:00+05:30,149.35000610351562,152.0,142.14999389648438,142.4499969482422,618435,0.0,0.0,HEMIPROP.NS,Hemisphere Properties India Limited,Real Estate,Real Estate - Diversified,39352836096,,0.176,,242.0,111.03
2021-03-25 00:00:00+05:30,143.1999969482422,143.1999969482422,135.35000610351562,136.4499969482422,670481,0.0,0.0,HEMIPROP.NS,Hemisphere Properties India Limited,Real Estate,Real Estate - Diversified,39352836096,,0.176,,242.0,111.03
2021-03-26 00:00:00+05:30,140.0,142.39999389648438,138.0,138.39999389648438,347394,0.0,0.0,HEMIPROP.NS,Hemisphere Properties India Limited,Real Estate,Real Estate - Diversified,39352836096,,0.176,,242.0,111.03
2021-03-30 00:00:00+05:30,141.89999389648438,143.89999389648438,132.0,138.1999969482422,691459,0.0,0.0,HEMIPROP.NS,Hemisphere Properties India Limited,Real Estate,Real Estate - Diversified,39352836096,,0.176,,242.0,111.03
2021-03-31 00:00:00+05:30,138.89999389648438,142.6999969482422,135.35000610351562,137.4499969482422,271587,0.0,0.0,HEMIPROP.NS,Hemisphere Properties India Limited,Real Estate,Real Estate - Diversified,39352836096,,0.176,,242.0,111.03
2021-04-01 00:00:00+05:30,140.0,144.3000030517578,138.5,144.3000030517578,451889,0.0,0.0,HEMIPROP.NS,Hemisphere Properties India Limited,Real Estate,Real Estate - Diversified,39352836096,,0.176,,242.0,111.03
2021-04-05 00:00:00+05:30,145.8000030517578,151.5,143.0,151.5,814554,0.0,0.0,HEMIPROP.NS,Hemisphere Properties India Limited,Real Estate,Real Estate - Diversified,39352836096,,0.176,,242.0,111.03
2021-04-06 00:00:00+05:30,157.8000030517578,159.0500030517578,152.64999389648438,156.5500030517578,824924,0.0,0.0,HEMIPROP.NS,Hemisphere Properties India Limited,Real Estate,Real Estate - Diversified,39352836096,,0.176,,242.0,111.03
2021-04-07 00:00:00+05:30,156.9499969482422,157.60000610351562,148.75,148.75,578739,0.0,0.0,HEMIPROP.NS,Hemisphere Properties India Limited,Real Estate,Real Estate - Diversified,39352836096,,0.176,,242.0,111.03
2021-04-08 00:00:00+05:30,146.25,153.89999389648438,143.39999389648438,145.85000610351562,333394,0.0,0.0,HEMIPROP.NS,Hemisphere Properties India Limited,Real Estate,Real Estate - Diversified,39352836096,,0.176,,242.0,111.03
2021-04-09 00:00:00+05:30,147.0,147.0,141.0,143.35000610351562,257068,0.0,0.0,HEMIPROP.NS,Hemisphere Properties India Limited,Real Estate,Real Estate - Diversified,39352836096,,0.176,,242.0,111.03
2021-04-12 00:00:00+05:30,139.0,140.8000030517578,136.1999969482422,136.3000030517578,443058,0.0,0.0,HEMIPROP.NS,Hemisphere Properties India Limited,Real Estate,Real Estate - Diversified,39352836096,,0.176,,242.0,111.03
2021-04-13 00:00:00+05:30,135.0,139.0,132.0,136.8000030517578,186623,0.0,0.0,HEMIPROP.NS,Hemisphere Properties India Limited,Real Estate,Real Estate - Diversified,39352836096,,0.176,,242.0,111.03
2021-04-15 00:00:00+05:30,139.0,139.0,131.10000610351562,134.0500030517578,266667,0.0,0.0,HEMIPROP.NS,Hemisphere Properties India Limited,Real Estate,Real Estate - Diversified,39352836096,,0.176,,242.0,111.03
2021-04-16 00:00:00+05:30,134.0500030517578,137.0500030517578,131.5,132.89999389648438,195044,0.0,0.0,HEMIPROP.NS,Hemisphere Properties India Limited,Real Estate,Real Estate - Diversified,39352836096,,0.176,,242.0,111.03
2021-04-19 00:00:00+05:30,130.0,130.0,126.30000305175781,126.75,360033,0.0,0.0,HEMIPROP.NS,Hemisphere Properties India Limited,Real Estate,Real Estate - Diversified,39352836096,,0.176,,242.0,111.03
2021-04-20 00:00:00+05:30,127.5999984741211,132.0,125.05000305175781,128.0500030517578,276644,0.0,0.0,HEMIPROP.NS,Hemisphere Properties India Limited,Real Estate,Real Estate - Diversified,39352836096,,0.176,,242.0,111.03
2021-04-22 00:00:00+05:30,126.5,134.4499969482422,124.0,134.4499969482422,546707,0.0,0.0,HEMIPROP.NS,Hemisphere Properties India Limited,Real Estate,Real Estate - Diversified,39352836096,,0.176,,242.0,111.03
2021-04-23 00:00:00+05:30,137.0,138.89999389648438,131.0,131.8000030517578,279870,0.0,0.0,HEMIPROP.NS,Hemisphere Properties India Limited,Real Estate,Real Estate - Diversified,39352836096,,0.176,,242.0,111.03
2021-04-26 00:00:00+05:30,134.8000030517578,138.35000610351562,134.0,138.35000610351562,579683,0.0,0.0,HEMIPROP.NS,Hemisphere Properties India Limited,Real Estate,Real Estate - Diversified,39352836096,,0.176,,242.0,111.03
2021-04-27 00:00:00+05:30,141.5,145.25,138.0500030517578,142.89999389648438,1025560,0.0,0.0,HEMIPROP.NS,Hemisphere Properties India Limited,Real Estate,Real Estate - Diversified,39352836096,,0.176,,242.0,111.03
2021-04-28 00:00:00+05:30,143.8000030517578,144.0500030517578,136.0500030517578,137.39999389648438,489056,0.0,0.0,HEMIPROP.NS,Hemisphere Properties India Limited,Real Estate,Real Estate - Diversified,39352836096,,0.176,,242.0,111.03
2021-04-29 00:00:00+05:30,138.3000030517578,138.8000030517578,132.0,134.35000610351562,340419,0.0,0.0,HEMIPROP.NS,Hemisphere Properties India Limited,Real Estate,Real Estate - Diversified,39352836096,,0.176,,242.0,111.03
2021-04-30 00:00:00+05:30,133.0,134.64999389648438,131.0,131.4499969482422,458452,0.0,0.0,HEMIPROP.NS,Hemisphere Properties India Limited,Real Estate,Real Estate - Diversified,39352836096,,0.176,,242.0,111.03
2021-05-03 00:00:00+05:30,129.0,133.75,129.0,130.25,404027,0.0,0.0,HEMIPROP.NS,Hemisphere Properties India Limited,Real Estate,Real Estate - Diversified,39352836096,,0.176,,242.0,111.03
2021-05-04 00:00:00+05:30,131.0,136.4499969482422,130.1999969482422,131.0,492280,0.0,0.0,HEMIPROP.NS,Hemisphere Properties India Limited,Real Estate,Real Estate - Diversified,39352836096,,0.176,,242.0,111.03
2021-05-05 00:00:00+05:30,132.0,136.35000610351562,130.3000030517578,132.25,371522,0.0,0.0,HEMIPROP.NS,Hemisphere Properties India Limited,Real Estate,Real Estate - Diversified,39352836096,,0.176,,242.0,111.03
2021-05-06 00:00:00+05:30,132.25,134.6999969482422,131.0,132.10000610351562,260670,0.0,0.0,HEMIPROP.NS,Hemisphere Properties India Limited,Real Estate,Real Estate - Diversified,39352836096,,0.176,,242.0,111.03
2021-05-07 00:00:00+05:30,132.89999389648438,138.6999969482422,131.39999389648438,134.10000610351562,1448883,0.0,0.0,HEMIPROP.NS,Hemisphere Properties India Limited,Real Estate,Real Estate - Diversified,39352836096,,0.176,,242.0,111.03
2021-05-10 00:00:00+05:30,135.0500030517578,135.8000030517578,132.0,132.35000610351562,505974,0.0,0.0,HEMIPROP.NS,Hemisphere Properties India Limited,Real Estate,Real Estate - Diversified,39352836096,,0.176,,242.0,111.03
2021-05-11 00:00:00+05:30,131.60000610351562,136.89999389648438,131.0,132.35000610351562,577479,0.0,0.0,HEMIPROP.NS,Hemisphere Properties India Limited,Real Estate,Real Estate - Diversified,39352836096,,0.176,,242.0,111.03
2021-05-12 00:00:00+05:30,133.0,138.89999389648438,132.5,134.5,946495,0.0,0.0,HEMIPROP.NS,Hemisphere Properties India Limited,Real Estate,Real Estate - Diversified,39352836096,,0.176,,242.0,111.03
2021-05-14 00:00:00+05:30,136.8000030517578,136.8000030517578,127.80000305175781,130.75,582542,0.0,0.0,HEMIPROP.NS,Hemisphere Properties India Limited,Real Estate,Real Estate - Diversified,39352836096,,0.176,,242.0,111.03
2021-05-17 00:00:00+05:30,131.5,133.9499969482422,130.5,132.39999389648438,320353,0.0,0.0,HEMIPROP.NS,Hemisphere Properties India Limited,Real Estate,Real Estate - Diversified,39352836096,,0.176,,242.0,111.03
2021-05-18 00:00:00+05:30,134.0,136.5,131.5,132.3000030517578,460445,0.0,0.0,HEMIPROP.NS,Hemisphere Properties India Limited,Real Estate,Real Estate - Diversified,39352836096,,0.176,,242.0,111.03
2021-05-19 00:00:00+05:30,132.89999389648438,133.8000030517578,131.64999389648438,131.85000610351562,298428,0.0,0.0,HEMIPROP.NS,Hemisphere Properties India Limited,Real Estate,Real Estate - Diversified,39352836096,,0.176,,242.0,111.03
2021-05-20 00:00:00+05:30,132.0,135.39999389648438,131.0500030517578,133.5,475339,0.0,0.0,HEMIPROP.NS,Hemisphere Properties India Limited,Real Estate,Real Estate - Diversified,39352836096,,0.176,,242.0,111.03
2021-05-21 00:00:00+05:30,134.0,140.14999389648438,134.0,140.14999389648438,1204267,0.0,0.0,HEMIPROP.NS,Hemisphere Properties India Limited,Real Estate,Real Estate - Diversified,39352836096,,0.176,,242.0,111.03
2021-05-24 00:00:00+05:30,147.14999389648438,147.14999389648438,138.5500030517578,140.4499969482422,3074319,0.0,0.0,HEMIPROP.NS,Hemisphere Properties India Limited,Real Estate,Real Estate - Diversified,39352836096,,0.176,,242.0,111.03
2021-05-25 00:00:00+05:30,141.0,144.35000610351562,138.10000610351562,139.0,759587,0.0,0.0,HEMIPROP.NS,Hemisphere Properties India Limited,Real Estate,Real Estate - Diversified,39352836096,,0.176,,242.0,111.03
2021-05-26 00:00:00+05:30,140.0,143.5,139.0,142.3000030517578,603445,0.0,0.0,HEMIPROP.NS,Hemisphere Properties India Limited,Real Estate,Real Estate - Diversified,39352836096,,0.176,,242.0,111.03
2021-05-27 00:00:00+05:30,141.5500030517578,145.39999389648438,135.1999969482422,135.60000610351562,1874316,0.0,0.0,HEMIPROP.NS,Hemisphere Properties India Limited,Real Estate,Real Estate - Diversified,39352836096,,0.176,,242.0,111.03
2021-05-28 00:00:00+05:30,136.0,137.0,131.25,132.39999389648438,1200876,0.0,0.0,HEMIPROP.NS,Hemisphere Properties India Limited,Real Estate,Real Estate - Diversified,39352836096,,0.176,,242.0,111.03
2021-05-31 00:00:00+05:30,135.0,139.0,133.60000610351562,137.0,1137349,0.0,0.0,HEMIPROP.NS,Hemisphere Properties India Limited,Real Estate,Real Estate - Diversified,39352836096,,0.176,,242.0,111.03
2021-06-01 00:00:00+05:30,138.0,138.0,133.10000610351562,134.1999969482422,498988,0.0,0.0,HEMIPROP.NS,Hemisphere Properties India Limited,Real Estate,Real Estate - Diversified,39352836096,,0.176,,242.0,111.03
2021-06-02 00:00:00+05:30,134.8000030517578,137.0,132.39999389648438,133.4499969482422,1279113,0.0,0.0,HEMIPROP.NS,Hemisphere Properties India Limited,Real Estate,Real Estate - Diversified,39352836096,,0.176,,242.0,111.03
2021-06-03 00:00:00+05:30,136.89999389648438,140.10000610351562,133.64999389648438,140.10000610351562,3244910,0.0,0.0,HEMIPROP.NS,Hemisphere Properties India Limited,Real Estate,Real Estate - Diversified,39352836096,,0.176,,242.0,111.03
2021-06-04 00:00:00+05:30,143.75,147.10000610351562,142.3000030517578,147.10000610351562,2552286,0.0,0.0,HEMIPROP.NS,Hemisphere Properties India Limited,Real Estate,Real Estate - Diversified,39352836096,,0.176,,242.0,111.03
2021-06-07 00:00:00+05:30,152.0,161.8000030517578,151.0,161.8000030517578,6023263,0.0,0.0,HEMIPROP.NS,Hemisphere Properties India Limited,Real Estate,Real Estate - Diversified,39352836096,,0.176,,242.0,111.03
2021-06-08 00:00:00+05:30,165.0,167.1999969482422,154.14999389648438,155.60000610351562,3347827,0.0,0.0,HEMIPROP.NS,Hemisphere Properties India Limited,Real Estate,Real Estate - Diversified,39352836096,,0.176,,242.0,111.03
2021-06-09 00:00:00+05:30,157.0,164.25,152.0,153.89999389648438,2152782,0.0,0.0,HEMIPROP.NS,Hemisphere Properties India Limited,Real Estate,Real Estate - Diversified,39352836096,,0.176,,242.0,111.03
2021-06-10 00:00:00+05:30,155.1999969482422,161.64999389648438,155.10000610351562,158.75,1697955,0.0,0.0,HEMIPROP.NS,Hemisphere Properties India Limited,Real Estate,Real Estate - Diversified,39352836096,,0.176,,242.0,111.03
2021-06-11 00:00:00+05:30,159.8000030517578,162.89999389648438,155.6999969482422,156.5,920073,0.0,0.0,HEMIPROP.NS,Hemisphere Properties India Limited,Real Estate,Real Estate - Diversified,39352836096,,0.176,,242.0,111.03
2021-06-14 00:00:00+05:30,156.5,156.5,147.85000610351562,153.25,944721,0.0,0.0,HEMIPROP.NS,Hemisphere Properties India Limited,Real Estate,Real Estate - Diversified,39352836096,,0.176,,242.0,111.03
2021-06-15 00:00:00+05:30,152.0,154.6999969482422,149.5,150.25,1104851,0.0,0.0,HEMIPROP.NS,Hemisphere Properties India Limited,Real Estate,Real Estate - Diversified,39352836096,,0.176,,242.0,111.03
2021-06-16 00:00:00+05:30,150.0,153.1999969482422,146.6999969482422,147.6999969482422,641544,0.0,0.0,HEMIPROP.NS,Hemisphere Properties India Limited,Real Estate,Real Estate - Diversified,39352836096,,0.176,,242.0,111.03
2021-06-17 00:00:00+05:30,143.5,149.5,140.85000610351562,141.85000610351562,918455,0.0,0.0,HEMIPROP.NS,Hemisphere Properties India Limited,Real Estate,Real Estate - Diversified,39352836096,,0.176,,242.0,111.03
2021-06-18 00:00:00+05:30,142.4499969482422,144.89999389648438,137.0,139.89999389648438,787304,0.0,0.0,HEMIPROP.NS,Hemisphere Properties India Limited,Real Estate,Real Estate - Diversified,39352836096,,0.176,,242.0,111.03
2021-06-21 00:00:00+05:30,138.5,147.6999969482422,136.64999389648438,144.6999969482422,885257,0.0,0.0,HEMIPROP.NS,Hemisphere Properties India Limited,Real Estate,Real Estate - Diversified,39352836096,,0.176,,242.0,111.03
2021-06-22 00:00:00+05:30,146.0,151.8000030517578,145.64999389648438,146.0500030517578,943876,0.0,0.0,HEMIPROP.NS,Hemisphere Properties India Limited,Real Estate,Real Estate - Diversified,39352836096,,0.176,,242.0,111.03
2021-06-23 00:00:00+05:30,146.8000030517578,147.10000610351562,143.0,143.25,380648,0.0,0.0,HEMIPROP.NS,Hemisphere Properties India Limited,Real Estate,Real Estate - Diversified,39352836096,,0.176,,242.0,111.03
2021-06-24 00:00:00+05:30,143.89999389648438,145.0,140.0,140.5500030517578,321372,0.0,0.0,HEMIPROP.NS,Hemisphere Properties India Limited,Real Estate,Real Estate - Diversified,39352836096,,0.176,,242.0,111.03
2021-06-25 00:00:00+05:30,141.25,144.5,141.25,142.5500030517578,264663,0.0,0.0,HEMIPROP.NS,Hemisphere Properties India Limited,Real Estate,Real Estate - Diversified,39352836096,,0.176,,242.0,111.03
2021-06-28 00:00:00+05:30,143.0500030517578,143.5,138.75,139.14999389648438,527792,0.0,0.0,HEMIPROP.NS,Hemisphere Properties India Limited,Real Estate,Real Estate - Diversified,39352836096,,0.176,,242.0,111.03
2021-06-29 00:00:00+05:30,140.0,142.0,139.5,139.9499969482422,338071,0.0,0.0,HEMIPROP.NS,Hemisphere Properties India Limited,Real Estate,Real Estate - Diversified,39352836096,,0.176,,242.0,111.03
2021-06-30 00:00:00+05:30,140.8000030517578,141.4499969482422,137.5500030517578,137.9499969482422,414580,0.0,0.0,HEMIPROP.NS,Hemisphere Properties India Limited,Real Estate,Real Estate - Diversified,39352836096,,0.176,,242.0,111.03
2021-07-01 00:00:00+05:30,138.8000030517578,144.89999389648438,137.0500030517578,140.9499969482422,765118,0.0,0.0,HEMIPROP.NS,Hemisphere Properties India Limited,Real Estate,Real Estate - Diversified,39352836096,,0.176,,242.0,111.03
2021-07-02 00:00:00+05:30,141.60000610351562,142.9499969482422,139.5500030517578,140.14999389648438,357180,0.0,0.0,HEMIPROP.NS,Hemisphere Properties India Limited,Real Estate,Real Estate - Diversified,39352836096,,0.176,,242.0,111.03
2021-07-05 00:00:00+05:30,139.5,141.75,138.75,140.1999969482422,589265,0.0,0.0,HEMIPROP.NS,Hemisphere Properties India Limited,Real Estate,Real Estate - Diversified,39352836096,,0.176,,242.0,111.03
2021-07-06 00:00:00+05:30,140.25,154.1999969482422,140.25,150.10000610351562,4517017,0.0,0.0,HEMIPROP.NS,Hemisphere Properties India Limited,Real Estate,Real Estate - Diversified,39352836096,,0.176,,242.0,111.03
2021-07-07 00:00:00+05:30,151.0,155.0,149.0,151.10000610351562,2117872,0.0,0.0,HEMIPROP.NS,Hemisphere Properties India Limited,Real Estate,Real Estate - Diversified,39352836096,,0.176,,242.0,111.03
2021-07-08 00:00:00+05:30,150.5,154.6999969482422,146.10000610351562,147.5500030517578,1119174,0.0,0.0,HEMIPROP.NS,Hemisphere Properties India Limited,Real Estate,Real Estate - Diversified,39352836096,,0.176,,242.0,111.03
2021-07-09 00:00:00+05:30,146.9499969482422,149.6999969482422,145.60000610351562,147.1999969482422,607473,0.0,0.0,HEMIPROP.NS,Hemisphere Properties India Limited,Real Estate,Real Estate - Diversified,39352836096,,0.176,,242.0,111.03
2021-07-12 00:00:00+05:30,148.0500030517578,158.0,147.75,152.64999389648438,2362222,0.0,0.0,HEMIPROP.NS,Hemisphere Properties India Limited,Real Estate,Real Estate - Diversified,39352836096,,0.176,,242.0,111.03
2021-07-13 00:00:00+05:30,154.0500030517578,154.8000030517578,147.4499969482422,149.25,1053799,0.0,0.0,HEMIPROP.NS,Hemisphere Properties India Limited,Real Estate,Real Estate - Diversified,39352836096,,0.176,,242.0,111.03
2021-07-14 00:00:00+05:30,149.75,155.85000610351562,148.5500030517578,150.4499969482422,986508,0.0,0.0,HEMIPROP.NS,Hemisphere Properties India Limited,Real Estate,Real Estate - Diversified,39352836096,,0.176,,242.0,111.03
2021-07-15 00:00:00+05:30,156.0,156.0,149.14999389648438,153.25,1274133,0.0,0.0,HEMIPROP.NS,Hemisphere Properties India Limited,Real Estate,Real Estate - Diversified,39352836096,,0.176,,242.0,111.03
2021-07-16 00:00:00+05:30,154.0,155.0,151.0,152.60000610351562,815724,0.0,0.0,HEMIPROP.NS,Hemisphere Properties India Limited,Real Estate,Real Estate - Diversified,39352836096,,0.176,,242.0,111.03
2021-07-19 00:00:00+05:30,151.5,161.0,150.25,155.25,3007456,0.0,0.0,HEMIPROP.NS,Hemisphere Properties India Limited,Real Estate,Real Estate - Diversified,39352836096,,0.176,,242.0,111.03
2021-07-20 00:00:00+05:30,155.5500030517578,156.14999389648438,146.89999389648438,148.9499969482422,1269915,0.0,0.0,HEMIPROP.NS,Hemisphere Properties India Limited,Real Estate,Real Estate - Diversified,39352836096,,0.176,,242.0,111.03
2021-07-22 00:00:00+05:30,150.5,154.1999969482422,148.1999969482422,148.75,934664,0.0,0.0,HEMIPROP.NS,Hemisphere Properties India Limited,Real Estate,Real Estate - Diversified,39352836096,,0.176,,242.0,111.03
2021-07-23 00:00:00+05:30,149.6999969482422,151.5,146.10000610351562,146.85000610351562,859312,0.0,0.0,HEMIPROP.NS,Hemisphere Properties India Limited,Real Estate,Real Estate - Diversified,39352836096,,0.176,,242.0,111.03
2021-07-26 00:00:00+05:30,147.0,149.6999969482422,143.6999969482422,144.14999389648438,811516,0.0,0.0,HEMIPROP.NS,Hemisphere Properties India Limited,Real Estate,Real Estate - Diversified,39352836096,,0.176,,242.0,111.03
2021-07-27 00:00:00+05:30,145.14999389648438,148.25,142.1999969482422,142.5500030517578,938177,0.0,0.0,HEMIPROP.NS,Hemisphere Properties India Limited,Real Estate,Real Estate - Diversified,39352836096,,0.176,,242.0,111.03
2021-07-28 00:00:00+05:30,143.35000610351562,145.0,140.10000610351562,143.4499969482422,765670,0.0,0.0,HEMIPROP.NS,Hemisphere Properties India Limited,Real Estate,Real Estate - Diversified,39352836096,,0.176,,242.0,111.03
2021-07-29 00:00:00+05:30,143.25,146.89999389648438,142.25,144.60000610351562,995589,0.0,0.0,HEMIPROP.NS,Hemisphere Properties India Limited,Real Estate,Real Estate - Diversified,39352836096,,0.176,,242.0,111.03
2021-07-30 00:00:00+05:30,144.39999389648438,145.64999389648438,142.0,142.5,724502,0.0,0.0,HEMIPROP.NS,Hemisphere Properties India Limited,Real Estate,Real Estate - Diversified,39352836096,,0.176,,242.0,111.03
2021-08-02 00:00:00+05:30,143.64999389648438,148.8000030517578,142.5,145.5,1694454,0.0,0.0,HEMIPROP.NS,Hemisphere Properties India Limited,Real Estate,Real Estate - Diversified,39352836096,,0.176,,242.0,111.03
2021-08-03 00:00:00+05:30,146.0,148.64999389648438,143.0500030517578,143.4499969482422,892457,0.0,0.0,HEMIPROP.NS,Hemisphere Properties India Limited,Real Estate,Real Estate - Diversified,39352836096,,0.176,,242.0,111.03
2021-08-04 00:00:00+05:30,144.35000610351562,145.5,139.5,140.89999389648438,830365,0.0,0.0,HEMIPROP.NS,Hemisphere Properties India Limited,Real Estate,Real Estate - Diversified,39352836096,,0.176,,242.0,111.03
2021-08-05 00:00:00+05:30,141.5,142.5,138.0,139.4499969482422,634448,0.0,0.0,HEMIPROP.NS,Hemisphere Properties India Limited,Real Estate,Real Estate - Diversified,39352836096,,0.176,,242.0,111.03
2021-08-06 00:00:00+05:30,144.0,147.89999389648438,142.5,143.89999389648438,1154411,0.0,0.0,HEMIPROP.NS,Hemisphere Properties India Limited,Real Estate,Real Estate - Diversified,39352836096,,0.176,,242.0,111.03
2021-08-09 00:00:00+05:30,144.5,145.0500030517578,139.5,140.25,412224,0.0,0.0,HEMIPROP.NS,Hemisphere Properties India Limited,Real Estate,Real Estate - Diversified,39352836096,,0.176,,242.0,111.03
2021-08-10 00:00:00+05:30,140.0,141.39999389648438,134.25,136.6999969482422,954134,0.0,0.0,HEMIPROP.NS,Hemisphere Properties India Limited,Real Estate,Real Estate - Diversified,39352836096,,0.176,,242.0,111.03
2021-08-11 00:00:00+05:30,136.89999389648438,137.5,128.89999389648438,134.25,1088882,0.0,0.0,HEMIPROP.NS,Hemisphere Properties India Limited,Real Estate,Real Estate - Diversified,39352836096,,0.176,,242.0,111.03
2021-08-12 00:00:00+05:30,135.0,141.85000610351562,135.0,138.5,807245,0.0,0.0,HEMIPROP.NS,Hemisphere Properties India Limited,Real Estate,Real Estate - Diversified,39352836096,,0.176,,242.0,111.03
2021-08-13 00:00:00+05:30,138.10000610351562,139.4499969482422,134.0,135.0,445478,0.0,0.0,HEMIPROP.NS,Hemisphere Properties India Limited,Real Estate,Real Estate - Diversified,39352836096,,0.176,,242.0,111.03
2021-08-16 00:00:00+05:30,135.0,139.0,134.60000610351562,135.85000610351562,647827,0.0,0.0,HEMIPROP.NS,Hemisphere Properties India Limited,Real Estate,Real Estate - Diversified,39352836096,,0.176,,242.0,111.03
2021-08-17 00:00:00+05:30,135.5,138.75,132.5,133.39999389648438,588082,0.0,0.0,HEMIPROP.NS,Hemisphere Properties India Limited,Real Estate,Real Estate - Diversified,39352836096,,0.176,,242.0,111.03
2021-08-18 00:00:00+05:30,133.9499969482422,134.75,132.14999389648438,132.6999969482422,290840,0.0,0.0,HEMIPROP.NS,Hemisphere Properties India Limited,Real Estate,Real Estate - Diversified,39352836096,,0.176,,242.0,111.03
2021-08-20 00:00:00+05:30,131.1999969482422,132.75,125.05000305175781,127.4000015258789,537906,0.0,0.0,HEMIPROP.NS,Hemisphere Properties India Limited,Real Estate,Real Estate - Diversified,39352836096,,0.176,,242.0,111.03
2021-08-23 00:00:00+05:30,128.5,130.0,121.05000305175781,122.80000305175781,512375,0.0,0.0,HEMIPROP.NS,Hemisphere Properties India Limited,Real Estate,Real Estate - Diversified,39352836096,,0.176,,242.0,111.03
2021-08-24 00:00:00+05:30,123.5999984741211,128.4499969482422,122.69999694824219,127.9000015258789,485086,0.0,0.0,HEMIPROP.NS,Hemisphere Properties India Limited,Real Estate,Real Estate - Diversified,39352836096,,0.176,,242.0,111.03
2021-08-25 00:00:00+05:30,128.10000610351562,131.5,127.9000015258789,128.3000030517578,418620,0.0,0.0,HEMIPROP.NS,Hemisphere Properties India Limited,Real Estate,Real Estate - Diversified,39352836096,,0.176,,242.0,111.03
2021-08-26 00:00:00+05:30,128.89999389648438,128.89999389648438,125.0999984741211,125.5999984741211,364425,0.0,0.0,HEMIPROP.NS,Hemisphere Properties India Limited,Real Estate,Real Estate - Diversified,39352836096,,0.176,,242.0,111.03
2021-08-27 00:00:00+05:30,125.05000305175781,128.35000610351562,124.8499984741211,125.80000305175781,330742,0.0,0.0,HEMIPROP.NS,Hemisphere Properties India Limited,Real Estate,Real Estate - Diversified,39352836096,,0.176,,242.0,111.03
2021-08-30 00:00:00+05:30,126.25,128.3000030517578,123.80000305175781,125.0,671507,0.0,0.0,HEMIPROP.NS,Hemisphere Properties India Limited,Real Estate,Real Estate - Diversified,39352836096,,0.176,,242.0,111.03
2021-08-31 00:00:00+05:30,125.94999694824219,136.0,124.44999694824219,133.9499969482422,1540987,0.0,0.0,HEMIPROP.NS,Hemisphere Properties India Limited,Real Estate,Real Estate - Diversified,39352836096,,0.176,,242.0,111.03
2021-09-01 00:00:00+05:30,135.6999969482422,141.0,133.3000030517578,136.85000610351562,1808794,0.0,0.0,HEMIPROP.NS,Hemisphere Properties India Limited,Real Estate,Real Estate - Diversified,39352836096,,0.176,,242.0,111.03
2021-09-02 00:00:00+05:30,136.5500030517578,138.89999389648438,134.10000610351562,135.3000030517578,828213,0.0,0.0,HEMIPROP.NS,Hemisphere Properties India Limited,Real Estate,Real Estate - Diversified,39352836096,,0.176,,242.0,111.03
2021-09-03 00:00:00+05:30,135.89999389648438,139.89999389648438,135.10000610351562,135.75,768015,0.0,0.0,HEMIPROP.NS,Hemisphere Properties India Limited,Real Estate,Real Estate - Diversified,39352836096,,0.176,,242.0,111.03
2021-09-06 00:00:00+05:30,136.60000610351562,139.4499969482422,134.9499969482422,135.60000610351562,664875,0.0,0.0,HEMIPROP.NS,Hemisphere Properties India Limited,Real Estate,Real Estate - Diversified,39352836096,,0.176,,242.0,111.03
2021-09-07 00:00:00+05:30,135.89999389648438,136.4499969482422,132.0,132.4499969482422,558242,0.0,0.0,HEMIPROP.NS,Hemisphere Properties India Limited,Real Estate,Real Estate - Diversified,39352836096,,0.176,,242.0,111.03
2021-09-08 00:00:00+05:30,132.89999389648438,134.89999389648438,131.64999389648438,132.60000610351562,335768,0.0,0.0,HEMIPROP.NS,Hemisphere Properties India Limited,Real Estate,Real Estate - Diversified,39352836096,,0.176,,242.0,111.03
2021-09-09 00:00:00+05:30,132.6999969482422,134.5,131.10000610351562,131.4499969482422,346159,0.0,0.0,HEMIPROP.NS,Hemisphere Properties India Limited,Real Estate,Real Estate - Diversified,39352836096,,0.176,,242.0,111.03
2021-09-13 00:00:00+05:30,132.3000030517578,134.8000030517578,131.10000610351562,132.10000610351562,393565,0.0,0.0,HEMIPROP.NS,Hemisphere Properties India Limited,Real Estate,Real Estate - Diversified,39352836096,,0.176,,242.0,111.03
2021-09-14 00:00:00+05:30,132.9499969482422,142.5,132.39999389648438,139.6999969482422,2778835,0.0,0.0,HEMIPROP.NS,Hemisphere Properties India Limited,Real Estate,Real Estate - Diversified,39352836096,,0.176,,242.0,111.03
2021-09-15 00:00:00+05:30,140.8000030517578,145.89999389648438,140.5,141.6999969482422,1856309,0.0,0.0,HEMIPROP.NS,Hemisphere Properties India Limited,Real Estate,Real Estate - Diversified,39352836096,,0.176,,242.0,111.03
2021-09-16 00:00:00+05:30,142.0,142.8000030517578,136.60000610351562,136.85000610351562,1121670,0.0,0.0,HEMIPROP.NS,Hemisphere Properties India Limited,Real Estate,Real Estate - Diversified,39352836096,,0.176,,242.0,111.03
2021-09-17 00:00:00+05:30,137.1999969482422,138.8000030517578,132.1999969482422,134.1999969482422,726147,0.0,0.0,HEMIPROP.NS,Hemisphere Properties India Limited,Real Estate,Real Estate - Diversified,39352836096,,0.176,,242.0,111.03
2021-09-20 00:00:00+05:30,132.8000030517578,135.5500030517578,130.6999969482422,131.5,505124,0.0,0.0,HEMIPROP.NS,Hemisphere Properties India Limited,Real Estate,Real Estate - Diversified,39352836096,,0.176,,242.0,111.03
2021-09-21 00:00:00+05:30,131.0,135.39999389648438,130.0,132.0500030517578,574635,0.0,0.0,HEMIPROP.NS,Hemisphere Properties India Limited,Real Estate,Real Estate - Diversified,39352836096,,0.176,,242.0,111.03
2021-09-22 00:00:00+05:30,132.75,142.14999389648438,132.60000610351562,137.60000610351562,2253314,0.0,0.0,HEMIPROP.NS,Hemisphere Properties India Limited,Real Estate,Real Estate - Diversified,39352836096,,0.176,,242.0,111.03
2021-09-23 00:00:00+05:30,139.0,150.9499969482422,138.64999389648438,148.64999389648438,7759468,0.0,0.0,HEMIPROP.NS,Hemisphere Properties India Limited,Real Estate,Real Estate - Diversified,39352836096,,0.176,,242.0,111.03
2021-09-24 00:00:00+05:30,150.4499969482422,152.6999969482422,140.60000610351562,142.64999389648438,3026064,0.0,0.0,HEMIPROP.NS,Hemisphere Properties India Limited,Real Estate,Real Estate - Diversified,39352836096,,0.176,,242.0,111.03
2021-09-27 00:00:00+05:30,143.89999389648438,147.39999389648438,140.5,142.10000610351562,1151994,0.0,0.0,HEMIPROP.NS,Hemisphere Properties India Limited,Real Estate,Real Estate - Diversified,39352836096,,0.176,,242.0,111.03
2021-09-28 00:00:00+05:30,142.8000030517578,145.0,138.35000610351562,140.75,1204023,0.0,0.0,HEMIPROP.NS,Hemisphere Properties India Limited,Real Estate,Real Estate - Diversified,39352836096,,0.176,,242.0,111.03
2021-09-29 00:00:00+05:30,139.39999389648438,142.64999389648438,138.5,139.85000610351562,713930,0.0,0.0,HEMIPROP.NS,Hemisphere Properties India Limited,Real Estate,Real Estate - Diversified,39352836096,,0.176,,242.0,111.03
2021-09-30 00:00:00+05:30,139.85000610351562,144.9499969482422,139.85000610351562,142.5,899785,0.0,0.0,HEMIPROP.NS,Hemisphere Properties India Limited,Real Estate,Real Estate - Diversified,39352836096,,0.176,,242.0,111.03
2021-10-01 00:00:00+05:30,141.0,142.5500030517578,138.60000610351562,139.25,738434,0.0,0.0,HEMIPROP.NS,Hemisphere Properties India Limited,Real Estate,Real Estate - Diversified,39352836096,,0.176,,242.0,111.03
2021-10-04 00:00:00+05:30,140.10000610351562,143.39999389648438,140.10000610351562,141.39999389648438,606269,0.0,0.0,HEMIPROP.NS,Hemisphere Properties India Limited,Real Estate,Real Estate - Diversified,39352836096,,0.176,,242.0,111.03
2021-10-05 00:00:00+05:30,141.0,141.6999969482422,139.0,139.64999389648438,581622,0.0,0.0,HEMIPROP.NS,Hemisphere Properties India Limited,Real Estate,Real Estate - Diversified,39352836096,,0.176,,242.0,111.03
2021-10-06 00:00:00+05:30,140.5,141.0,136.5500030517578,137.0,623299,0.0,0.0,HEMIPROP.NS,Hemisphere Properties India Limited,Real Estate,Real Estate - Diversified,39352836096,,0.176,,242.0,111.03
2021-10-07 00:00:00+05:30,137.9499969482422,144.75,137.89999389648438,141.6999969482422,1417739,0.0,0.0,HEMIPROP.NS,Hemisphere Properties India Limited,Real Estate,Real Estate - Diversified,39352836096,,0.176,,242.0,111.03
2021-10-08 00:00:00+05:30,143.0,143.0,139.0500030517578,139.5,457805,0.0,0.0,HEMIPROP.NS,Hemisphere Properties India Limited,Real Estate,Real Estate - Diversified,39352836096,,0.176,,242.0,111.03
2021-10-11 00:00:00+05:30,140.0,141.5,138.60000610351562,139.14999389648438,633304,0.0,0.0,HEMIPROP.NS,Hemisphere Properties India Limited,Real Estate,Real Estate - Diversified,39352836096,,0.176,,242.0,111.03
2021-10-12 00:00:00+05:30,139.14999389648438,142.10000610351562,138.25,138.9499969482422,615902,0.0,0.0,HEMIPROP.NS,Hemisphere Properties India Limited,Real Estate,Real Estate - Diversified,39352836096,,0.176,,242.0,111.03
2021-10-13 00:00:00+05:30,139.35000610351562,144.8000030517578,139.10000610351562,140.4499969482422,1486980,0.0,0.0,HEMIPROP.NS,Hemisphere Properties India Limited,Real Estate,Real Estate - Diversified,39352836096,,0.176,,242.0,111.03
2021-10-14 00:00:00+05:30,141.0,144.0,140.0,140.85000610351562,993451,0.0,0.0,HEMIPROP.NS,Hemisphere Properties India Limited,Real Estate,Real Estate - Diversified,39352836096,,0.176,,242.0,111.03
2021-10-18 00:00:00+05:30,141.8000030517578,142.8000030517578,138.5500030517578,139.0500030517578,1038656,0.0,0.0,HEMIPROP.NS,Hemisphere Properties India Limited,Real Estate,Real Estate - Diversified,39352836096,,0.176,,242.0,111.03
2021-10-19 00:00:00+05:30,140.0,151.9499969482422,139.14999389648438,144.5500030517578,6168170,0.0,0.0,HEMIPROP.NS,Hemisphere Properties India Limited,Real Estate,Real Estate - Diversified,39352836096,,0.176,,242.0,111.03
2021-10-20 00:00:00+05:30,144.39999389648438,149.89999389648438,140.6999969482422,145.60000610351562,2297482,0.0,0.0,HEMIPROP.NS,Hemisphere Properties India Limited,Real Estate,Real Estate - Diversified,39352836096,,0.176,,242.0,111.03
2021-10-21 00:00:00+05:30,146.5,149.0,142.8000030517578,144.25,1054192,0.0,0.0,HEMIPROP.NS,Hemisphere Properties India Limited,Real Estate,Real Estate - Diversified,39352836096,,0.176,,242.0,111.03
2021-10-22 00:00:00+05:30,144.25,146.4499969482422,139.39999389648438,141.0,800672,0.0,0.0,HEMIPROP.NS,Hemisphere Properties India Limited,Real Estate,Real Estate - Diversified,39352836096,,0.176,,242.0,111.03
2021-10-25 00:00:00+05:30,141.6999969482422,142.3000030517578,136.0,136.9499969482422,608034,0.0,0.0,HEMIPROP.NS,Hemisphere Properties India Limited,Real Estate,Real Estate - Diversified,39352836096,,0.176,,242.0,111.03
2021-10-26 00:00:00+05:30,137.0,140.0,136.9499969482422,138.9499969482422,718650,0.0,0.0,HEMIPROP.NS,Hemisphere Properties India Limited,Real Estate,Real Estate - Diversified,39352836096,,0.176,,242.0,111.03
2021-10-27 00:00:00+05:30,139.39999389648438,141.64999389648438,138.0,138.25,693533,0.0,0.0,HEMIPROP.NS,Hemisphere Properties India Limited,Real Estate,Real Estate - Diversified,39352836096,,0.176,,242.0,111.03
2021-10-28 00:00:00+05:30,138.64999389648438,139.39999389648438,134.5500030517578,135.60000610351562,677071,0.0,0.0,HEMIPROP.NS,Hemisphere Properties India Limited,Real Estate,Real Estate - Diversified,39352836096,,0.176,,242.0,111.03
2021-10-29 00:00:00+05:30,135.39999389648438,137.9499969482422,132.5,134.5,569180,0.0,0.0,HEMIPROP.NS,Hemisphere Properties India Limited,Real Estate,Real Estate - Diversified,39352836096,,0.176,,242.0,111.03
2021-11-01 00:00:00+05:30,135.85000610351562,138.1999969482422,135.10000610351562,136.35000610351562,456406,0.0,0.0,HEMIPROP.NS,Hemisphere Properties India Limited,Real Estate,Real Estate - Diversified,39352836096,,0.176,,242.0,111.03
2021-11-02 00:00:00+05:30,137.0,139.39999389648438,134.0,134.9499969482422,871092,0.0,0.0,HEMIPROP.NS,Hemisphere Properties India Limited,Real Estate,Real Estate - Diversified,39352836096,,0.176,,242.0,111.03
2021-11-03 00:00:00+05:30,135.6999969482422,142.14999389648438,134.64999389648438,138.14999389648438,1152867,0.0,0.0,HEMIPROP.NS,Hemisphere Properties India Limited,Real Estate,Real Estate - Diversified,39352836096,,0.176,,242.0,111.03
2021-11-04 00:00:00+05:30,139.5,145.89999389648438,139.0,143.89999389648438,1212159,0.0,0.0,HEMIPROP.NS,Hemisphere Properties India Limited,Real Estate,Real Estate - Diversified,39352836096,,0.176,,242.0,111.03
2021-11-08 00:00:00+05:30,145.0,147.5,143.0,144.60000610351562,1153233,0.0,0.0,HEMIPROP.NS,Hemisphere Properties India Limited,Real Estate,Real Estate - Diversified,39352836096,,0.176,,242.0,111.03
2021-11-09 00:00:00+05:30,145.0,155.6999969482422,144.14999389648438,152.25,4777739,0.0,0.0,HEMIPROP.NS,Hemisphere Properties India Limited,Real Estate,Real Estate - Diversified,39352836096,,0.176,,242.0,111.03
2021-11-10 00:00:00+05:30,150.0,156.3000030517578,149.6999969482422,153.89999389648438,2984218,0.0,0.0,HEMIPROP.NS,Hemisphere Properties India Limited,Real Estate,Real Estate - Diversified,39352836096,,0.176,,242.0,111.03
2021-11-11 00:00:00+05:30,154.5,154.89999389648438,149.0,150.6999969482422,1561937,0.0,0.0,HEMIPROP.NS,Hemisphere Properties India Limited,Real Estate,Real Estate - Diversified,39352836096,,0.176,,242.0,111.03
2021-11-12 00:00:00+05:30,151.35000610351562,152.3000030517578,146.25,147.1999969482422,794365,0.0,0.0,HEMIPROP.NS,Hemisphere Properties India Limited,Real Estate,Real Estate - Diversified,39352836096,,0.176,,242.0,111.03
2021-11-15 00:00:00+05:30,147.39999389648438,148.0,141.0,141.89999389648438,703420,0.0,0.0,HEMIPROP.NS,Hemisphere Properties India Limited,Real Estate,Real Estate - Diversified,39352836096,,0.176,,242.0,111.03
2021-11-16 00:00:00+05:30,141.9499969482422,145.35000610351562,139.64999389648438,140.3000030517578,967910,0.0,0.0,HEMIPROP.NS,Hemisphere Properties India Limited,Real Estate,Real Estate - Diversified,39352836096,,0.176,,242.0,111.03
2021-11-17 00:00:00+05:30,140.0,143.25,136.89999389648438,138.5500030517578,688230,0.0,0.0,HEMIPROP.NS,Hemisphere Properties India Limited,Real Estate,Real Estate - Diversified,39352836096,,0.176,,242.0,111.03
2021-11-18 00:00:00+05:30,138.3000030517578,140.6999969482422,135.8000030517578,139.14999389648438,806046,0.0,0.0,HEMIPROP.NS,Hemisphere Properties India Limited,Real Estate,Real Estate - Diversified,39352836096,,0.176,,242.0,111.03
2021-11-22 00:00:00+05:30,139.14999389648438,139.89999389648438,130.39999389648438,133.10000610351562,779635,0.0,0.0,HEMIPROP.NS,Hemisphere Properties India Limited,Real Estate,Real Estate - Diversified,39352836096,,0.176,,242.0,111.03
2021-11-23 00:00:00+05:30,132.4499969482422,136.8000030517578,131.85000610351562,134.5500030517578,493624,0.0,0.0,HEMIPROP.NS,Hemisphere Properties India Limited,Real Estate,Real Estate - Diversified,39352836096,,0.176,,242.0,111.03
2021-11-24 00:00:00+05:30,135.0,140.89999389648438,135.0,136.6999969482422,672279,0.0,0.0,HEMIPROP.NS,Hemisphere Properties India Limited,Real Estate,Real Estate - Diversified,39352836096,,0.176,,242.0,111.03
2021-11-25 00:00:00+05:30,136.9499969482422,141.85000610351562,136.6999969482422,140.14999389648438,1027533,0.0,0.0,HEMIPROP.NS,Hemisphere Properties India Limited,Real Estate,Real Estate - Diversified,39352836096,,0.176,,242.0,111.03
2021-11-26 00:00:00+05:30,139.0,139.39999389648438,133.5500030517578,134.35000610351562,620365,0.0,0.0,HEMIPROP.NS,Hemisphere Properties India Limited,Real Estate,Real Estate - Diversified,39352836096,,0.176,,242.0,111.03
2021-11-29 00:00:00+05:30,135.0,135.0500030517578,130.10000610351562,130.35000610351562,559865,0.0,0.0,HEMIPROP.NS,Hemisphere Properties India Limited,Real Estate,Real Estate - Diversified,39352836096,,0.176,,242.0,111.03
2021-11-30 00:00:00+05:30,131.0,134.75,130.5,130.85000610351562,486296,0.0,0.0,HEMIPROP.NS,Hemisphere Properties India Limited,Real Estate,Real Estate - Diversified,39352836096,,0.176,,242.0,111.03
2021-12-01 00:00:00+05:30,132.0,134.3000030517578,131.4499969482422,133.60000610351562,315247,0.0,0.0,HEMIPROP.NS,Hemisphere Properties India Limited,Real Estate,Real Estate - Diversified,39352836096,,0.176,,242.0,111.03
2021-12-02 00:00:00+05:30,133.0,134.14999389648438,130.64999389648438,132.60000610351562,434830,0.0,0.0,HEMIPROP.NS,Hemisphere Properties India Limited,Real Estate,Real Estate - Diversified,39352836096,,0.176,,242.0,111.03
2021-12-03 00:00:00+05:30,132.60000610351562,134.75,132.3000030517578,132.60000610351562,325483,0.0,0.0,HEMIPROP.NS,Hemisphere Properties India Limited,Real Estate,Real Estate - Diversified,39352836096,,0.176,,242.0,111.03
2021-12-06 00:00:00+05:30,133.10000610351562,134.5,131.35000610351562,131.75,378297,0.0,0.0,HEMIPROP.NS,Hemisphere Properties India Limited,Real Estate,Real Estate - Diversified,39352836096,,0.176,,242.0,111.03
2021-12-07 00:00:00+05:30,132.9499969482422,134.60000610351562,132.10000610351562,133.10000610351562,374390,0.0,0.0,HEMIPROP.NS,Hemisphere Properties India Limited,Real Estate,Real Estate - Diversified,39352836096,,0.176,,242.0,111.03
2021-12-08 00:00:00+05:30,134.8000030517578,135.6999969482422,133.39999389648438,133.89999389648438,415399,0.0,0.0,HEMIPROP.NS,Hemisphere Properties India Limited,Real Estate,Real Estate - Diversified,39352836096,,0.176,,242.0,111.03
2021-12-09 00:00:00+05:30,134.60000610351562,137.39999389648438,133.14999389648438,135.75,744239,0.0,0.0,HEMIPROP.NS,Hemisphere Properties India Limited,Real Estate,Real Estate - Diversified,39352836096,,0.176,,242.0,111.03
2021-12-10 00:00:00+05:30,136.0,139.75,135.0500030517578,137.35000610351562,601362,0.0,0.0,HEMIPROP.NS,Hemisphere Properties India Limited,Real Estate,Real Estate - Diversified,39352836096,,0.176,,242.0,111.03
2021-12-13 00:00:00+05:30,138.0,139.5500030517578,135.1999969482422,135.60000610351562,526666,0.0,0.0,HEMIPROP.NS,Hemisphere Properties India Limited,Real Estate,Real Estate - Diversified,39352836096,,0.176,,242.0,111.03
2021-12-14 00:00:00+05:30,134.85000610351562,136.0500030517578,133.5,134.14999389648438,328101,0.0,0.0,HEMIPROP.NS,Hemisphere Properties India Limited,Real Estate,Real Estate - Diversified,39352836096,,0.176,,242.0,111.03
2021-12-15 00:00:00+05:30,134.0500030517578,135.5500030517578,133.5,133.64999389648438,332890,0.0,0.0,HEMIPROP.NS,Hemisphere Properties India Limited,Real Estate,Real Estate - Diversified,39352836096,,0.176,,242.0,111.03
2021-12-16 00:00:00+05:30,134.60000610351562,134.9499969482422,131.64999389648438,132.5500030517578,298003,0.0,0.0,HEMIPROP.NS,Hemisphere Properties India Limited,Real Estate,Real Estate - Diversified,39352836096,,0.176,,242.0,111.03
2021-12-17 00:00:00+05:30,132.0,132.4499969482422,127.25,128.0,632890,0.0,0.0,HEMIPROP.NS,Hemisphere Properties India Limited,Real Estate,Real Estate - Diversified,39352836096,,0.176,,242.0,111.03
2021-12-20 00:00:00+05:30,127.80000305175781,127.80000305175781,122.6500015258789,123.69999694824219,723925,0.0,0.0,HEMIPROP.NS,Hemisphere Properties India Limited,Real Estate,Real Estate - Diversified,39352836096,,0.176,,242.0,111.03
2021-12-21 00:00:00+05:30,124.94999694824219,129.0,124.0,125.5,411862,0.0,0.0,HEMIPROP.NS,Hemisphere Properties India Limited,Real Estate,Real Estate - Diversified,39352836096,,0.176,,242.0,111.03
2021-12-22 00:00:00+05:30,126.4000015258789,128.0,123.94999694824219,125.94999694824219,429876,0.0,0.0,HEMIPROP.NS,Hemisphere Properties India Limited,Real Estate,Real Estate - Diversified,39352836096,,0.176,,242.0,111.03
2021-12-23 00:00:00+05:30,127.0,131.1999969482422,127.0,128.5,522724,0.0,0.0,HEMIPROP.NS,Hemisphere Properties India Limited,Real Estate,Real Estate - Diversified,39352836096,,0.176,,242.0,111.03
2021-12-24 00:00:00+05:30,129.39999389648438,129.6999969482422,122.19999694824219,123.94999694824219,642686,0.0,0.0,HEMIPROP.NS,Hemisphere Properties India Limited,Real Estate,Real Estate - Diversified,39352836096,,0.176,,242.0,111.03
2021-12-27 00:00:00+05:30,124.4000015258789,126.80000305175781,123.0,125.1500015258789,416443,0.0,0.0,HEMIPROP.NS,Hemisphere Properties India Limited,Real Estate,Real Estate - Diversified,39352836096,,0.176,,242.0,111.03
2021-12-28 00:00:00+05:30,125.9000015258789,127.8499984741211,125.69999694824219,126.4000015258789,366773,0.0,0.0,HEMIPROP.NS,Hemisphere Properties India Limited,Real Estate,Real Estate - Diversified,39352836096,,0.176,,242.0,111.03
2021-12-29 00:00:00+05:30,126.80000305175781,128.1999969482422,125.55000305175781,125.8499984741211,365943,0.0,0.0,HEMIPROP.NS,Hemisphere Properties India Limited,Real Estate,Real Estate - Diversified,39352836096,,0.176,,242.0,111.03
2021-12-30 00:00:00+05:30,125.8499984741211,126.69999694824219,124.0,124.5,401721,0.0,0.0,HEMIPROP.NS,Hemisphere Properties India Limited,Real Estate,Real Estate - Diversified,39352836096,,0.176,,242.0,111.03
2021-12-31 00:00:00+05:30,125.5,130.5,125.0,127.80000305175781,621922,0.0,0.0,HEMIPROP.NS,Hemisphere Properties India Limited,Real Estate,Real Estate - Diversified,39352836096,,0.176,,242.0,111.03
2022-01-03 00:00:00+05:30,127.80000305175781,135.4499969482422,126.44999694824219,132.6999969482422,1081429,0.0,0.0,HEMIPROP.NS,Hemisphere Properties India Limited,Real Estate,Real Estate - Diversified,39352836096,,0.176,,242.0,111.03
2022-01-04 00:00:00+05:30,133.8000030517578,134.85000610351562,129.6999969482422,130.35000610351562,400744,0.0,0.0,HEMIPROP.NS,Hemisphere Properties India Limited,Real Estate,Real Estate - Diversified,39352836096,,0.176,,242.0,111.03
2022-01-05 00:00:00+05:30,130.9499969482422,131.9499969482422,129.14999389648438,130.10000610351562,458454,0.0,0.0,HEMIPROP.NS,Hemisphere Properties India Limited,Real Estate,Real Estate - Diversified,39352836096,,0.176,,242.0,111.03
2022-01-06 00:00:00+05:30,129.0,131.1999969482422,128.5500030517578,129.5500030517578,485438,0.0,0.0,HEMIPROP.NS,Hemisphere Properties India Limited,Real Estate,Real Estate - Diversified,39352836096,,0.176,,242.0,111.03
2022-01-07 00:00:00+05:30,130.1999969482422,131.8000030517578,128.64999389648438,129.10000610351562,478657,0.0,0.0,HEMIPROP.NS,Hemisphere Properties India Limited,Real Estate,Real Estate - Diversified,39352836096,,0.176,,242.0,111.03
2022-01-10 00:00:00+05:30,129.75,135.60000610351562,129.4499969482422,133.5,1432459,0.0,0.0,HEMIPROP.NS,Hemisphere Properties India Limited,Real Estate,Real Estate - Diversified,39352836096,,0.176,,242.0,111.03
2022-01-11 00:00:00+05:30,134.60000610351562,139.5,132.10000610351562,136.3000030517578,1760424,0.0,0.0,HEMIPROP.NS,Hemisphere Properties India Limited,Real Estate,Real Estate - Diversified,39352836096,,0.176,,242.0,111.03
2022-01-12 00:00:00+05:30,137.8000030517578,141.0,136.25,137.64999389648438,1214559,0.0,0.0,HEMIPROP.NS,Hemisphere Properties India Limited,Real Estate,Real Estate - Diversified,39352836096,,0.176,,242.0,111.03
2022-01-13 00:00:00+05:30,139.0,139.39999389648438,135.5,137.89999389648438,933315,0.0,0.0,HEMIPROP.NS,Hemisphere Properties India Limited,Real Estate,Real Estate - Diversified,39352836096,,0.176,,242.0,111.03
2022-01-14 00:00:00+05:30,138.5,140.0,135.5,136.10000610351562,1063789,0.0,0.0,HEMIPROP.NS,Hemisphere Properties India Limited,Real Estate,Real Estate - Diversified,39352836096,,0.176,,242.0,111.03
2022-01-17 00:00:00+05:30,136.4499969482422,140.89999389648438,136.4499969482422,137.60000610351562,1319085,0.0,0.0,HEMIPROP.NS,Hemisphere Properties India Limited,Real Estate,Real Estate - Diversified,39352836096,,0.176,,242.0,111.03
2022-01-18 00:00:00+05:30,139.9499969482422,163.8000030517578,138.85000610351562,154.14999389648438,20280728,0.0,0.0,HEMIPROP.NS,Hemisphere Properties India Limited,Real Estate,Real Estate - Diversified,39352836096,,0.176,,242.0,111.03
2022-01-19 00:00:00+05:30,153.89999389648438,165.89999389648438,152.0,157.75,13636355,0.0,0.0,HEMIPROP.NS,Hemisphere Properties India Limited,Real Estate,Real Estate - Diversified,39352836096,,0.176,,242.0,111.03
2022-01-20 00:00:00+05:30,156.5,157.3000030517578,151.64999389648438,152.39999389648438,3407497,0.0,0.0,HEMIPROP.NS,Hemisphere Properties India Limited,Real Estate,Real Estate - Diversified,39352836096,,0.176,,242.0,111.03
2022-01-21 00:00:00+05:30,150.9499969482422,154.4499969482422,142.1999969482422,144.4499969482422,3322024,0.0,0.0,HEMIPROP.NS,Hemisphere Properties India Limited,Real Estate,Real Estate - Diversified,39352836096,,0.176,,242.0,111.03
2022-01-24 00:00:00+05:30,144.4499969482422,145.5,130.1999969482422,132.60000610351562,3115957,0.0,0.0,HEMIPROP.NS,Hemisphere Properties India Limited,Real Estate,Real Estate - Diversified,39352836096,,0.176,,242.0,111.03
2022-01-25 00:00:00+05:30,132.0,138.4499969482422,128.60000610351562,135.6999969482422,2193884,0.0,0.0,HEMIPROP.NS,Hemisphere Properties India Limited,Real Estate,Real Estate - Diversified,39352836096,,0.176,,242.0,111.03
2022-01-27 00:00:00+05:30,133.0,138.25,132.0,134.64999389648438,1374622,0.0,0.0,HEMIPROP.NS,Hemisphere Properties India Limited,Real Estate,Real Estate - Diversified,39352836096,,0.176,,242.0,111.03
2022-01-28 00:00:00+05:30,136.0,142.14999389648438,135.3000030517578,136.39999389648438,2018848,0.0,0.0,HEMIPROP.NS,Hemisphere Properties India Limited,Real Estate,Real Estate - Diversified,39352836096,,0.176,,242.0,111.03
2022-01-31 00:00:00+05:30,137.8000030517578,141.3000030517578,136.3000030517578,136.75,1297057,0.0,0.0,HEMIPROP.NS,Hemisphere Properties India Limited,Real Estate,Real Estate - Diversified,39352836096,,0.176,,242.0,111.03
2022-02-01 00:00:00+05:30,137.89999389648438,139.5,134.14999389648438,136.85000610351562,1036726,0.0,0.0,HEMIPROP.NS,Hemisphere Properties India Limited,Real Estate,Real Estate - Diversified,39352836096,,0.176,,242.0,111.03
2022-02-02 00:00:00+05:30,137.6999969482422,142.3000030517578,136.60000610351562,137.14999389648438,1455842,0.0,0.0,HEMIPROP.NS,Hemisphere Properties India Limited,Real Estate,Real Estate - Diversified,39352836096,,0.176,,242.0,111.03
2022-02-03 00:00:00+05:30,137.60000610351562,138.6999969482422,134.60000610351562,135.5,951295,0.0,0.0,HEMIPROP.NS,Hemisphere Properties India Limited,Real Estate,Real Estate - Diversified,39352836096,,0.176,,242.0,111.03
2022-02-04 00:00:00+05:30,136.3000030517578,136.9499969482422,132.89999389648438,133.75,836258,0.0,0.0,HEMIPROP.NS,Hemisphere Properties India Limited,Real Estate,Real Estate - Diversified,39352836096,,0.176,,242.0,111.03
2022-02-07 00:00:00+05:30,133.35000610351562,134.8000030517578,130.5,131.10000610351562,1788921,0.0,0.0,HEMIPROP.NS,Hemisphere Properties India Limited,Real Estate,Real Estate - Diversified,39352836096,,0.176,,242.0,111.03
2022-02-08 00:00:00+05:30,132.0,132.75,125.6500015258789,128.60000610351562,1274730,0.0,0.0,HEMIPROP.NS,Hemisphere Properties India Limited,Real Estate,Real Estate - Diversified,39352836096,,0.176,,242.0,111.03
2022-02-09 00:00:00+05:30,129.6999969482422,133.25,127.80000305175781,129.4499969482422,1106505,0.0,0.0,HEMIPROP.NS,Hemisphere Properties India Limited,Real Estate,Real Estate - Diversified,39352836096,,0.176,,242.0,111.03
2022-02-10 00:00:00+05:30,130.0,130.89999389648438,128.10000610351562,128.85000610351562,704457,0.0,0.0,HEMIPROP.NS,Hemisphere Properties India Limited,Real Estate,Real Estate - Diversified,39352836096,,0.176,,242.0,111.03
2022-02-11 00:00:00+05:30,128.75,129.8000030517578,126.8499984741211,127.6500015258789,702369,0.0,0.0,HEMIPROP.NS,Hemisphere Properties India Limited,Real Estate,Real Estate - Diversified,39352836096,,0.176,,242.0,111.03
2022-02-14 00:00:00+05:30,125.5,125.69999694824219,119.5999984741211,120.80000305175781,1168459,0.0,0.0,HEMIPROP.NS,Hemisphere Properties India Limited,Real Estate,Real Estate - Diversified,39352836096,,0.176,,242.0,111.03
2022-02-15 00:00:00+05:30,121.25,123.5,116.5,120.8499984741211,1457037,0.0,0.0,HEMIPROP.NS,Hemisphere Properties India Limited,Real Estate,Real Estate - Diversified,39352836096,,0.176,,242.0,111.03
2022-02-16 00:00:00+05:30,122.94999694824219,124.5,122.0,122.8499984741211,734005,0.0,0.0,HEMIPROP.NS,Hemisphere Properties India Limited,Real Estate,Real Estate - Diversified,39352836096,,0.176,,242.0,111.03
2022-02-17 00:00:00+05:30,123.5,124.55000305175781,120.69999694824219,121.05000305175781,514476,0.0,0.0,HEMIPROP.NS,Hemisphere Properties India Limited,Real Estate,Real Estate - Diversified,39352836096,,0.176,,242.0,111.03
2022-02-18 00:00:00+05:30,121.0,122.19999694824219,119.6500015258789,120.25,452693,0.0,0.0,HEMIPROP.NS,Hemisphere Properties India Limited,Real Estate,Real Estate - Diversified,39352836096,,0.176,,242.0,111.03
2022-02-21 00:00:00+05:30,119.0999984741211,119.75,113.55000305175781,114.44999694824219,1014168,0.0,0.0,HEMIPROP.NS,Hemisphere Properties India Limited,Real Estate,Real Estate - Diversified,39352836096,,0.176,,242.0,111.03
2022-02-22 00:00:00+05:30,111.30000305175781,112.44999694824219,109.1500015258789,111.0,923108,0.0,0.0,HEMIPROP.NS,Hemisphere Properties India Limited,Real Estate,Real Estate - Diversified,39352836096,,0.176,,242.0,111.03
2022-02-23 00:00:00+05:30,111.80000305175781,114.4000015258789,106.0,111.3499984741211,819532,0.0,0.0,HEMIPROP.NS,Hemisphere Properties India Limited,Real Estate,Real Estate - Diversified,39352836096,,0.176,,242.0,111.03
2022-02-24 00:00:00+05:30,105.5,106.9000015258789,99.05000305175781,99.9000015258789,1936083,0.0,0.0,HEMIPROP.NS,Hemisphere Properties India Limited,Real Estate,Real Estate - Diversified,39352836096,,0.176,,242.0,111.03
2022-02-25 00:00:00+05:30,103.0999984741211,107.0,102.0,105.0,1333978,0.0,0.0,HEMIPROP.NS,Hemisphere Properties India Limited,Real Estate,Real Estate - Diversified,39352836096,,0.176,,242.0,111.03
2022-02-28 00:00:00+05:30,104.0,109.0,102.5999984741211,108.5,903915,0.0,0.0,HEMIPROP.NS,Hemisphere Properties India Limited,Real Estate,Real Estate - Diversified,39352836096,,0.176,,242.0,111.03
2022-03-02 00:00:00+05:30,108.0,111.30000305175781,106.55000305175781,108.6500015258789,676985,0.0,0.0,HEMIPROP.NS,Hemisphere Properties India Limited,Real Estate,Real Estate - Diversified,39352836096,,0.176,,242.0,111.03
2022-03-03 00:00:00+05:30,109.69999694824219,111.44999694824219,107.1500015258789,107.75,514781,0.0,0.0,HEMIPROP.NS,Hemisphere Properties India Limited,Real Estate,Real Estate - Diversified,39352836096,,0.176,,242.0,111.03
2022-03-04 00:00:00+05:30,104.4000015258789,107.94999694824219,104.4000015258789,105.5999984741211,570219,0.0,0.0,HEMIPROP.NS,Hemisphere Properties India Limited,Real Estate,Real Estate - Diversified,39352836096,,0.176,,242.0,111.03
2022-03-07 00:00:00+05:30,102.0,103.5,100.4000015258789,101.8499984741211,708256,0.0,0.0,HEMIPROP.NS,Hemisphere Properties India Limited,Real Estate,Real Estate - Diversified,39352836096,,0.176,,242.0,111.03
2022-03-08 00:00:00+05:30,103.0,108.0,102.6500015258789,106.0,580079,0.0,0.0,HEMIPROP.NS,Hemisphere Properties India Limited,Real Estate,Real Estate - Diversified,39352836096,,0.176,,242.0,111.03
2022-03-09 00:00:00+05:30,106.19999694824219,116.80000305175781,106.0,113.30000305175781,2214517,0.0,0.0,HEMIPROP.NS,Hemisphere Properties India Limited,Real Estate,Real Estate - Diversified,39352836096,,0.176,,242.0,111.03
2022-03-10 00:00:00+05:30,116.0,122.0,114.3499984741211,117.69999694824219,2131817,0.0,0.0,HEMIPROP.NS,Hemisphere Properties India Limited,Real Estate,Real Estate - Diversified,39352836096,,0.176,,242.0,111.03
2022-03-11 00:00:00+05:30,118.0,119.8499984741211,114.25,116.19999694824219,998717,0.0,0.0,HEMIPROP.NS,Hemisphere Properties India Limited,Real Estate,Real Estate - Diversified,39352836096,,0.176,,242.0,111.03
2022-03-14 00:00:00+05:30,117.0,117.25,113.30000305175781,113.8499984741211,660643,0.0,0.0,HEMIPROP.NS,Hemisphere Properties India Limited,Real Estate,Real Estate - Diversified,39352836096,,0.176,,242.0,111.03
2022-03-15 00:00:00+05:30,114.9000015258789,118.5999984741211,111.55000305175781,112.0,1074735,0.0,0.0,HEMIPROP.NS,Hemisphere Properties India Limited,Real Estate,Real Estate - Diversified,39352836096,,0.176,,242.0,111.03
2022-03-16 00:00:00+05:30,114.1500015258789,114.5,112.5,113.05000305175781,500487,0.0,0.0,HEMIPROP.NS,Hemisphere Properties India Limited,Real Estate,Real Estate - Diversified,39352836096,,0.176,,242.0,111.03
2022-03-17 00:00:00+05:30,114.5999984741211,126.5,111.9000015258789,122.1500015258789,6450556,0.0,0.0,HEMIPROP.NS,Hemisphere Properties India Limited,Real Estate,Real Estate - Diversified,39352836096,,0.176,,242.0,111.03
2022-03-21 00:00:00+05:30,125.6500015258789,128.0,122.5,123.8499984741211,1958112,0.0,0.0,HEMIPROP.NS,Hemisphere Properties India Limited,Real Estate,Real Estate - Diversified,39352836096,,0.176,,242.0,111.03
2022-03-22 00:00:00+05:30,123.69999694824219,124.80000305175781,120.9000015258789,122.30000305175781,1246685,0.0,0.0,HEMIPROP.NS,Hemisphere Properties India Limited,Real Estate,Real Estate - Diversified,39352836096,,0.176,,242.0,111.03
2022-03-23 00:00:00+05:30,122.94999694824219,124.6500015258789,121.0999984741211,121.4000015258789,762965,0.0,0.0,HEMIPROP.NS,Hemisphere Properties India Limited,Real Estate,Real Estate - Diversified,39352836096,,0.176,,242.0,111.03
2022-03-24 00:00:00+05:30,121.0,124.0,120.55000305175781,121.0,929148,0.0,0.0,HEMIPROP.NS,Hemisphere Properties India Limited,Real Estate,Real Estate - Diversified,39352836096,,0.176,,242.0,111.03
2022-03-25 00:00:00+05:30,122.4000015258789,122.75,117.6500015258789,118.1500015258789,1210611,0.0,0.0,HEMIPROP.NS,Hemisphere Properties India Limited,Real Estate,Real Estate - Diversified,39352836096,,0.176,,242.0,111.03
2022-03-28 00:00:00+05:30,118.30000305175781,118.8499984741211,114.0,114.6500015258789,1159843,0.0,0.0,HEMIPROP.NS,Hemisphere Properties India Limited,Real Estate,Real Estate - Diversified,39352836096,,0.176,,242.0,111.03
2022-03-29 00:00:00+05:30,115.05000305175781,119.5999984741211,113.4000015258789,114.30000305175781,1637708,0.0,0.0,HEMIPROP.NS,Hemisphere Properties India Limited,Real Estate,Real Estate - Diversified,39352836096,,0.176,,242.0,111.03
2022-03-30 00:00:00+05:30,115.9000015258789,117.80000305175781,115.1500015258789,115.69999694824219,871258,0.0,0.0,HEMIPROP.NS,Hemisphere Properties India Limited,Real Estate,Real Estate - Diversified,39352836096,,0.176,,242.0,111.03
2022-03-31 00:00:00+05:30,116.30000305175781,118.75,114.0999984741211,114.3499984741211,905060,0.0,0.0,HEMIPROP.NS,Hemisphere Properties India Limited,Real Estate,Real Estate - Diversified,39352836096,,0.176,,242.0,111.03
2022-04-01 00:00:00+05:30,115.19999694824219,121.30000305175781,114.8499984741211,120.1500015258789,1097875,0.0,0.0,HEMIPROP.NS,Hemisphere Properties India Limited,Real Estate,Real Estate - Diversified,39352836096,,0.176,,242.0,111.03
2022-04-04 00:00:00+05:30,120.3499984741211,125.94999694824219,120.19999694824219,125.0,1712577,0.0,0.0,HEMIPROP.NS,Hemisphere Properties India Limited,Real Estate,Real Estate - Diversified,39352836096,,0.176,,242.0,111.03
2022-04-05 00:00:00+05:30,126.0,127.4000015258789,123.55000305175781,124.30000305175781,1074098,0.0,0.0,HEMIPROP.NS,Hemisphere Properties India Limited,Real Estate,Real Estate - Diversified,39352836096,,0.176,,242.0,111.03
2022-04-06 00:00:00+05:30,123.0,128.39999389648438,123.0,125.30000305175781,1190357,0.0,0.0,HEMIPROP.NS,Hemisphere Properties India Limited,Real Estate,Real Estate - Diversified,39352836096,,0.176,,242.0,111.03
2022-04-07 00:00:00+05:30,126.19999694824219,132.35000610351562,125.80000305175781,126.5999984741211,1997314,0.0,0.0,HEMIPROP.NS,Hemisphere Properties India Limited,Real Estate,Real Estate - Diversified,39352836096,,0.176,,242.0,111.03
2022-04-08 00:00:00+05:30,127.44999694824219,129.0500030517578,124.0999984741211,125.69999694824219,1010863,0.0,0.0,HEMIPROP.NS,Hemisphere Properties India Limited,Real Estate,Real Estate - Diversified,39352836096,,0.176,,242.0,111.03
2022-04-11 00:00:00+05:30,125.5999984741211,127.94999694824219,125.19999694824219,125.80000305175781,577391,0.0,0.0,HEMIPROP.NS,Hemisphere Properties India Limited,Real Estate,Real Estate - Diversified,39352836096,,0.176,,242.0,111.03
2022-04-12 00:00:00+05:30,125.0,125.5999984741211,121.9000015258789,123.0999984741211,592329,0.0,0.0,HEMIPROP.NS,Hemisphere Properties India Limited,Real Estate,Real Estate - Diversified,39352836096,,0.176,,242.0,111.03
2022-04-13 00:00:00+05:30,124.0,125.30000305175781,122.5,123.1500015258789,625294,0.0,0.0,HEMIPROP.NS,Hemisphere Properties India Limited,Real Estate,Real Estate - Diversified,39352836096,,0.176,,242.0,111.03
2022-04-18 00:00:00+05:30,122.0,124.5999984741211,119.9000015258789,120.8499984741211,600934,0.0,0.0,HEMIPROP.NS,Hemisphere Properties India Limited,Real Estate,Real Estate - Diversified,39352836096,,0.176,,242.0,111.03
2022-04-19 00:00:00+05:30,121.80000305175781,124.80000305175781,118.69999694824219,120.0,794774,0.0,0.0,HEMIPROP.NS,Hemisphere Properties India Limited,Real Estate,Real Estate - Diversified,39352836096,,0.176,,242.0,111.03
2022-04-20 00:00:00+05:30,120.3499984741211,121.5,118.5999984741211,118.94999694824219,569416,0.0,0.0,HEMIPROP.NS,Hemisphere Properties India Limited,Real Estate,Real Estate - Diversified,39352836096,,0.176,,242.0,111.03
2022-04-21 00:00:00+05:30,120.0,122.6500015258789,120.0,121.3499984741211,398154,0.0,0.0,HEMIPROP.NS,Hemisphere Properties India Limited,Real Estate,Real Estate - Diversified,39352836096,,0.176,,242.0,111.03
2022-04-22 00:00:00+05:30,120.8499984741211,122.69999694824219,115.25,118.9000015258789,611437,0.0,0.0,HEMIPROP.NS,Hemisphere Properties India Limited,Real Estate,Real Estate - Diversified,39352836096,,0.176,,242.0,111.03
2022-04-25 00:00:00+05:30,118.0,119.1500015258789,116.0,116.44999694824219,587697,0.0,0.0,HEMIPROP.NS,Hemisphere Properties India Limited,Real Estate,Real Estate - Diversified,39352836096,,0.176,,242.0,111.03
2022-04-26 00:00:00+05:30,118.0,119.0,115.75,117.6500015258789,495923,0.0,0.0,HEMIPROP.NS,Hemisphere Properties India Limited,Real Estate,Real Estate - Diversified,39352836096,,0.176,,242.0,111.03
2022-04-27 00:00:00+05:30,117.0,122.0,115.0,118.05000305175781,861567,0.0,0.0,HEMIPROP.NS,Hemisphere Properties India Limited,Real Estate,Real Estate - Diversified,39352836096,,0.176,,242.0,111.03
2022-04-28 00:00:00+05:30,119.0999984741211,119.25,115.25,116.80000305175781,443716,0.0,0.0,HEMIPROP.NS,Hemisphere Properties India Limited,Real Estate,Real Estate - Diversified,39352836096,,0.176,,242.0,111.03
2022-04-29 00:00:00+05:30,117.4000015258789,119.5999984741211,115.0,115.3499984741211,651810,0.0,0.0,HEMIPROP.NS,Hemisphere Properties India Limited,Real Estate,Real Estate - Diversified,39352836096,,0.176,,242.0,111.03
2022-05-02 00:00:00+05:30,115.0,116.80000305175781,114.0,115.80000305175781,441761,0.0,0.0,HEMIPROP.NS,Hemisphere Properties India Limited,Real Estate,Real Estate - Diversified,39352836096,,0.176,,242.0,111.03
2022-05-04 00:00:00+05:30,117.05000305175781,117.5,113.5999984741211,114.5999984741211,518321,0.0,0.0,HEMIPROP.NS,Hemisphere Properties India Limited,Real Estate,Real Estate - Diversified,39352836096,,0.176,,242.0,111.03
2022-05-05 00:00:00+05:30,115.0,117.25,113.80000305175781,114.3499984741211,533414,0.0,0.0,HEMIPROP.NS,Hemisphere Properties India Limited,Real Estate,Real Estate - Diversified,39352836096,,0.176,,242.0,111.03
2022-05-06 00:00:00+05:30,113.0,113.0,109.05000305175781,110.4000015258789,496475,0.0,0.0,HEMIPROP.NS,Hemisphere Properties India Limited,Real Estate,Real Estate - Diversified,39352836096,,0.176,,242.0,111.03
2022-05-09 00:00:00+05:30,109.0,109.19999694824219,104.80000305175781,107.1500015258789,535101,0.0,0.0,HEMIPROP.NS,Hemisphere Properties India Limited,Real Estate,Real Estate - Diversified,39352836096,,0.176,,242.0,111.03
2022-05-10 00:00:00+05:30,106.0,110.30000305175781,104.05000305175781,105.8499984741211,505324,0.0,0.0,HEMIPROP.NS,Hemisphere Properties India Limited,Real Estate,Real Estate - Diversified,39352836096,,0.176,,242.0,111.03
2022-05-11 00:00:00+05:30,107.0,107.5,101.0999984741211,102.75,746787,0.0,0.0,HEMIPROP.NS,Hemisphere Properties India Limited,Real Estate,Real Estate - Diversified,39352836096,,0.176,,242.0,111.03
2022-05-12 00:00:00+05:30,102.4000015258789,103.19999694824219,101.0,102.05000305175781,383601,0.0,0.0,HEMIPROP.NS,Hemisphere Properties India Limited,Real Estate,Real Estate - Diversified,39352836096,,0.176,,242.0,111.03
2022-05-13 00:00:00+05:30,103.55000305175781,106.6500015258789,102.19999694824219,102.75,389473,0.0,0.0,HEMIPROP.NS,Hemisphere Properties India Limited,Real Estate,Real Estate - Diversified,39352836096,,0.176,,242.0,111.03
2022-05-16 00:00:00+05:30,103.19999694824219,105.94999694824219,102.3499984741211,103.25,325160,0.0,0.0,HEMIPROP.NS,Hemisphere Properties India Limited,Real Estate,Real Estate - Diversified,39352836096,,0.176,,242.0,111.03
2022-05-17 00:00:00+05:30,103.9000015258789,107.94999694824219,103.80000305175781,106.9000015258789,594173,0.0,0.0,HEMIPROP.NS,Hemisphere Properties India Limited,Real Estate,Real Estate - Diversified,39352836096,,0.176,,242.0,111.03
2022-05-18 00:00:00+05:30,107.5,109.30000305175781,105.1500015258789,105.69999694824219,371152,0.0,0.0,HEMIPROP.NS,Hemisphere Properties India Limited,Real Estate,Real Estate - Diversified,39352836096,,0.176,,242.0,111.03
2022-05-19 00:00:00+05:30,103.25,104.94999694824219,101.5,102.69999694824219,326371,0.0,0.0,HEMIPROP.NS,Hemisphere Properties India Limited,Real Estate,Real Estate - Diversified,39352836096,,0.176,,242.0,111.03
2022-05-20 00:00:00+05:30,104.0999984741211,107.69999694824219,104.0999984741211,105.80000305175781,357981,0.0,0.0,HEMIPROP.NS,Hemisphere Properties India Limited,Real Estate,Real Estate - Diversified,39352836096,,0.176,,242.0,111.03
2022-05-23 00:00:00+05:30,106.1500015258789,109.0,105.0,105.25,375461,0.0,0.0,HEMIPROP.NS,Hemisphere Properties India Limited,Real Estate,Real Estate - Diversified,39352836096,,0.176,,242.0,111.03
2022-05-24 00:00:00+05:30,106.0,106.3499984741211,102.80000305175781,103.5,314089,0.0,0.0,HEMIPROP.NS,Hemisphere Properties India Limited,Real Estate,Real Estate - Diversified,39352836096,,0.176,,242.0,111.03
2022-05-25 00:00:00+05:30,105.0,105.0,98.8499984741211,99.25,450646,0.0,0.0,HEMIPROP.NS,Hemisphere Properties India Limited,Real Estate,Real Estate - Diversified,39352836096,,0.176,,242.0,111.03
2022-05-26 00:00:00+05:30,100.05000305175781,100.8499984741211,95.0,99.75,673551,0.0,0.0,HEMIPROP.NS,Hemisphere Properties India Limited,Real Estate,Real Estate - Diversified,39352836096,,0.176,,242.0,111.03
2022-05-27 00:00:00+05:30,99.55000305175781,106.9000015258789,99.55000305175781,102.55000305175781,1487650,0.0,0.0,HEMIPROP.NS,Hemisphere Properties India Limited,Real Estate,Real Estate - Diversified,39352836096,,0.176,,242.0,111.03
2022-05-30 00:00:00+05:30,104.0999984741211,104.5,102.6500015258789,103.80000305175781,382745,0.0,0.0,HEMIPROP.NS,Hemisphere Properties India Limited,Real Estate,Real Estate - Diversified,39352836096,,0.176,,242.0,111.03
2022-05-31 00:00:00+05:30,103.5999984741211,106.0999984741211,102.5,102.80000305175781,703927,0.0,0.0,HEMIPROP.NS,Hemisphere Properties India Limited,Real Estate,Real Estate - Diversified,39352836096,,0.176,,242.0,111.03
2022-06-01 00:00:00+05:30,104.0,113.19999694824219,103.55000305175781,110.30000305175781,3417697,0.0,0.0,HEMIPROP.NS,Hemisphere Properties India Limited,Real Estate,Real Estate - Diversified,39352836096,,0.176,,242.0,111.03
2022-06-02 00:00:00+05:30,110.6500015258789,113.75,109.0,110.9000015258789,1178901,0.0,0.0,HEMIPROP.NS,Hemisphere Properties India Limited,Real Estate,Real Estate - Diversified,39352836096,,0.176,,242.0,111.03
2022-06-03 00:00:00+05:30,112.44999694824219,116.0,109.30000305175781,110.30000305175781,1361487,0.0,0.0,HEMIPROP.NS,Hemisphere Properties India Limited,Real Estate,Real Estate - Diversified,39352836096,,0.176,,242.0,111.03
2022-06-06 00:00:00+05:30,112.69999694824219,121.30000305175781,111.75,118.94999694824219,3607404,0.0,0.0,HEMIPROP.NS,Hemisphere Properties India Limited,Real Estate,Real Estate - Diversified,39352836096,,0.176,,242.0,111.03
2022-06-07 00:00:00+05:30,118.5,125.80000305175781,116.0999984741211,122.94999694824219,4803431,0.0,0.0,HEMIPROP.NS,Hemisphere Properties India Limited,Real Estate,Real Estate - Diversified,39352836096,,0.176,,242.0,111.03
2022-06-08 00:00:00+05:30,122.9000015258789,123.5999984741211,118.5999984741211,119.69999694824219,1283088,0.0,0.0,HEMIPROP.NS,Hemisphere Properties India Limited,Real Estate,Real Estate - Diversified,39352836096,,0.176,,242.0,111.03
2022-06-09 00:00:00+05:30,118.55000305175781,124.19999694824219,117.5999984741211,118.55000305175781,1887110,0.0,0.0,HEMIPROP.NS,Hemisphere Properties India Limited,Real Estate,Real Estate - Diversified,39352836096,,0.176,,242.0,111.03
2022-06-10 00:00:00+05:30,117.30000305175781,119.25,114.94999694824219,115.75,797422,0.0,0.0,HEMIPROP.NS,Hemisphere Properties India Limited,Real Estate,Real Estate - Diversified,39352836096,,0.176,,242.0,111.03
2022-06-13 00:00:00+05:30,113.0999984741211,114.19999694824219,108.5,109.3499984741211,730107,0.0,0.0,HEMIPROP.NS,Hemisphere Properties India Limited,Real Estate,Real Estate - Diversified,39352836096,,0.176,,242.0,111.03
2022-06-14 00:00:00+05:30,109.0,112.25,105.5,106.5,912203,0.0,0.0,HEMIPROP.NS,Hemisphere Properties India Limited,Real Estate,Real Estate - Diversified,39352836096,,0.176,,242.0,111.03
2022-06-15 00:00:00+05:30,107.0,107.0999984741211,104.25,104.8499984741211,436018,0.0,0.0,HEMIPROP.NS,Hemisphere Properties India Limited,Real Estate,Real Estate - Diversified,39352836096,,0.176,,242.0,111.03
2022-06-16 00:00:00+05:30,106.19999694824219,106.25,100.0999984741211,102.25,824084,0.0,0.0,HEMIPROP.NS,Hemisphere Properties India Limited,Real Estate,Real Estate - Diversified,39352836096,,0.176,,242.0,111.03
2022-06-17 00:00:00+05:30,101.0,104.4000015258789,100.0999984741211,102.25,674004,0.0,0.0,HEMIPROP.NS,Hemisphere Properties India Limited,Real Estate,Real Estate - Diversified,39352836096,,0.176,,242.0,111.03
2022-06-20 00:00:00+05:30,103.80000305175781,103.80000305175781,98.05000305175781,99.25,775615,0.0,0.0,HEMIPROP.NS,Hemisphere Properties India Limited,Real Estate,Real Estate - Diversified,39352836096,,0.176,,242.0,111.03
2022-06-21 00:00:00+05:30,100.75,105.75,100.75,105.30000305175781,559602,0.0,0.0,HEMIPROP.NS,Hemisphere Properties India Limited,Real Estate,Real Estate - Diversified,39352836096,,0.176,,242.0,111.03
2022-06-22 00:00:00+05:30,104.0999984741211,108.30000305175781,103.80000305175781,107.30000305175781,1282590,0.0,0.0,HEMIPROP.NS,Hemisphere Properties India Limited,Real Estate,Real Estate - Diversified,39352836096,,0.176,,242.0,111.03
2022-06-23 00:00:00+05:30,107.0999984741211,107.1500015258789,103.5,104.0999984741211,392544,0.0,0.0,HEMIPROP.NS,Hemisphere Properties India Limited,Real Estate,Real Estate - Diversified,39352836096,,0.176,,242.0,111.03
2022-06-24 00:00:00+05:30,105.0,107.5,103.75,105.0,1099054,0.0,0.0,HEMIPROP.NS,Hemisphere Properties India Limited,Real Estate,Real Estate - Diversified,39352836096,,0.176,,242.0,111.03
2022-06-27 00:00:00+05:30,107.9000015258789,108.0,105.9000015258789,106.69999694824219,399447,0.0,0.0,HEMIPROP.NS,Hemisphere Properties India Limited,Real Estate,Real Estate - Diversified,39352836096,,0.176,,242.0,111.03
2022-06-28 00:00:00+05:30,106.0,107.4000015258789,105.0,105.44999694824219,428730,0.0,0.0,HEMIPROP.NS,Hemisphere Properties India Limited,Real Estate,Real Estate - Diversified,39352836096,,0.176,,242.0,111.03
2022-06-29 00:00:00+05:30,105.0,111.75,104.30000305175781,106.30000305175781,2775672,0.0,0.0,HEMIPROP.NS,Hemisphere Properties India Limited,Real Estate,Real Estate - Diversified,39352836096,,0.176,,242.0,111.03
2022-06-30 00:00:00+05:30,106.1500015258789,108.75,104.25,105.30000305175781,545658,0.0,0.0,HEMIPROP.NS,Hemisphere Properties India Limited,Real Estate,Real Estate - Diversified,39352836096,,0.176,,242.0,111.03
2022-07-01 00:00:00+05:30,105.8499984741211,106.0,102.75,105.0999984741211,462015,0.0,0.0,HEMIPROP.NS,Hemisphere Properties India Limited,Real Estate,Real Estate - Diversified,39352836096,,0.176,,242.0,111.03
2022-07-04 00:00:00+05:30,105.0,106.0,104.30000305175781,105.1500015258789,353171,0.0,0.0,HEMIPROP.NS,Hemisphere Properties India Limited,Real Estate,Real Estate - Diversified,39352836096,,0.176,,242.0,111.03
2022-07-05 00:00:00+05:30,105.69999694824219,106.4000015258789,105.0,105.5,484411,0.0,0.0,HEMIPROP.NS,Hemisphere Properties India Limited,Real Estate,Real Estate - Diversified,39352836096,,0.176,,242.0,111.03
2022-07-06 00:00:00+05:30,105.94999694824219,105.94999694824219,104.0,105.05000305175781,265766,0.0,0.0,HEMIPROP.NS,Hemisphere Properties India Limited,Real Estate,Real Estate - Diversified,39352836096,,0.176,,242.0,111.03
2022-07-07 00:00:00+05:30,106.0999984741211,106.6500015258789,104.44999694824219,105.05000305175781,445749,0.0,0.0,HEMIPROP.NS,Hemisphere Properties India Limited,Real Estate,Real Estate - Diversified,39352836096,,0.176,,242.0,111.03
2022-07-08 00:00:00+05:30,105.3499984741211,106.1500015258789,104.80000305175781,104.94999694824219,535067,0.0,0.0,HEMIPROP.NS,Hemisphere Properties India Limited,Real Estate,Real Estate - Diversified,39352836096,,0.176,,242.0,111.03
2022-07-11 00:00:00+05:30,104.4000015258789,106.4000015258789,104.0999984741211,105.3499984741211,637871,0.0,0.0,HEMIPROP.NS,Hemisphere Properties India Limited,Real Estate,Real Estate - Diversified,39352836096,,0.176,,242.0,111.03
2022-07-12 00:00:00+05:30,105.3499984741211,106.0,103.80000305175781,104.75,591021,0.0,0.0,HEMIPROP.NS,Hemisphere Properties India Limited,Real Estate,Real Estate - Diversified,39352836096,,0.176,,242.0,111.03
2022-07-13 00:00:00+05:30,104.75,105.94999694824219,103.0999984741211,103.44999694824219,522328,0.0,0.0,HEMIPROP.NS,Hemisphere Properties India Limited,Real Estate,Real Estate - Diversified,39352836096,,0.176,,242.0,111.03
2022-07-14 00:00:00+05:30,104.0999984741211,104.4000015258789,102.3499984741211,103.05000305175781,235256,0.0,0.0,HEMIPROP.NS,Hemisphere Properties India Limited,Real Estate,Real Estate - Diversified,39352836096,,0.176,,242.0,111.03
2022-07-15 00:00:00+05:30,103.25,104.4000015258789,102.19999694824219,103.0999984741211,248981,0.0,0.0,HEMIPROP.NS,Hemisphere Properties India Limited,Real Estate,Real Estate - Diversified,39352836096,,0.176,,242.0,111.03
2022-07-18 00:00:00+05:30,103.9000015258789,105.9000015258789,103.75,104.80000305175781,444354,0.0,0.0,HEMIPROP.NS,Hemisphere Properties India Limited,Real Estate,Real Estate - Diversified,39352836096,,0.176,,242.0,111.03
2022-07-19 00:00:00+05:30,104.55000305175781,106.05000305175781,104.0,105.55000305175781,833173,0.0,0.0,HEMIPROP.NS,Hemisphere Properties India Limited,Real Estate,Real Estate - Diversified,39352836096,,0.176,,242.0,111.03
2022-07-20 00:00:00+05:30,106.0,107.05000305175781,104.0999984741211,105.0,745182,0.0,0.0,HEMIPROP.NS,Hemisphere Properties India Limited,Real Estate,Real Estate - Diversified,39352836096,,0.176,,242.0,111.03
2022-07-21 00:00:00+05:30,104.05000305175781,106.05000305175781,104.05000305175781,105.9000015258789,533489,0.0,0.0,HEMIPROP.NS,Hemisphere Properties India Limited,Real Estate,Real Estate - Diversified,39352836096,,0.176,,242.0,111.03
2022-07-22 00:00:00+05:30,106.19999694824219,106.5999984741211,104.0999984741211,104.44999694824219,460568,0.0,0.0,HEMIPROP.NS,Hemisphere Properties India Limited,Real Estate,Real Estate - Diversified,39352836096,,0.176,,242.0,111.03
2022-07-25 00:00:00+05:30,105.30000305175781,105.30000305175781,103.5999984741211,104.25,219058,0.0,0.0,HEMIPROP.NS,Hemisphere Properties India Limited,Real Estate,Real Estate - Diversified,39352836096,,0.176,,242.0,111.03
2022-07-26 00:00:00+05:30,103.9000015258789,105.94999694824219,103.69999694824219,104.05000305175781,508024,0.0,0.0,HEMIPROP.NS,Hemisphere Properties India Limited,Real Estate,Real Estate - Diversified,39352836096,,0.176,,242.0,111.03
2022-07-27 00:00:00+05:30,104.9000015258789,104.9000015258789,103.5,103.80000305175781,209311,0.0,0.0,HEMIPROP.NS,Hemisphere Properties India Limited,Real Estate,Real Estate - Diversified,39352836096,,0.176,,242.0,111.03
2022-07-28 00:00:00+05:30,104.80000305175781,105.94999694824219,103.80000305175781,104.6500015258789,512096,0.0,0.0,HEMIPROP.NS,Hemisphere Properties India Limited,Real Estate,Real Estate - Diversified,39352836096,,0.176,,242.0,111.03
2022-07-29 00:00:00+05:30,105.44999694824219,106.05000305175781,104.8499984741211,105.55000305175781,733034,0.0,0.0,HEMIPROP.NS,Hemisphere Properties India Limited,Real Estate,Real Estate - Diversified,39352836096,,0.176,,242.0,111.03
2022-08-01 00:00:00+05:30,106.19999694824219,106.5,105.25,106.1500015258789,1886511,0.0,0.0,HEMIPROP.NS,Hemisphere Properties India Limited,Real Estate,Real Estate - Diversified,39352836096,,0.176,,242.0,111.03
2022-08-02 00:00:00+05:30,106.0999984741211,107.0,105.1500015258789,105.5,2956945,0.0,0.0,HEMIPROP.NS,Hemisphere Properties India Limited,Real Estate,Real Estate - Diversified,39352836096,,0.176,,242.0,111.03
2022-08-03 00:00:00+05:30,106.44999694824219,109.8499984741211,104.25,105.94999694824219,4040877,0.0,0.0,HEMIPROP.NS,Hemisphere Properties India Limited,Real Estate,Real Estate - Diversified,39352836096,,0.176,,242.0,111.03
2022-08-04 00:00:00+05:30,106.3499984741211,106.75,101.05000305175781,101.9000015258789,1587139,0.0,0.0,HEMIPROP.NS,Hemisphere Properties India Limited,Real Estate,Real Estate - Diversified,39352836096,,0.176,,242.0,111.03
2022-08-05 00:00:00+05:30,102.5,102.6500015258789,101.1500015258789,101.69999694824219,889053,0.0,0.0,HEMIPROP.NS,Hemisphere Properties India Limited,Real Estate,Real Estate - Diversified,39352836096,,0.176,,242.0,111.03
2022-08-08 00:00:00+05:30,103.0,103.0,100.75,101.69999694824219,485475,0.0,0.0,HEMIPROP.NS,Hemisphere Properties India Limited,Real Estate,Real Estate - Diversified,39352836096,,0.176,,242.0,111.03
2022-08-10 00:00:00+05:30,101.69999694824219,102.25,100.0,100.1500015258789,582937,0.0,0.0,HEMIPROP.NS,Hemisphere Properties India Limited,Real Estate,Real Estate - Diversified,39352836096,,0.176,,242.0,111.03
2022-08-11 00:00:00+05:30,101.44999694824219,102.0,100.0,100.3499984741211,412081,0.0,0.0,HEMIPROP.NS,Hemisphere Properties India Limited,Real Estate,Real Estate - Diversified,39352836096,,0.176,,242.0,111.03
2022-08-12 00:00:00+05:30,100.8499984741211,102.80000305175781,100.4000015258789,100.5,645100,0.0,0.0,HEMIPROP.NS,Hemisphere Properties India Limited,Real Estate,Real Estate - Diversified,39352836096,,0.176,,242.0,111.03
2022-08-16 00:00:00+05:30,101.4000015258789,104.5,100.75,103.0999984741211,802320,0.0,0.0,HEMIPROP.NS,Hemisphere Properties India Limited,Real Estate,Real Estate - Diversified,39352836096,,0.176,,242.0,111.03
2022-08-17 00:00:00+05:30,103.0,103.69999694824219,101.05000305175781,101.5999984741211,632527,0.0,0.0,HEMIPROP.NS,Hemisphere Properties India Limited,Real Estate,Real Estate - Diversified,39352836096,,0.176,,242.0,111.03
2022-08-18 00:00:00+05:30,102.44999694824219,106.0999984741211,102.4000015258789,104.8499984741211,2407797,0.0,0.0,HEMIPROP.NS,Hemisphere Properties India Limited,Real Estate,Real Estate - Diversified,39352836096,,0.176,,242.0,111.03
2022-08-19 00:00:00+05:30,105.44999694824219,105.9000015258789,102.3499984741211,104.44999694824219,810374,0.0,0.0,HEMIPROP.NS,Hemisphere Properties India Limited,Real Estate,Real Estate - Diversified,39352836096,,0.176,,242.0,111.03
2022-08-22 00:00:00+05:30,104.3499984741211,104.3499984741211,101.80000305175781,102.25,318568,0.0,0.0,HEMIPROP.NS,Hemisphere Properties India Limited,Real Estate,Real Estate - Diversified,39352836096,,0.176,,242.0,111.03
2022-08-23 00:00:00+05:30,101.6500015258789,102.94999694824219,101.0999984741211,102.3499984741211,429773,0.0,0.0,HEMIPROP.NS,Hemisphere Properties India Limited,Real Estate,Real Estate - Diversified,39352836096,,0.176,,242.0,111.03
2022-08-24 00:00:00+05:30,102.0999984741211,103.9000015258789,102.0999984741211,102.8499984741211,361378,0.0,0.0,HEMIPROP.NS,Hemisphere Properties India Limited,Real Estate,Real Estate - Diversified,39352836096,,0.176,,242.0,111.03
2022-08-25 00:00:00+05:30,103.4000015258789,109.69999694824219,103.25,104.55000305175781,2983608,0.0,0.0,HEMIPROP.NS,Hemisphere Properties India Limited,Real Estate,Real Estate - Diversified,39352836096,,0.176,,242.0,111.03
2022-08-26 00:00:00+05:30,105.25,106.0,103.8499984741211,104.55000305175781,882075,0.0,0.0,HEMIPROP.NS,Hemisphere Properties India Limited,Real Estate,Real Estate - Diversified,39352836096,,0.176,,242.0,111.03
2022-08-29 00:00:00+05:30,102.0,104.5,101.80000305175781,103.05000305175781,689984,0.0,0.0,HEMIPROP.NS,Hemisphere Properties India Limited,Real Estate,Real Estate - Diversified,39352836096,,0.176,,242.0,111.03
2022-08-30 00:00:00+05:30,103.44999694824219,106.6500015258789,103.44999694824219,104.80000305175781,1941370,0.0,0.0,HEMIPROP.NS,Hemisphere Properties India Limited,Real Estate,Real Estate - Diversified,39352836096,,0.176,,242.0,111.03
2022-09-01 00:00:00+05:30,104.0,106.0,103.30000305175781,105.05000305175781,1034332,0.0,0.0,HEMIPROP.NS,Hemisphere Properties India Limited,Real Estate,Real Estate - Diversified,39352836096,,0.176,,242.0,111.03
2022-09-02 00:00:00+05:30,105.5,109.55000305175781,104.80000305175781,104.94999694824219,2307785,0.0,0.0,HEMIPROP.NS,Hemisphere Properties India Limited,Real Estate,Real Estate - Diversified,39352836096,,0.176,,242.0,111.03
2022-09-05 00:00:00+05:30,105.6500015258789,106.0,104.0,104.5,1062654,0.0,0.0,HEMIPROP.NS,Hemisphere Properties India Limited,Real Estate,Real Estate - Diversified,39352836096,,0.176,,242.0,111.03
2022-09-06 00:00:00+05:30,105.0,106.9000015258789,103.69999694824219,104.05000305175781,1131975,0.0,0.0,HEMIPROP.NS,Hemisphere Properties India Limited,Real Estate,Real Estate - Diversified,39352836096,,0.176,,242.0,111.03
2022-09-07 00:00:00+05:30,103.9000015258789,106.25,103.69999694824219,106.0999984741211,2191133,0.0,0.0,HEMIPROP.NS,Hemisphere Properties India Limited,Real Estate,Real Estate - Diversified,39352836096,,0.176,,242.0,111.03
2022-09-08 00:00:00+05:30,106.94999694824219,107.69999694824219,104.80000305175781,105.30000305175781,1341106,0.0,0.0,HEMIPROP.NS,Hemisphere Properties India Limited,Real Estate,Real Estate - Diversified,39352836096,,0.176,,242.0,111.03
2022-09-09 00:00:00+05:30,105.9000015258789,105.9000015258789,103.80000305175781,104.3499984741211,1045589,0.0,0.0,HEMIPROP.NS,Hemisphere Properties India Limited,Real Estate,Real Estate - Diversified,39352836096,,0.176,,242.0,111.03
2022-09-12 00:00:00+05:30,105.05000305175781,105.9000015258789,104.1500015258789,104.55000305175781,653695,0.0,0.0,HEMIPROP.NS,Hemisphere Properties India Limited,Real Estate,Real Estate - Diversified,39352836096,,0.176,,242.0,111.03
2022-09-13 00:00:00+05:30,105.05000305175781,105.44999694824219,104.0999984741211,104.19999694824219,646520,0.0,0.0,HEMIPROP.NS,Hemisphere Properties India Limited,Real Estate,Real Estate - Diversified,39352836096,,0.176,,242.0,111.03
2022-09-14 00:00:00+05:30,103.19999694824219,105.25,103.0999984741211,103.55000305175781,1010552,0.0,0.0,HEMIPROP.NS,Hemisphere Properties India Limited,Real Estate,Real Estate - Diversified,39352836096,,0.176,,242.0,111.03
2022-09-15 00:00:00+05:30,104.19999694824219,104.19999694824219,103.0999984741211,103.19999694824219,540886,0.0,0.0,HEMIPROP.NS,Hemisphere Properties India Limited,Real Estate,Real Estate - Diversified,39352836096,,0.176,,242.0,111.03
2022-09-16 00:00:00+05:30,103.19999694824219,103.5,101.05000305175781,101.80000305175781,1319230,0.0,0.0,HEMIPROP.NS,Hemisphere Properties India Limited,Real Estate,Real Estate - Diversified,39352836096,,0.176,,242.0,111.03
2022-09-19 00:00:00+05:30,102.0,102.5,101.0,101.19999694824219,416347,0.0,0.0,HEMIPROP.NS,Hemisphere Properties India Limited,Real Estate,Real Estate - Diversified,39352836096,,0.176,,242.0,111.03
2022-09-20 00:00:00+05:30,102.0,104.0,101.69999694824219,102.30000305175781,663129,0.0,0.0,HEMIPROP.NS,Hemisphere Properties India Limited,Real Estate,Real Estate - Diversified,39352836096,,0.176,,242.0,111.03
2022-09-21 00:00:00+05:30,102.80000305175781,102.80000305175781,100.5999984741211,101.0999984741211,636425,0.0,0.0,HEMIPROP.NS,Hemisphere Properties India Limited,Real Estate,Real Estate - Diversified,39352836096,,0.176,,242.0,111.03
2022-09-22 00:00:00+05:30,101.0,101.69999694824219,100.0,100.44999694824219,594959,0.0,0.0,HEMIPROP.NS,Hemisphere Properties India Limited,Real Estate,Real Estate - Diversified,39352836096,,0.176,,242.0,111.03
2022-09-23 00:00:00+05:30,100.0,100.44999694824219,97.0,97.1500015258789,1083933,0.0,0.0,HEMIPROP.NS,Hemisphere Properties India Limited,Real Estate,Real Estate - Diversified,39352836096,,0.176,,242.0,111.03
2022-09-26 00:00:00+05:30,96.9000015258789,97.1500015258789,92.0999984741211,93.19999694824219,788044,0.0,0.0,HEMIPROP.NS,Hemisphere Properties India Limited,Real Estate,Real Estate - Diversified,39352836096,,0.176,,242.0,111.03
2022-09-27 00:00:00+05:30,95.0,97.19999694824219,92.5999984741211,95.44999694824219,659008,0.0,0.0,HEMIPROP.NS,Hemisphere Properties India Limited,Real Estate,Real Estate - Diversified,39352836096,,0.176,,242.0,111.03
2022-09-28 00:00:00+05:30,94.0,96.0,93.25,94.0999984741211,530441,0.0,0.0,HEMIPROP.NS,Hemisphere Properties India Limited,Real Estate,Real Estate - Diversified,39352836096,,0.176,,242.0,111.03
2022-09-29 00:00:00+05:30,95.0,96.9000015258789,93.5,94.3499984741211,499761,0.0,0.0,HEMIPROP.NS,Hemisphere Properties India Limited,Real Estate,Real Estate - Diversified,39352836096,,0.176,,242.0,111.03
2022-09-30 00:00:00+05:30,94.05000305175781,96.3499984741211,92.75,94.44999694824219,502111,0.0,0.0,HEMIPROP.NS,Hemisphere Properties India Limited,Real Estate,Real Estate - Diversified,39352836096,,0.176,,242.0,111.03
2022-10-03 00:00:00+05:30,94.30000305175781,95.9000015258789,92.05000305175781,92.75,511105,0.0,0.0,HEMIPROP.NS,Hemisphere Properties India Limited,Real Estate,Real Estate - Diversified,39352836096,,0.176,,242.0,111.03
2022-10-04 00:00:00+05:30,93.94999694824219,94.8499984741211,92.69999694824219,93.55000305175781,402504,0.0,0.0,HEMIPROP.NS,Hemisphere Properties India Limited,Real Estate,Real Estate - Diversified,39352836096,,0.176,,242.0,111.03
2022-10-06 00:00:00+05:30,94.55000305175781,100.5,94.44999694824219,97.75,1113560,0.0,0.0,HEMIPROP.NS,Hemisphere Properties India Limited,Real Estate,Real Estate - Diversified,39352836096,,0.176,,242.0,111.03
2022-10-07 00:00:00+05:30,100.9000015258789,104.25,99.5999984741211,101.5999984741211,2273146,0.0,0.0,HEMIPROP.NS,Hemisphere Properties India Limited,Real Estate,Real Estate - Diversified,39352836096,,0.176,,242.0,111.03
2022-10-10 00:00:00+05:30,100.4000015258789,100.9000015258789,99.80000305175781,100.19999694824219,365681,0.0,0.0,HEMIPROP.NS,Hemisphere Properties India Limited,Real Estate,Real Estate - Diversified,39352836096,,0.176,,242.0,111.03
2022-10-11 00:00:00+05:30,100.44999694824219,100.80000305175781,97.55000305175781,98.05000305175781,372482,0.0,0.0,HEMIPROP.NS,Hemisphere Properties India Limited,Real Estate,Real Estate - Diversified,39352836096,,0.176,,242.0,111.03
2022-10-12 00:00:00+05:30,98.30000305175781,99.80000305175781,96.0,97.25,426515,0.0,0.0,HEMIPROP.NS,Hemisphere Properties India Limited,Real Estate,Real Estate - Diversified,39352836096,,0.176,,242.0,111.03
2022-10-13 00:00:00+05:30,97.0,97.25,95.05000305175781,95.5,286310,0.0,0.0,HEMIPROP.NS,Hemisphere Properties India Limited,Real Estate,Real Estate - Diversified,39352836096,,0.176,,242.0,111.03
2022-10-14 00:00:00+05:30,96.4000015258789,97.9000015258789,95.75,96.0999984741211,219023,0.0,0.0,HEMIPROP.NS,Hemisphere Properties India Limited,Real Estate,Real Estate - Diversified,39352836096,,0.176,,242.0,111.03
2022-10-17 00:00:00+05:30,96.55000305175781,96.9000015258789,94.80000305175781,95.8499984741211,154976,0.0,0.0,HEMIPROP.NS,Hemisphere Properties India Limited,Real Estate,Real Estate - Diversified,39352836096,,0.176,,242.0,111.03
2022-10-18 00:00:00+05:30,96.1500015258789,97.75,95.8499984741211,96.25,222772,0.0,0.0,HEMIPROP.NS,Hemisphere Properties India Limited,Real Estate,Real Estate - Diversified,39352836096,,0.176,,242.0,111.03
2022-10-19 00:00:00+05:30,96.75,96.94999694824219,94.5,94.9000015258789,216955,0.0,0.0,HEMIPROP.NS,Hemisphere Properties India Limited,Real Estate,Real Estate - Diversified,39352836096,,0.176,,242.0,111.03
2022-10-20 00:00:00+05:30,95.80000305175781,95.80000305175781,93.94999694824219,94.80000305175781,265418,0.0,0.0,HEMIPROP.NS,Hemisphere Properties India Limited,Real Estate,Real Estate - Diversified,39352836096,,0.176,,242.0,111.03
2022-10-21 00:00:00+05:30,95.25,95.9000015258789,93.69999694824219,94.30000305175781,277731,0.0,0.0,HEMIPROP.NS,Hemisphere Properties India Limited,Real Estate,Real Estate - Diversified,39352836096,,0.176,,242.0,111.03
2022-10-24 00:00:00+05:30,94.55000305175781,95.80000305175781,94.55000305175781,95.30000305175781,87594,0.0,0.0,HEMIPROP.NS,Hemisphere Properties India Limited,Real Estate,Real Estate - Diversified,39352836096,,0.176,,242.0,111.03
2022-10-25 00:00:00+05:30,95.0,95.75,94.30000305175781,94.6500015258789,147771,0.0,0.0,HEMIPROP.NS,Hemisphere Properties India Limited,Real Estate,Real Estate - Diversified,39352836096,,0.176,,242.0,111.03
2022-10-27 00:00:00+05:30,94.75,96.25,94.5,94.9000015258789,199761,0.0,0.0,HEMIPROP.NS,Hemisphere Properties India Limited,Real Estate,Real Estate - Diversified,39352836096,,0.176,,242.0,111.03
2022-10-28 00:00:00+05:30,95.0999984741211,95.44999694824219,94.1500015258789,94.55000305175781,253659,0.0,0.0,HEMIPROP.NS,Hemisphere Properties India Limited,Real Estate,Real Estate - Diversified,39352836096,,0.176,,242.0,111.03
2022-10-31 00:00:00+05:30,95.05000305175781,95.69999694824219,94.5,95.25,265991,0.0,0.0,HEMIPROP.NS,Hemisphere Properties India Limited,Real Estate,Real Estate - Diversified,39352836096,,0.176,,242.0,111.03
2022-11-01 00:00:00+05:30,95.5,98.80000305175781,95.05000305175781,97.19999694824219,523239,0.0,0.0,HEMIPROP.NS,Hemisphere Properties India Limited,Real Estate,Real Estate - Diversified,39352836096,,0.176,,242.0,111.03
2022-11-02 00:00:00+05:30,97.6500015258789,99.6500015258789,97.25,97.6500015258789,663957,0.0,0.0,HEMIPROP.NS,Hemisphere Properties India Limited,Real Estate,Real Estate - Diversified,39352836096,,0.176,,242.0,111.03
2022-11-03 00:00:00+05:30,96.9000015258789,98.80000305175781,96.6500015258789,96.9000015258789,276388,0.0,0.0,HEMIPROP.NS,Hemisphere Properties India Limited,Real Estate,Real Estate - Diversified,39352836096,,0.176,,242.0,111.03
2022-11-04 00:00:00+05:30,97.0999984741211,98.9000015258789,97.0,97.5,331394,0.0,0.0,HEMIPROP.NS,Hemisphere Properties India Limited,Real Estate,Real Estate - Diversified,39352836096,,0.176,,242.0,111.03
2022-11-07 00:00:00+05:30,98.0,98.5,96.19999694824219,97.19999694824219,437638,0.0,0.0,HEMIPROP.NS,Hemisphere Properties India Limited,Real Estate,Real Estate - Diversified,39352836096,,0.176,,242.0,111.03
2022-11-09 00:00:00+05:30,98.19999694824219,98.6500015258789,96.19999694824219,96.3499984741211,338383,0.0,0.0,HEMIPROP.NS,Hemisphere Properties India Limited,Real Estate,Real Estate - Diversified,39352836096,,0.176,,242.0,111.03
2022-11-10 00:00:00+05:30,96.4000015258789,96.6500015258789,95.0,95.19999694824219,251683,0.0,0.0,HEMIPROP.NS,Hemisphere Properties India Limited,Real Estate,Real Estate - Diversified,39352836096,,0.176,,242.0,111.03
2022-11-11 00:00:00+05:30,96.25,96.4000015258789,95.0999984741211,95.3499984741211,317814,0.0,0.0,HEMIPROP.NS,Hemisphere Properties India Limited,Real Estate,Real Estate - Diversified,39352836096,,0.176,,242.0,111.03
2022-11-14 00:00:00+05:30,95.5999984741211,95.8499984741211,94.75,95.25,246656,0.0,0.0,HEMIPROP.NS,Hemisphere Properties India Limited,Real Estate,Real Estate - Diversified,39352836096,,0.176,,242.0,111.03
2022-11-15 00:00:00+05:30,95.5,97.6500015258789,95.25,96.25,625181,0.0,0.0,HEMIPROP.NS,Hemisphere Properties India Limited,Real Estate,Real Estate - Diversified,39352836096,,0.176,,242.0,111.03
2022-11-16 00:00:00+05:30,96.5,98.5,95.5999984741211,95.8499984741211,487247,0.0,0.0,HEMIPROP.NS,Hemisphere Properties India Limited,Real Estate,Real Estate - Diversified,39352836096,,0.176,,242.0,111.03
2022-11-17 00:00:00+05:30,96.0999984741211,96.8499984741211,95.5,95.8499984741211,336967,0.0,0.0,HEMIPROP.NS,Hemisphere Properties India Limited,Real Estate,Real Estate - Diversified,39352836096,,0.176,,242.0,111.03
2022-11-18 00:00:00+05:30,96.3499984741211,96.55000305175781,95.75,96.1500015258789,202119,0.0,0.0,HEMIPROP.NS,Hemisphere Properties India Limited,Real Estate,Real Estate - Diversified,39352836096,,0.176,,242.0,111.03
2022-11-21 00:00:00+05:30,96.5999984741211,96.69999694824219,95.3499984741211,95.9000015258789,279184,0.0,0.0,HEMIPROP.NS,Hemisphere Properties India Limited,Real Estate,Real Estate - Diversified,39352836096,,0.176,,242.0,111.03
2022-11-22 00:00:00+05:30,95.5999984741211,96.30000305175781,95.0999984741211,95.44999694824219,253247,0.0,0.0,HEMIPROP.NS,Hemisphere Properties India Limited,Real Estate,Real Estate - Diversified,39352836096,,0.176,,242.0,111.03
2022-11-23 00:00:00+05:30,95.69999694824219,97.25,95.25,95.80000305175781,338320,0.0,0.0,HEMIPROP.NS,Hemisphere Properties India Limited,Real Estate,Real Estate - Diversified,39352836096,,0.176,,242.0,111.03
2022-11-24 00:00:00+05:30,96.05000305175781,103.19999694824219,96.0,100.5,2470305,0.0,0.0,HEMIPROP.NS,Hemisphere Properties India Limited,Real Estate,Real Estate - Diversified,39352836096,,0.176,,242.0,111.03
2022-11-25 00:00:00+05:30,101.05000305175781,102.0,97.6500015258789,97.8499984741211,970606,0.0,0.0,HEMIPROP.NS,Hemisphere Properties India Limited,Real Estate,Real Estate - Diversified,39352836096,,0.176,,242.0,111.03
2022-11-28 00:00:00+05:30,98.0,99.75,97.25,97.6500015258789,616197,0.0,0.0,HEMIPROP.NS,Hemisphere Properties India Limited,Real Estate,Real Estate - Diversified,39352836096,,0.176,,242.0,111.03
2022-11-29 00:00:00+05:30,97.5999984741211,99.55000305175781,96.5999984741211,96.75,567158,0.0,0.0,HEMIPROP.NS,Hemisphere Properties India Limited,Real Estate,Real Estate - Diversified,39352836096,,0.176,,242.0,111.03
2022-11-30 00:00:00+05:30,97.25,101.5999984741211,96.0,97.0,1394618,0.0,0.0,HEMIPROP.NS,Hemisphere Properties India Limited,Real Estate,Real Estate - Diversified,39352836096,,0.176,,242.0,111.03
2022-12-01 00:00:00+05:30,98.44999694824219,99.30000305175781,96.80000305175781,97.0999984741211,1262602,0.0,0.0,HEMIPROP.NS,Hemisphere Properties India Limited,Real Estate,Real Estate - Diversified,39352836096,,0.176,,242.0,111.03
2022-12-02 00:00:00+05:30,97.55000305175781,103.44999694824219,97.30000305175781,102.8499984741211,3260819,0.0,0.0,HEMIPROP.NS,Hemisphere Properties India Limited,Real Estate,Real Estate - Diversified,39352836096,,0.176,,242.0,111.03
2022-12-05 00:00:00+05:30,104.69999694824219,114.80000305175781,104.0,113.25,12452069,0.0,0.0,HEMIPROP.NS,Hemisphere Properties India Limited,Real Estate,Real Estate - Diversified,39352836096,,0.176,,242.0,111.03
2022-12-06 00:00:00+05:30,113.94999694824219,116.0,113.3499984741211,114.3499984741211,3267664,0.0,0.0,HEMIPROP.NS,Hemisphere Properties India Limited,Real Estate,Real Estate - Diversified,39352836096,,0.176,,242.0,111.03
2022-12-07 00:00:00+05:30,114.19999694824219,114.9000015258789,108.5999984741211,111.19999694824219,2205745,0.0,0.0,HEMIPROP.NS,Hemisphere Properties India Limited,Real Estate,Real Estate - Diversified,39352836096,,0.176,,242.0,111.03
2022-12-08 00:00:00+05:30,111.6500015258789,112.4000015258789,109.25,110.3499984741211,894642,0.0,0.0,HEMIPROP.NS,Hemisphere Properties India Limited,Real Estate,Real Estate - Diversified,39352836096,,0.176,,242.0,111.03
2022-12-09 00:00:00+05:30,110.9000015258789,113.19999694824219,107.0,108.0999984741211,1130298,0.0,0.0,HEMIPROP.NS,Hemisphere Properties India Limited,Real Estate,Real Estate - Diversified,39352836096,,0.176,,242.0,111.03
2022-12-12 00:00:00+05:30,107.6500015258789,111.75,106.4000015258789,110.75,1439508,0.0,0.0,HEMIPROP.NS,Hemisphere Properties India Limited,Real Estate,Real Estate - Diversified,39352836096,,0.176,,242.0,111.03
2022-12-13 00:00:00+05:30,111.3499984741211,113.5999984741211,110.4000015258789,111.4000015258789,920958,0.0,0.0,HEMIPROP.NS,Hemisphere Properties India Limited,Real Estate,Real Estate - Diversified,39352836096,,0.176,,242.0,111.03
2022-12-14 00:00:00+05:30,111.9000015258789,112.94999694824219,109.5999984741211,110.19999694824219,723680,0.0,0.0,HEMIPROP.NS,Hemisphere Properties India Limited,Real Estate,Real Estate - Diversified,39352836096,,0.176,,242.0,111.03
2022-12-15 00:00:00+05:30,110.19999694824219,115.9000015258789,110.19999694824219,112.80000305175781,2904982,0.0,0.0,HEMIPROP.NS,Hemisphere Properties India Limited,Real Estate,Real Estate - Diversified,39352836096,,0.176,,242.0,111.03
2022-12-16 00:00:00+05:30,112.05000305175781,115.9000015258789,111.05000305175781,113.0999984741211,1471958,0.0,0.0,HEMIPROP.NS,Hemisphere Properties India Limited,Real Estate,Real Estate - Diversified,39352836096,,0.176,,242.0,111.03
2022-12-19 00:00:00+05:30,113.80000305175781,119.3499984741211,112.19999694824219,118.0,3485299,0.0,0.0,HEMIPROP.NS,Hemisphere Properties India Limited,Real Estate,Real Estate - Diversified,39352836096,,0.176,,242.0,111.03
2022-12-20 00:00:00+05:30,118.0,119.9000015258789,115.5999984741211,117.0999984741211,2369701,0.0,0.0,HEMIPROP.NS,Hemisphere Properties India Limited,Real Estate,Real Estate - Diversified,39352836096,,0.176,,242.0,111.03
2022-12-21 00:00:00+05:30,118.0,118.5,109.80000305175781,110.44999694824219,1720959,0.0,0.0,HEMIPROP.NS,Hemisphere Properties India Limited,Real Estate,Real Estate - Diversified,39352836096,,0.176,,242.0,111.03
2022-12-22 00:00:00+05:30,111.6500015258789,112.4000015258789,107.0999984741211,108.5,1439147,0.0,0.0,HEMIPROP.NS,Hemisphere Properties India Limited,Real Estate,Real Estate - Diversified,39352836096,,0.176,,242.0,111.03
2022-12-23 00:00:00+05:30,107.0,108.0999984741211,96.0999984741211,98.80000305175781,1939702,0.0,0.0,HEMIPROP.NS,Hemisphere Properties India Limited,Real Estate,Real Estate - Diversified,39352836096,,0.176,,242.0,111.03
2022-12-26 00:00:00+05:30,99.69999694824219,105.75,99.55000305175781,104.05000305175781,1160226,0.0,0.0,HEMIPROP.NS,Hemisphere Properties India Limited,Real Estate,Real Estate - Diversified,39352836096,,0.176,,242.0,111.03
2022-12-27 00:00:00+05:30,105.9000015258789,110.0,105.25,109.0999984741211,1517586,0.0,0.0,HEMIPROP.NS,Hemisphere Properties India Limited,Real Estate,Real Estate - Diversified,39352836096,,0.176,,242.0,111.03
2022-12-28 00:00:00+05:30,109.5999984741211,111.5,108.5,109.44999694824219,980193,0.0,0.0,HEMIPROP.NS,Hemisphere Properties India Limited,Real Estate,Real Estate - Diversified,39352836096,,0.176,,242.0,111.03
2022-12-29 00:00:00+05:30,109.30000305175781,109.30000305175781,107.19999694824219,108.0999984741211,304273,0.0,0.0,HEMIPROP.NS,Hemisphere Properties India Limited,Real Estate,Real Estate - Diversified,39352836096,,0.176,,242.0,111.03
2022-12-30 00:00:00+05:30,109.0,111.4000015258789,107.05000305175781,107.94999694824219,572147,0.0,0.0,HEMIPROP.NS,Hemisphere Properties India Limited,Real Estate,Real Estate - Diversified,39352836096,,0.176,,242.0,111.03
2023-01-02 00:00:00+05:30,109.0,111.44999694824219,108.5999984741211,110.19999694824219,593329,0.0,0.0,HEMIPROP.NS,Hemisphere Properties India Limited,Real Estate,Real Estate - Diversified,39352836096,,0.176,,242.0,111.03
2023-01-03 00:00:00+05:30,110.0,114.9000015258789,110.0,112.6500015258789,1673044,0.0,0.0,HEMIPROP.NS,Hemisphere Properties India Limited,Real Estate,Real Estate - Diversified,39352836096,,0.176,,242.0,111.03
2023-01-04 00:00:00+05:30,113.4000015258789,113.6500015258789,109.19999694824219,110.05000305175781,740555,0.0,0.0,HEMIPROP.NS,Hemisphere Properties India Limited,Real Estate,Real Estate - Diversified,39352836096,,0.176,,242.0,111.03
2023-01-05 00:00:00+05:30,110.69999694824219,110.80000305175781,107.55000305175781,108.44999694824219,654185,0.0,0.0,HEMIPROP.NS,Hemisphere Properties India Limited,Real Estate,Real Estate - Diversified,39352836096,,0.176,,242.0,111.03
2023-01-06 00:00:00+05:30,109.05000305175781,111.80000305175781,106.75,107.4000015258789,1060401,0.0,0.0,HEMIPROP.NS,Hemisphere Properties India Limited,Real Estate,Real Estate - Diversified,39352836096,,0.176,,242.0,111.03
2023-01-09 00:00:00+05:30,108.25,109.1500015258789,107.0,107.4000015258789,462844,0.0,0.0,HEMIPROP.NS,Hemisphere Properties India Limited,Real Estate,Real Estate - Diversified,39352836096,,0.176,,242.0,111.03
2023-01-10 00:00:00+05:30,107.75,107.75,105.1500015258789,105.6500015258789,334663,0.0,0.0,HEMIPROP.NS,Hemisphere Properties India Limited,Real Estate,Real Estate - Diversified,39352836096,,0.176,,242.0,111.03
2023-01-11 00:00:00+05:30,105.80000305175781,107.4000015258789,105.44999694824219,105.9000015258789,553144,0.0,0.0,HEMIPROP.NS,Hemisphere Properties India Limited,Real Estate,Real Estate - Diversified,39352836096,,0.176,,242.0,111.03
2023-01-12 00:00:00+05:30,106.69999694824219,106.69999694824219,105.25,106.0,211274,0.0,0.0,HEMIPROP.NS,Hemisphere Properties India Limited,Real Estate,Real Estate - Diversified,39352836096,,0.176,,242.0,111.03
2023-01-13 00:00:00+05:30,106.9000015258789,106.9000015258789,105.05000305175781,106.0,265270,0.0,0.0,HEMIPROP.NS,Hemisphere Properties India Limited,Real Estate,Real Estate - Diversified,39352836096,,0.176,,242.0,111.03
2023-01-16 00:00:00+05:30,106.0999984741211,107.0999984741211,104.0,104.4000015258789,422454,0.0,0.0,HEMIPROP.NS,Hemisphere Properties India Limited,Real Estate,Real Estate - Diversified,39352836096,,0.176,,242.0,111.03
2023-01-17 00:00:00+05:30,104.75,105.0,103.19999694824219,103.8499984741211,340895,0.0,0.0,HEMIPROP.NS,Hemisphere Properties India Limited,Real Estate,Real Estate - Diversified,39352836096,,0.176,,242.0,111.03
2023-01-18 00:00:00+05:30,104.75,106.5,104.0,105.4000015258789,359324,0.0,0.0,HEMIPROP.NS,Hemisphere Properties India Limited,Real Estate,Real Estate - Diversified,39352836096,,0.176,,242.0,111.03
2023-01-19 00:00:00+05:30,104.0,106.30000305175781,104.0,104.0999984741211,265511,0.0,0.0,HEMIPROP.NS,Hemisphere Properties India Limited,Real Estate,Real Estate - Diversified,39352836096,,0.176,,242.0,111.03
2023-01-20 00:00:00+05:30,104.4000015258789,105.4000015258789,103.5,103.6500015258789,225338,0.0,0.0,HEMIPROP.NS,Hemisphere Properties India Limited,Real Estate,Real Estate - Diversified,39352836096,,0.176,,242.0,111.03
2023-01-23 00:00:00+05:30,103.8499984741211,104.0999984741211,102.0999984741211,102.55000305175781,272380,0.0,0.0,HEMIPROP.NS,Hemisphere Properties India Limited,Real Estate,Real Estate - Diversified,39352836096,,0.176,,242.0,111.03
2023-01-24 00:00:00+05:30,102.80000305175781,103.75,101.9000015258789,102.44999694824219,237398,0.0,0.0,HEMIPROP.NS,Hemisphere Properties India Limited,Real Estate,Real Estate - Diversified,39352836096,,0.176,,242.0,111.03
2023-01-25 00:00:00+05:30,102.5999984741211,102.5999984741211,100.6500015258789,101.05000305175781,274394,0.0,0.0,HEMIPROP.NS,Hemisphere Properties India Limited,Real Estate,Real Estate - Diversified,39352836096,,0.176,,242.0,111.03
2023-01-27 00:00:00+05:30,101.30000305175781,102.05000305175781,99.05000305175781,99.80000305175781,479818,0.0,0.0,HEMIPROP.NS,Hemisphere Properties India Limited,Real Estate,Real Estate - Diversified,39352836096,,0.176,,242.0,111.03
2023-01-30 00:00:00+05:30,98.19999694824219,100.80000305175781,98.05000305175781,98.30000305175781,375521,0.0,0.0,HEMIPROP.NS,Hemisphere Properties India Limited,Real Estate,Real Estate - Diversified,39352836096,,0.176,,242.0,111.03
2023-01-31 00:00:00+05:30,100.0,101.75,99.0999984741211,101.1500015258789,382158,0.0,0.0,HEMIPROP.NS,Hemisphere Properties India Limited,Real Estate,Real Estate - Diversified,39352836096,,0.176,,242.0,111.03
2023-02-01 00:00:00+05:30,101.5,102.4000015258789,97.19999694824219,97.80000305175781,504979,0.0,0.0,HEMIPROP.NS,Hemisphere Properties India Limited,Real Estate,Real Estate - Diversified,39352836096,,0.176,,242.0,111.03
2023-02-02 00:00:00+05:30,97.05000305175781,99.44999694824219,97.05000305175781,97.94999694824219,277831,0.0,0.0,HEMIPROP.NS,Hemisphere Properties India Limited,Real Estate,Real Estate - Diversified,39352836096,,0.176,,242.0,111.03
2023-02-03 00:00:00+05:30,97.80000305175781,99.75,97.05000305175781,99.0,526471,0.0,0.0,HEMIPROP.NS,Hemisphere Properties India Limited,Real Estate,Real Estate - Diversified,39352836096,,0.176,,242.0,111.03
2023-02-06 00:00:00+05:30,99.9000015258789,100.19999694824219,98.4000015258789,99.25,269144,0.0,0.0,HEMIPROP.NS,Hemisphere Properties India Limited,Real Estate,Real Estate - Diversified,39352836096,,0.176,,242.0,111.03
2023-02-07 00:00:00+05:30,99.94999694824219,99.94999694824219,98.0,98.30000305175781,202737,0.0,0.0,HEMIPROP.NS,Hemisphere Properties India Limited,Real Estate,Real Estate - Diversified,39352836096,,0.176,,242.0,111.03
2023-02-08 00:00:00+05:30,98.30000305175781,99.3499984741211,98.0999984741211,98.80000305175781,238141,0.0,0.0,HEMIPROP.NS,Hemisphere Properties India Limited,Real Estate,Real Estate - Diversified,39352836096,,0.176,,242.0,111.03
2023-02-09 00:00:00+05:30,99.05000305175781,104.80000305175781,98.69999694824219,101.75,383588,0.0,0.0,HEMIPROP.NS,Hemisphere Properties India Limited,Real Estate,Real Estate - Diversified,39352836096,,0.176,,242.0,111.03
2023-02-10 00:00:00+05:30,104.75,105.6500015258789,102.55000305175781,103.0999984741211,479061,0.0,0.0,HEMIPROP.NS,Hemisphere Properties India Limited,Real Estate,Real Estate - Diversified,39352836096,,0.176,,242.0,111.03
2023-02-13 00:00:00+05:30,101.25,102.3499984741211,98.30000305175781,98.55000305175781,344517,0.0,0.0,HEMIPROP.NS,Hemisphere Properties India Limited,Real Estate,Real Estate - Diversified,39352836096,,0.176,,242.0,111.03
2023-02-14 00:00:00+05:30,98.69999694824219,99.6500015258789,97.75,98.25,284252,0.0,0.0,HEMIPROP.NS,Hemisphere Properties India Limited,Real Estate,Real Estate - Diversified,39352836096,,0.176,,242.0,111.03
2023-02-15 00:00:00+05:30,98.25,99.19999694824219,98.0,98.75,226479,0.0,0.0,HEMIPROP.NS,Hemisphere Properties India Limited,Real Estate,Real Estate - Diversified,39352836096,,0.176,,242.0,111.03
2023-02-16 00:00:00+05:30,99.25,99.9000015258789,98.25,98.5,292994,0.0,0.0,HEMIPROP.NS,Hemisphere Properties India Limited,Real Estate,Real Estate - Diversified,39352836096,,0.176,,242.0,111.03
2023-02-17 00:00:00+05:30,98.5,99.0,97.30000305175781,97.5999984741211,332050,0.0,0.0,HEMIPROP.NS,Hemisphere Properties India Limited,Real Estate,Real Estate - Diversified,39352836096,,0.176,,242.0,111.03
2023-02-20 00:00:00+05:30,97.19999694824219,98.9000015258789,97.05000305175781,97.30000305175781,311224,0.0,0.0,HEMIPROP.NS,Hemisphere Properties India Limited,Real Estate,Real Estate - Diversified,39352836096,,0.176,,242.0,111.03
2023-02-21 00:00:00+05:30,97.4000015258789,98.0,97.05000305175781,97.0999984741211,293040,0.0,0.0,HEMIPROP.NS,Hemisphere Properties India Limited,Real Estate,Real Estate - Diversified,39352836096,,0.176,,242.0,111.03
2023-02-22 00:00:00+05:30,96.19999694824219,98.0,96.0999984741211,96.55000305175781,232014,0.0,0.0,HEMIPROP.NS,Hemisphere Properties India Limited,Real Estate,Real Estate - Diversified,39352836096,,0.176,,242.0,111.03
2023-02-23 00:00:00+05:30,96.5999984741211,96.75,95.5,95.94999694824219,282867,0.0,0.0,HEMIPROP.NS,Hemisphere Properties India Limited,Real Estate,Real Estate - Diversified,39352836096,,0.176,,242.0,111.03
2023-02-24 00:00:00+05:30,96.5999984741211,96.75,95.25,95.44999694824219,187191,0.0,0.0,HEMIPROP.NS,Hemisphere Properties India Limited,Real Estate,Real Estate - Diversified,39352836096,,0.176,,242.0,111.03
2023-02-27 00:00:00+05:30,95.44999694824219,95.9000015258789,94.30000305175781,94.5,369857,0.0,0.0,HEMIPROP.NS,Hemisphere Properties India Limited,Real Estate,Real Estate - Diversified,39352836096,,0.176,,242.0,111.03
2023-02-28 00:00:00+05:30,95.25,95.44999694824219,92.80000305175781,93.44999694824219,336926,0.0,0.0,HEMIPROP.NS,Hemisphere Properties India Limited,Real Estate,Real Estate - Diversified,39352836096,,0.176,,242.0,111.03
2023-03-01 00:00:00+05:30,94.30000305175781,95.25,93.05000305175781,93.55000305175781,214706,0.0,0.0,HEMIPROP.NS,Hemisphere Properties India Limited,Real Estate,Real Estate - Diversified,39352836096,,0.176,,242.0,111.03
2023-03-02 00:00:00+05:30,93.9000015258789,94.6500015258789,93.5,93.69999694824219,267839,0.0,0.0,HEMIPROP.NS,Hemisphere Properties India Limited,Real Estate,Real Estate - Diversified,39352836096,,0.176,,242.0,111.03
2023-03-03 00:00:00+05:30,94.5,95.5999984741211,94.3499984741211,94.5999984741211,322727,0.0,0.0,HEMIPROP.NS,Hemisphere Properties India Limited,Real Estate,Real Estate - Diversified,39352836096,,0.176,,242.0,111.03
2023-03-06 00:00:00+05:30,95.4000015258789,96.8499984741211,94.5,94.75,454369,0.0,0.0,HEMIPROP.NS,Hemisphere Properties India Limited,Real Estate,Real Estate - Diversified,39352836096,,0.176,,242.0,111.03
2023-03-08 00:00:00+05:30,94.4000015258789,95.5,94.0999984741211,94.5999984741211,322330,0.0,0.0,HEMIPROP.NS,Hemisphere Properties India Limited,Real Estate,Real Estate - Diversified,39352836096,,0.176,,242.0,111.03
2023-03-09 00:00:00+05:30,94.94999694824219,95.80000305175781,93.75,93.9000015258789,340438,0.0,0.0,HEMIPROP.NS,Hemisphere Properties India Limited,Real Estate,Real Estate - Diversified,39352836096,,0.176,,242.0,111.03
2023-03-10 00:00:00+05:30,93.25,95.44999694824219,92.80000305175781,93.6500015258789,393949,0.0,0.0,HEMIPROP.NS,Hemisphere Properties India Limited,Real Estate,Real Estate - Diversified,39352836096,,0.176,,242.0,111.03
2023-03-13 00:00:00+05:30,93.6500015258789,94.0,91.30000305175781,91.5999984741211,599612,0.0,0.0,HEMIPROP.NS,Hemisphere Properties India Limited,Real Estate,Real Estate - Diversified,39352836096,,0.176,,242.0,111.03
2023-03-14 00:00:00+05:30,91.94999694824219,92.3499984741211,90.75,90.9000015258789,268076,0.0,0.0,HEMIPROP.NS,Hemisphere Properties India Limited,Real Estate,Real Estate - Diversified,39352836096,,0.176,,242.0,111.03
2023-03-15 00:00:00+05:30,91.55000305175781,92.25,88.0999984741211,88.8499984741211,377224,0.0,0.0,HEMIPROP.NS,Hemisphere Properties India Limited,Real Estate,Real Estate - Diversified,39352836096,,0.176,,242.0,111.03
2023-03-16 00:00:00+05:30,88.0999984741211,89.5999984741211,87.69999694824219,88.5999984741211,363485,0.0,0.0,HEMIPROP.NS,Hemisphere Properties India Limited,Real Estate,Real Estate - Diversified,39352836096,,0.176,,242.0,111.03
2023-03-17 00:00:00+05:30,90.44999694824219,90.55000305175781,88.55000305175781,89.30000305175781,313822,0.0,0.0,HEMIPROP.NS,Hemisphere Properties India Limited,Real Estate,Real Estate - Diversified,39352836096,,0.176,,242.0,111.03
2023-03-20 00:00:00+05:30,89.0,89.0,86.94999694824219,87.55000305175781,675322,0.0,0.0,HEMIPROP.NS,Hemisphere Properties India Limited,Real Estate,Real Estate - Diversified,39352836096,,0.176,,242.0,111.03
2023-03-21 00:00:00+05:30,88.44999694824219,89.5999984741211,86.5999984741211,87.6500015258789,492705,0.0,0.0,HEMIPROP.NS,Hemisphere Properties India Limited,Real Estate,Real Estate - Diversified,39352836096,,0.176,,242.0,111.03
2023-03-22 00:00:00+05:30,88.44999694824219,93.5,88.44999694824219,91.4000015258789,787144,0.0,0.0,HEMIPROP.NS,Hemisphere Properties India Limited,Real Estate,Real Estate - Diversified,39352836096,,0.176,,242.0,111.03
2023-03-23 00:00:00+05:30,91.75,93.19999694824219,89.19999694824219,89.55000305175781,402290,0.0,0.0,HEMIPROP.NS,Hemisphere Properties India Limited,Real Estate,Real Estate - Diversified,39352836096,,0.176,,242.0,111.03
2023-03-24 00:00:00+05:30,88.9000015258789,89.75,86.5999984741211,86.69999694824219,353372,0.0,0.0,HEMIPROP.NS,Hemisphere Properties India Limited,Real Estate,Real Estate - Diversified,39352836096,,0.176,,242.0,111.03
2023-03-27 00:00:00+05:30,86.69999694824219,87.80000305175781,83.0999984741211,83.9000015258789,801044,0.0,0.0,HEMIPROP.NS,Hemisphere Properties India Limited,Real Estate,Real Estate - Diversified,39352836096,,0.176,,242.0,111.03
2023-03-28 00:00:00+05:30,83.9000015258789,84.8499984741211,81.0999984741211,81.4000015258789,835640,0.0,0.0,HEMIPROP.NS,Hemisphere Properties India Limited,Real Estate,Real Estate - Diversified,39352836096,,0.176,,242.0,111.03
2023-03-29 00:00:00+05:30,81.9000015258789,82.8499984741211,79.9000015258789,81.4000015258789,1167822,0.0,0.0,HEMIPROP.NS,Hemisphere Properties India Limited,Real Estate,Real Estate - Diversified,39352836096,,0.176,,242.0,111.03
2023-03-31 00:00:00+05:30,81.75,85.0,81.75,82.3499984741211,784407,0.0,0.0,HEMIPROP.NS,Hemisphere Properties India Limited,Real Estate,Real Estate - Diversified,39352836096,,0.176,,242.0,111.03
2023-04-03 00:00:00+05:30,83.0,87.9000015258789,82.80000305175781,87.3499984741211,952433,0.0,0.0,HEMIPROP.NS,Hemisphere Properties India Limited,Real Estate,Real Estate - Diversified,39352836096,,0.176,,242.0,111.03
2023-04-05 00:00:00+05:30,88.4000015258789,88.75,87.1500015258789,88.0,422174,0.0,0.0,HEMIPROP.NS,Hemisphere Properties India Limited,Real Estate,Real Estate - Diversified,39352836096,,0.176,,242.0,111.03
2023-04-06 00:00:00+05:30,88.0,91.5,87.44999694824219,90.55000305175781,594331,0.0,0.0,HEMIPROP.NS,Hemisphere Properties India Limited,Real Estate,Real Estate - Diversified,39352836096,,0.176,,242.0,111.03
2023-04-10 00:00:00+05:30,91.1500015258789,92.75,90.1500015258789,92.0999984741211,505421,0.0,0.0,HEMIPROP.NS,Hemisphere Properties India Limited,Real Estate,Real Estate - Diversified,39352836096,,0.176,,242.0,111.03
2023-04-11 00:00:00+05:30,93.69999694824219,93.69999694824219,91.0,91.25,211127,0.0,0.0,HEMIPROP.NS,Hemisphere Properties India Limited,Real Estate,Real Estate - Diversified,39352836096,,0.176,,242.0,111.03
2023-04-12 00:00:00+05:30,91.44999694824219,92.05000305175781,89.1500015258789,89.75,308046,0.0,0.0,HEMIPROP.NS,Hemisphere Properties India Limited,Real Estate,Real Estate - Diversified,39352836096,,0.176,,242.0,111.03
2023-04-13 00:00:00+05:30,89.55000305175781,91.30000305175781,89.25,90.5,327712,0.0,0.0,HEMIPROP.NS,Hemisphere Properties India Limited,Real Estate,Real Estate - Diversified,39352836096,,0.176,,242.0,111.03
2023-04-17 00:00:00+05:30,90.44999694824219,91.0,89.1500015258789,89.30000305175781,320781,0.0,0.0,HEMIPROP.NS,Hemisphere Properties India Limited,Real Estate,Real Estate - Diversified,39352836096,,0.176,,242.0,111.03
2023-04-18 00:00:00+05:30,89.3499984741211,93.69999694824219,89.3499984741211,93.0999984741211,1214570,0.0,0.0,HEMIPROP.NS,Hemisphere Properties India Limited,Real Estate,Real Estate - Diversified,39352836096,,0.176,,242.0,111.03
2023-04-19 00:00:00+05:30,94.4000015258789,95.0,91.80000305175781,92.30000305175781,621870,0.0,0.0,HEMIPROP.NS,Hemisphere Properties India Limited,Real Estate,Real Estate - Diversified,39352836096,,0.176,,242.0,111.03
2023-04-20 00:00:00+05:30,92.30000305175781,92.80000305175781,91.25,91.5,159184,0.0,0.0,HEMIPROP.NS,Hemisphere Properties India Limited,Real Estate,Real Estate - Diversified,39352836096,,0.176,,242.0,111.03
2023-04-21 00:00:00+05:30,92.25,92.25,89.5999984741211,90.5999984741211,244987,0.0,0.0,HEMIPROP.NS,Hemisphere Properties India Limited,Real Estate,Real Estate - Diversified,39352836096,,0.176,,242.0,111.03
2023-04-24 00:00:00+05:30,90.80000305175781,92.44999694824219,89.6500015258789,90.05000305175781,386277,0.0,0.0,HEMIPROP.NS,Hemisphere Properties India Limited,Real Estate,Real Estate - Diversified,39352836096,,0.176,,242.0,111.03
2023-04-25 00:00:00+05:30,90.0999984741211,91.44999694824219,89.5999984741211,89.94999694824219,346882,0.0,0.0,HEMIPROP.NS,Hemisphere Properties India Limited,Real Estate,Real Estate - Diversified,39352836096,,0.176,,242.0,111.03
2023-04-26 00:00:00+05:30,90.5,91.30000305175781,90.0,90.55000305175781,319447,0.0,0.0,HEMIPROP.NS,Hemisphere Properties India Limited,Real Estate,Real Estate - Diversified,39352836096,,0.176,,242.0,111.03
2023-04-27 00:00:00+05:30,90.9000015258789,95.5,90.44999694824219,93.75,1199501,0.0,0.0,HEMIPROP.NS,Hemisphere Properties India Limited,Real Estate,Real Estate - Diversified,39352836096,,0.176,,242.0,111.03
2023-04-28 00:00:00+05:30,94.0,94.6500015258789,93.0,93.3499984741211,253083,0.0,0.0,HEMIPROP.NS,Hemisphere Properties India Limited,Real Estate,Real Estate - Diversified,39352836096,,0.176,,242.0,111.03
2023-05-02 00:00:00+05:30,93.80000305175781,97.19999694824219,93.6500015258789,95.55000305175781,729873,0.0,0.0,HEMIPROP.NS,Hemisphere Properties India Limited,Real Estate,Real Estate - Diversified,39352836096,,0.176,,242.0,111.03
2023-05-03 00:00:00+05:30,95.44999694824219,96.5,94.75,95.25,369254,0.0,0.0,HEMIPROP.NS,Hemisphere Properties India Limited,Real Estate,Real Estate - Diversified,39352836096,,0.176,,242.0,111.03
2023-05-04 00:00:00+05:30,95.30000305175781,97.4000015258789,94.1500015258789,94.8499984741211,578281,0.0,0.0,HEMIPROP.NS,Hemisphere Properties India Limited,Real Estate,Real Estate - Diversified,39352836096,,0.176,,242.0,111.03
2023-05-05 00:00:00+05:30,95.0999984741211,95.3499984741211,93.4000015258789,94.1500015258789,328327,0.0,0.0,HEMIPROP.NS,Hemisphere Properties India Limited,Real Estate,Real Estate - Diversified,39352836096,,0.176,,242.0,111.03
2023-05-08 00:00:00+05:30,93.94999694824219,95.80000305175781,93.9000015258789,94.94999694824219,288576,0.0,0.0,HEMIPROP.NS,Hemisphere Properties India Limited,Real Estate,Real Estate - Diversified,39352836096,,0.176,,242.0,111.03
2023-05-09 00:00:00+05:30,95.0,95.6500015258789,93.69999694824219,93.94999694824219,266741,0.0,0.0,HEMIPROP.NS,Hemisphere Properties India Limited,Real Estate,Real Estate - Diversified,39352836096,,0.176,,242.0,111.03
2023-05-10 00:00:00+05:30,94.4000015258789,94.4000015258789,92.6500015258789,93.1500015258789,210625,0.0,0.0,HEMIPROP.NS,Hemisphere Properties India Limited,Real Estate,Real Estate - Diversified,39352836096,,0.176,,242.0,111.03
2023-05-11 00:00:00+05:30,93.1500015258789,94.80000305175781,93.0999984741211,93.3499984741211,200847,0.0,0.0,HEMIPROP.NS,Hemisphere Properties India Limited,Real Estate,Real Estate - Diversified,39352836096,,0.176,,242.0,111.03
2023-05-12 00:00:00+05:30,93.80000305175781,94.0,91.94999694824219,92.19999694824219,245358,0.0,0.0,HEMIPROP.NS,Hemisphere Properties India Limited,Real Estate,Real Estate - Diversified,39352836096,,0.176,,242.0,111.03
2023-05-15 00:00:00+05:30,92.4000015258789,97.5,91.3499984741211,96.0999984741211,1193942,0.0,0.0,HEMIPROP.NS,Hemisphere Properties India Limited,Real Estate,Real Estate - Diversified,39352836096,,0.176,,242.0,111.03
2023-05-16 00:00:00+05:30,97.0,97.6500015258789,94.5999984741211,94.80000305175781,425626,0.0,0.0,HEMIPROP.NS,Hemisphere Properties India Limited,Real Estate,Real Estate - Diversified,39352836096,,0.176,,242.0,111.03
2023-05-17 00:00:00+05:30,95.0,95.30000305175781,92.94999694824219,93.69999694824219,361652,0.0,0.0,HEMIPROP.NS,Hemisphere Properties India Limited,Real Estate,Real Estate - Diversified,39352836096,,0.176,,242.0,111.03
2023-05-18 00:00:00+05:30,93.9000015258789,94.69999694824219,92.5999984741211,92.75,289457,0.0,0.0,HEMIPROP.NS,Hemisphere Properties India Limited,Real Estate,Real Estate - Diversified,39352836096,,0.176,,242.0,111.03
2023-05-19 00:00:00+05:30,92.3499984741211,93.5999984741211,91.8499984741211,93.0999984741211,311943,0.0,0.0,HEMIPROP.NS,Hemisphere Properties India Limited,Real Estate,Real Estate - Diversified,39352836096,,0.176,,242.0,111.03
2023-05-22 00:00:00+05:30,93.05000305175781,93.69999694824219,92.30000305175781,92.69999694824219,208325,0.0,0.0,HEMIPROP.NS,Hemisphere Properties India Limited,Real Estate,Real Estate - Diversified,39352836096,,0.176,,242.0,111.03
2023-05-23 00:00:00+05:30,92.69999694824219,94.5999984741211,92.69999694824219,93.1500015258789,260288,0.0,0.0,HEMIPROP.NS,Hemisphere Properties India Limited,Real Estate,Real Estate - Diversified,39352836096,,0.176,,242.0,111.03
2023-05-24 00:00:00+05:30,93.0,94.0999984741211,92.5999984741211,92.8499984741211,206229,0.0,0.0,HEMIPROP.NS,Hemisphere Properties India Limited,Real Estate,Real Estate - Diversified,39352836096,,0.176,,242.0,111.03
2023-05-25 00:00:00+05:30,92.69999694824219,93.69999694824219,92.1500015258789,92.5999984741211,152533,0.0,0.0,HEMIPROP.NS,Hemisphere Properties India Limited,Real Estate,Real Estate - Diversified,39352836096,,0.176,,242.0,111.03
2023-05-26 00:00:00+05:30,92.9000015258789,94.19999694824219,92.44999694824219,93.80000305175781,281158,0.0,0.0,HEMIPROP.NS,Hemisphere Properties India Limited,Real Estate,Real Estate - Diversified,39352836096,,0.176,,242.0,111.03
2023-05-29 00:00:00+05:30,94.5999984741211,95.5999984741211,93.30000305175781,94.1500015258789,277079,0.0,0.0,HEMIPROP.NS,Hemisphere Properties India Limited,Real Estate,Real Estate - Diversified,39352836096,,0.176,,242.0,111.03
2023-05-30 00:00:00+05:30,93.0999984741211,96.80000305175781,93.0999984741211,95.0,583052,0.0,0.0,HEMIPROP.NS,Hemisphere Properties India Limited,Real Estate,Real Estate - Diversified,39352836096,,0.176,,242.0,111.03
2023-05-31 00:00:00+05:30,94.05000305175781,96.25,94.05000305175781,95.69999694824219,322436,0.0,0.0,HEMIPROP.NS,Hemisphere Properties India Limited,Real Estate,Real Estate - Diversified,39352836096,,0.176,,242.0,111.03
2023-06-01 00:00:00+05:30,95.9000015258789,96.69999694824219,95.75,96.05000305175781,280058,0.0,0.0,HEMIPROP.NS,Hemisphere Properties India Limited,Real Estate,Real Estate - Diversified,39352836096,,0.176,,242.0,111.03
2023-06-02 00:00:00+05:30,96.05000305175781,102.44999694824219,95.8499984741211,99.8499984741211,3177376,0.0,0.0,HEMIPROP.NS,Hemisphere Properties India Limited,Real Estate,Real Estate - Diversified,39352836096,,0.176,,242.0,111.03
2023-06-05 00:00:00+05:30,100.9000015258789,102.4000015258789,99.30000305175781,99.9000015258789,734004,0.0,0.0,HEMIPROP.NS,Hemisphere Properties India Limited,Real Estate,Real Estate - Diversified,39352836096,,0.176,,242.0,111.03
2023-06-06 00:00:00+05:30,100.30000305175781,100.75,98.5,98.69999694824219,386083,0.0,0.0,HEMIPROP.NS,Hemisphere Properties India Limited,Real Estate,Real Estate - Diversified,39352836096,,0.176,,242.0,111.03
2023-06-07 00:00:00+05:30,99.1500015258789,101.1500015258789,97.69999694824219,98.5999984741211,606706,0.0,0.0,HEMIPROP.NS,Hemisphere Properties India Limited,Real Estate,Real Estate - Diversified,39352836096,,0.176,,242.0,111.03
2023-06-08 00:00:00+05:30,98.9000015258789,100.4000015258789,98.0,98.1500015258789,347247,0.0,0.0,HEMIPROP.NS,Hemisphere Properties India Limited,Real Estate,Real Estate - Diversified,39352836096,,0.176,,242.0,111.03
2023-06-09 00:00:00+05:30,98.55000305175781,98.80000305175781,97.5,97.5999984741211,268968,0.0,0.0,HEMIPROP.NS,Hemisphere Properties India Limited,Real Estate,Real Estate - Diversified,39352836096,,0.176,,242.0,111.03
2023-06-12 00:00:00+05:30,97.0999984741211,98.5,97.0999984741211,97.5,280527,0.0,0.0,HEMIPROP.NS,Hemisphere Properties India Limited,Real Estate,Real Estate - Diversified,39352836096,,0.176,,242.0,111.03
2023-06-13 00:00:00+05:30,97.94999694824219,100.19999694824219,97.4000015258789,98.55000305175781,553002,0.0,0.0,HEMIPROP.NS,Hemisphere Properties India Limited,Real Estate,Real Estate - Diversified,39352836096,,0.176,,242.0,111.03
2023-06-14 00:00:00+05:30,99.30000305175781,101.0,98.5,98.8499984741211,531500,0.0,0.0,HEMIPROP.NS,Hemisphere Properties India Limited,Real Estate,Real Estate - Diversified,39352836096,,0.176,,242.0,111.03
2023-06-15 00:00:00+05:30,98.5999984741211,99.80000305175781,97.1500015258789,97.5999984741211,381798,0.0,0.0,HEMIPROP.NS,Hemisphere Properties India Limited,Real Estate,Real Estate - Diversified,39352836096,,0.176,,242.0,111.03
2023-06-16 00:00:00+05:30,98.05000305175781,100.5,97.94999694824219,98.44999694824219,545256,0.0,0.0,HEMIPROP.NS,Hemisphere Properties India Limited,Real Estate,Real Estate - Diversified,39352836096,,0.176,,242.0,111.03
2023-06-19 00:00:00+05:30,98.44999694824219,100.19999694824219,98.44999694824219,99.44999694824219,368187,0.0,0.0,HEMIPROP.NS,Hemisphere Properties India Limited,Real Estate,Real Estate - Diversified,39352836096,,0.176,,242.0,111.03
2023-06-20 00:00:00+05:30,98.5999984741211,100.05000305175781,98.19999694824219,98.4000015258789,520727,0.0,0.0,HEMIPROP.NS,Hemisphere Properties India Limited,Real Estate,Real Estate - Diversified,39352836096,,0.176,,242.0,111.03
2023-06-21 00:00:00+05:30,98.69999694824219,100.5,97.80000305175781,98.5,1042572,0.0,0.0,HEMIPROP.NS,Hemisphere Properties India Limited,Real Estate,Real Estate - Diversified,39352836096,,0.176,,242.0,111.03
2023-06-22 00:00:00+05:30,98.5999984741211,99.94999694824219,97.55000305175781,97.8499984741211,430177,0.0,0.0,HEMIPROP.NS,Hemisphere Properties India Limited,Real Estate,Real Estate - Diversified,39352836096,,0.176,,242.0,111.03
2023-06-23 00:00:00+05:30,98.3499984741211,98.3499984741211,96.0999984741211,96.30000305175781,308314,0.0,0.0,HEMIPROP.NS,Hemisphere Properties India Limited,Real Estate,Real Estate - Diversified,39352836096,,0.176,,242.0,111.03
2023-06-26 00:00:00+05:30,96.30000305175781,97.3499984741211,96.19999694824219,96.6500015258789,215559,0.0,0.0,HEMIPROP.NS,Hemisphere Properties India Limited,Real Estate,Real Estate - Diversified,39352836096,,0.176,,242.0,111.03
2023-06-27 00:00:00+05:30,96.9000015258789,98.05000305175781,96.30000305175781,96.5999984741211,263814,0.0,0.0,HEMIPROP.NS,Hemisphere Properties India Limited,Real Estate,Real Estate - Diversified,39352836096,,0.176,,242.0,111.03
2023-06-28 00:00:00+05:30,97.1500015258789,102.94999694824219,96.75,102.19999694824219,2642853,0.0,0.0,HEMIPROP.NS,Hemisphere Properties India Limited,Real Estate,Real Estate - Diversified,39352836096,,0.176,,242.0,111.03
2023-06-30 00:00:00+05:30,103.25,106.94999694824219,102.55000305175781,105.0999984741211,2945116,0.0,0.0,HEMIPROP.NS,Hemisphere Properties India Limited,Real Estate,Real Estate - Diversified,39352836096,,0.176,,242.0,111.03
2023-07-03 00:00:00+05:30,105.0999984741211,113.9000015258789,102.0,111.6500015258789,6656460,0.0,0.0,HEMIPROP.NS,Hemisphere Properties India Limited,Real Estate,Real Estate - Diversified,39352836096,,0.176,,242.0,111.03
2023-07-04 00:00:00+05:30,113.6500015258789,114.44999694824219,108.5999984741211,109.75,2534788,0.0,0.0,HEMIPROP.NS,Hemisphere Properties India Limited,Real Estate,Real Estate - Diversified,39352836096,,0.176,,242.0,111.03
2023-07-05 00:00:00+05:30,110.69999694824219,112.75,109.75,112.05000305175781,1754415,0.0,0.0,HEMIPROP.NS,Hemisphere Properties India Limited,Real Estate,Real Estate - Diversified,39352836096,,0.176,,242.0,111.03
2023-07-06 00:00:00+05:30,111.25,114.25,105.19999694824219,106.9000015258789,3164024,0.0,0.0,HEMIPROP.NS,Hemisphere Properties India Limited,Real Estate,Real Estate - Diversified,39352836096,,0.176,,242.0,111.03
2023-07-07 00:00:00+05:30,106.80000305175781,106.9000015258789,102.5999984741211,103.75,1332618,0.0,0.0,HEMIPROP.NS,Hemisphere Properties India Limited,Real Estate,Real Estate - Diversified,39352836096,,0.176,,242.0,111.03
2023-07-10 00:00:00+05:30,104.3499984741211,104.94999694824219,102.55000305175781,104.25,691567,0.0,0.0,HEMIPROP.NS,Hemisphere Properties India Limited,Real Estate,Real Estate - Diversified,39352836096,,0.176,,242.0,111.03
2023-07-11 00:00:00+05:30,105.30000305175781,106.9000015258789,104.5999984741211,104.8499984741211,814499,0.0,0.0,HEMIPROP.NS,Hemisphere Properties India Limited,Real Estate,Real Estate - Diversified,39352836096,,0.176,,242.0,111.03
2023-07-12 00:00:00+05:30,104.8499984741211,105.25,102.30000305175781,102.6500015258789,593042,0.0,0.0,HEMIPROP.NS,Hemisphere Properties India Limited,Real Estate,Real Estate - Diversified,39352836096,,0.176,,242.0,111.03
2023-07-13 00:00:00+05:30,103.3499984741211,103.3499984741211,100.0999984741211,100.80000305175781,1122592,0.0,0.0,HEMIPROP.NS,Hemisphere Properties India Limited,Real Estate,Real Estate - Diversified,39352836096,,0.176,,242.0,111.03
2023-07-14 00:00:00+05:30,101.8499984741211,101.8499984741211,99.0,99.94999694824219,645324,0.0,0.0,HEMIPROP.NS,Hemisphere Properties India Limited,Real Estate,Real Estate - Diversified,39352836096,,0.176,,242.0,111.03
2023-07-17 00:00:00+05:30,100.0,101.44999694824219,99.0999984741211,99.44999694824219,969867,0.0,0.0,HEMIPROP.NS,Hemisphere Properties India Limited,Real Estate,Real Estate - Diversified,39352836096,,0.176,,242.0,111.03
2023-07-18 00:00:00+05:30,100.4000015258789,100.4000015258789,98.30000305175781,98.5999984741211,624788,0.0,0.0,HEMIPROP.NS,Hemisphere Properties India Limited,Real Estate,Real Estate - Diversified,39352836096,,0.176,,242.0,111.03
2023-07-19 00:00:00+05:30,98.80000305175781,100.0999984741211,98.80000305175781,99.94999694824219,571482,0.0,0.0,HEMIPROP.NS,Hemisphere Properties India Limited,Real Estate,Real Estate - Diversified,39352836096,,0.176,,242.0,111.03
2023-07-20 00:00:00+05:30,100.25,100.80000305175781,99.4000015258789,99.75,309785,0.0,0.0,HEMIPROP.NS,Hemisphere Properties India Limited,Real Estate,Real Estate - Diversified,39352836096,,0.176,,242.0,111.03
2023-07-21 00:00:00+05:30,99.9000015258789,105.5999984741211,99.5999984741211,104.9000015258789,2311974,0.0,0.0,HEMIPROP.NS,Hemisphere Properties India Limited,Real Estate,Real Estate - Diversified,39352836096,,0.176,,242.0,111.03
2023-07-24 00:00:00+05:30,106.0999984741211,108.5999984741211,105.55000305175781,106.3499984741211,1242285,0.0,0.0,HEMIPROP.NS,Hemisphere Properties India Limited,Real Estate,Real Estate - Diversified,39352836096,,0.176,,242.0,111.03
2023-07-25 00:00:00+05:30,106.69999694824219,107.25,103.80000305175781,104.80000305175781,587334,0.0,0.0,HEMIPROP.NS,Hemisphere Properties India Limited,Real Estate,Real Estate - Diversified,39352836096,,0.176,,242.0,111.03
2023-07-26 00:00:00+05:30,105.0,105.25,103.4000015258789,104.0,364560,0.0,0.0,HEMIPROP.NS,Hemisphere Properties India Limited,Real Estate,Real Estate - Diversified,39352836096,,0.176,,242.0,111.03
2023-07-27 00:00:00+05:30,104.0,106.94999694824219,103.19999694824219,105.8499984741211,914270,0.0,0.0,HEMIPROP.NS,Hemisphere Properties India Limited,Real Estate,Real Estate - Diversified,39352836096,,0.176,,242.0,111.03
2023-07-28 00:00:00+05:30,106.6500015258789,109.9000015258789,106.3499984741211,107.94999694824219,1134764,0.0,0.0,HEMIPROP.NS,Hemisphere Properties India Limited,Real Estate,Real Estate - Diversified,39352836096,,0.176,,242.0,111.03
2023-07-31 00:00:00+05:30,108.4000015258789,109.1500015258789,107.19999694824219,107.69999694824219,833770,0.0,0.0,HEMIPROP.NS,Hemisphere Properties India Limited,Real Estate,Real Estate - Diversified,39352836096,,0.176,,242.0,111.03
2023-08-01 00:00:00+05:30,108.0,114.9000015258789,108.0,113.80000305175781,4280105,0.0,0.0,HEMIPROP.NS,Hemisphere Properties India Limited,Real Estate,Real Estate - Diversified,39352836096,,0.176,,242.0,111.03
2023-08-02 00:00:00+05:30,113.80000305175781,115.94999694824219,109.0999984741211,111.0,2895458,0.0,0.0,HEMIPROP.NS,Hemisphere Properties India Limited,Real Estate,Real Estate - Diversified,39352836096,,0.176,,242.0,111.03
2023-08-03 00:00:00+05:30,111.80000305175781,113.80000305175781,109.19999694824219,110.3499984741211,1151417,0.0,0.0,HEMIPROP.NS,Hemisphere Properties India Limited,Real Estate,Real Estate - Diversified,39352836096,,0.176,,242.0,111.03
2023-08-04 00:00:00+05:30,111.75,113.3499984741211,110.44999694824219,110.8499984741211,835511,0.0,0.0,HEMIPROP.NS,Hemisphere Properties India Limited,Real Estate,Real Estate - Diversified,39352836096,,0.176,,242.0,111.03
2023-08-07 00:00:00+05:30,110.0,114.9000015258789,109.5,112.69999694824219,1656013,0.0,0.0,HEMIPROP.NS,Hemisphere Properties India Limited,Real Estate,Real Estate - Diversified,39352836096,,0.176,,242.0,111.03
2023-08-08 00:00:00+05:30,113.19999694824219,113.3499984741211,110.69999694824219,111.05000305175781,583556,0.0,0.0,HEMIPROP.NS,Hemisphere Properties India Limited,Real Estate,Real Estate - Diversified,39352836096,,0.176,,242.0,111.03
2023-08-09 00:00:00+05:30,110.5999984741211,112.4000015258789,108.9000015258789,109.55000305175781,1004714,0.0,0.0,HEMIPROP.NS,Hemisphere Properties India Limited,Real Estate,Real Estate - Diversified,39352836096,,0.176,,242.0,111.03
2023-08-10 00:00:00+05:30,110.9000015258789,115.4000015258789,109.94999694824219,113.25,3112690,0.0,0.0,HEMIPROP.NS,Hemisphere Properties India Limited,Real Estate,Real Estate - Diversified,39352836096,,0.176,,242.0,111.03
2023-08-11 00:00:00+05:30,114.1500015258789,114.8499984741211,110.80000305175781,111.5999984741211,1017756,0.0,0.0,HEMIPROP.NS,Hemisphere Properties India Limited,Real Estate,Real Estate - Diversified,39352836096,,0.176,,242.0,111.03
2023-08-14 00:00:00+05:30,111.0,111.0,107.19999694824219,108.30000305175781,924784,0.0,0.0,HEMIPROP.NS,Hemisphere Properties India Limited,Real Estate,Real Estate - Diversified,39352836096,,0.176,,242.0,111.03
2023-08-16 00:00:00+05:30,108.3499984741211,111.0,107.44999694824219,108.5,621851,0.0,0.0,HEMIPROP.NS,Hemisphere Properties India Limited,Real Estate,Real Estate - Diversified,39352836096,,0.176,,242.0,111.03
2023-08-17 00:00:00+05:30,108.75,115.3499984741211,107.80000305175781,114.6500015258789,2817288,0.0,0.0,HEMIPROP.NS,Hemisphere Properties India Limited,Real Estate,Real Estate - Diversified,39352836096,,0.176,,242.0,111.03
2023-08-18 00:00:00+05:30,114.0,123.19999694824219,114.0,122.3499984741211,11578930,0.0,0.0,HEMIPROP.NS,Hemisphere Properties India Limited,Real Estate,Real Estate - Diversified,39352836096,,0.176,,242.0,111.03
2023-08-21 00:00:00+05:30,124.0,126.75,122.80000305175781,124.94999694824219,4903026,0.0,0.0,HEMIPROP.NS,Hemisphere Properties India Limited,Real Estate,Real Estate - Diversified,39352836096,,0.176,,242.0,111.03
2023-08-22 00:00:00+05:30,125.30000305175781,125.4000015258789,120.1500015258789,120.5,2854699,0.0,0.0,HEMIPROP.NS,Hemisphere Properties India Limited,Real Estate,Real Estate - Diversified,39352836096,,0.176,,242.0,111.03
2023-08-23 00:00:00+05:30,121.5,123.30000305175781,120.1500015258789,120.75,1440716,0.0,0.0,HEMIPROP.NS,Hemisphere Properties India Limited,Real Estate,Real Estate - Diversified,39352836096,,0.176,,242.0,111.03
2023-08-24 00:00:00+05:30,121.6500015258789,122.69999694824219,118.30000305175781,118.5999984741211,1291438,0.0,0.0,HEMIPROP.NS,Hemisphere Properties India Limited,Real Estate,Real Estate - Diversified,39352836096,,0.176,,242.0,111.03
2023-08-25 00:00:00+05:30,118.05000305175781,120.30000305175781,115.4000015258789,115.80000305175781,1377406,0.0,0.0,HEMIPROP.NS,Hemisphere Properties India Limited,Real Estate,Real Estate - Diversified,39352836096,,0.176,,242.0,111.03
2023-08-28 00:00:00+05:30,116.8499984741211,118.4000015258789,115.75,116.4000015258789,868556,0.0,0.0,HEMIPROP.NS,Hemisphere Properties India Limited,Real Estate,Real Estate - Diversified,39352836096,,0.176,,242.0,111.03
2023-08-29 00:00:00+05:30,116.94999694824219,121.19999694824219,116.9000015258789,119.80000305175781,1917119,0.0,0.0,HEMIPROP.NS,Hemisphere Properties India Limited,Real Estate,Real Estate - Diversified,39352836096,,0.176,,242.0,111.03
2023-08-30 00:00:00+05:30,120.9000015258789,121.19999694824219,118.55000305175781,118.94999694824219,821507,0.0,0.0,HEMIPROP.NS,Hemisphere Properties India Limited,Real Estate,Real Estate - Diversified,39352836096,,0.176,,242.0,111.03
2023-08-31 00:00:00+05:30,119.9000015258789,119.9000015258789,116.94999694824219,117.75,636044,0.0,0.0,HEMIPROP.NS,Hemisphere Properties India Limited,Real Estate,Real Estate - Diversified,39352836096,,0.176,,242.0,111.03
2023-09-01 00:00:00+05:30,119.69999694824219,120.5,116.94999694824219,118.30000305175781,869464,0.0,0.0,HEMIPROP.NS,Hemisphere Properties India Limited,Real Estate,Real Estate - Diversified,39352836096,,0.176,,242.0,111.03
2023-09-04 00:00:00+05:30,118.8499984741211,123.80000305175781,118.4000015258789,122.44999694824219,2619404,0.0,0.0,HEMIPROP.NS,Hemisphere Properties India Limited,Real Estate,Real Estate - Diversified,39352836096,,0.176,,242.0,111.03
2023-09-05 00:00:00+05:30,123.30000305175781,123.69999694824219,119.25,120.44999694824219,1105281,0.0,0.0,HEMIPROP.NS,Hemisphere Properties India Limited,Real Estate,Real Estate - Diversified,39352836096,,0.176,,242.0,111.03
2023-09-06 00:00:00+05:30,121.44999694824219,124.9000015258789,120.25,122.6500015258789,2034605,0.0,0.0,HEMIPROP.NS,Hemisphere Properties India Limited,Real Estate,Real Estate - Diversified,39352836096,,0.176,,242.0,111.03
2023-09-07 00:00:00+05:30,122.25,125.69999694824219,122.25,122.80000305175781,1612224,0.0,0.0,HEMIPROP.NS,Hemisphere Properties India Limited,Real Estate,Real Estate - Diversified,39352836096,,0.176,,242.0,111.03
2023-09-08 00:00:00+05:30,123.75,123.94999694824219,121.5999984741211,122.05000305175781,780507,0.0,0.0,HEMIPROP.NS,Hemisphere Properties India Limited,Real Estate,Real Estate - Diversified,39352836096,,0.176,,242.0,111.03
2023-09-11 00:00:00+05:30,123.0,124.0,120.75,121.1500015258789,787076,0.0,0.0,HEMIPROP.NS,Hemisphere Properties India Limited,Real Estate,Real Estate - Diversified,39352836096,,0.176,,242.0,111.03
2023-09-12 00:00:00+05:30,121.19999694824219,122.05000305175781,112.25,112.75,1928394,0.0,0.0,HEMIPROP.NS,Hemisphere Properties India Limited,Real Estate,Real Estate - Diversified,39352836096,,0.176,,242.0,111.03
2023-09-13 00:00:00+05:30,113.69999694824219,117.80000305175781,112.3499984741211,116.5999984741211,977910,0.0,0.0,HEMIPROP.NS,Hemisphere Properties India Limited,Real Estate,Real Estate - Diversified,39352836096,,0.176,,242.0,111.03
2023-09-14 00:00:00+05:30,118.80000305175781,120.6500015258789,117.0,117.5,881822,0.0,0.0,HEMIPROP.NS,Hemisphere Properties India Limited,Real Estate,Real Estate - Diversified,39352836096,,0.176,,242.0,111.03
2023-09-15 00:00:00+05:30,118.4000015258789,119.80000305175781,116.44999694824219,117.8499984741211,632899,0.0,0.0,HEMIPROP.NS,Hemisphere Properties India Limited,Real Estate,Real Estate - Diversified,39352836096,,0.176,,242.0,111.03
2023-09-18 00:00:00+05:30,117.8499984741211,122.9000015258789,117.69999694824219,120.5999984741211,1569500,0.0,0.0,HEMIPROP.NS,Hemisphere Properties India Limited,Real Estate,Real Estate - Diversified,39352836096,,0.176,,242.0,111.03
2023-09-20 00:00:00+05:30,120.1500015258789,122.5,119.0999984741211,120.3499984741211,880875,0.0,0.0,HEMIPROP.NS,Hemisphere Properties India Limited,Real Estate,Real Estate - Diversified,39352836096,,0.176,,242.0,111.03
2023-09-21 00:00:00+05:30,119.69999694824219,121.80000305175781,117.6500015258789,119.0,755838,0.0,0.0,HEMIPROP.NS,Hemisphere Properties India Limited,Real Estate,Real Estate - Diversified,39352836096,,0.176,,242.0,111.03
2023-09-22 00:00:00+05:30,119.0999984741211,120.05000305175781,117.25,117.8499984741211,487319,0.0,0.0,HEMIPROP.NS,Hemisphere Properties India Limited,Real Estate,Real Estate - Diversified,39352836096,,0.176,,242.0,111.03
2023-09-25 00:00:00+05:30,119.05000305175781,122.5999984741211,117.75,120.55000305175781,1711719,0.0,0.0,HEMIPROP.NS,Hemisphere Properties India Limited,Real Estate,Real Estate - Diversified,39352836096,,0.176,,242.0,111.03
2023-09-26 00:00:00+05:30,120.3499984741211,121.0,118.9000015258789,119.5999984741211,473055,0.0,0.0,HEMIPROP.NS,Hemisphere Properties India Limited,Real Estate,Real Estate - Diversified,39352836096,,0.176,,242.0,111.03
2023-09-27 00:00:00+05:30,119.0999984741211,120.25,118.0,119.0,477501,0.0,0.0,HEMIPROP.NS,Hemisphere Properties India Limited,Real Estate,Real Estate - Diversified,39352836096,,0.176,,242.0,111.03
2023-09-28 00:00:00+05:30,119.1500015258789,119.1500015258789,115.4000015258789,115.5999984741211,952427,0.0,0.0,HEMIPROP.NS,Hemisphere Properties India Limited,Real Estate,Real Estate - Diversified,39352836096,,0.176,,242.0,111.03
2023-09-29 00:00:00+05:30,116.5,117.75,115.4000015258789,116.5,481257,0.0,0.0,HEMIPROP.NS,Hemisphere Properties India Limited,Real Estate,Real Estate - Diversified,39352836096,,0.176,,242.0,111.03
2023-10-03 00:00:00+05:30,115.6500015258789,116.25,115.0999984741211,115.30000305175781,345584,0.0,0.0,HEMIPROP.NS,Hemisphere Properties India Limited,Real Estate,Real Estate - Diversified,39352836096,,0.176,,242.0,111.03
2023-10-04 00:00:00+05:30,114.6500015258789,114.94999694824219,112.5999984741211,113.1500015258789,497124,0.0,0.0,HEMIPROP.NS,Hemisphere Properties India Limited,Real Estate,Real Estate - Diversified,39352836096,,0.176,,242.0,111.03
2023-10-05 00:00:00+05:30,113.19999694824219,115.55000305175781,113.19999694824219,113.94999694824219,412907,0.0,0.0,HEMIPROP.NS,Hemisphere Properties India Limited,Real Estate,Real Estate - Diversified,39352836096,,0.176,,242.0,111.03
2023-10-06 00:00:00+05:30,114.3499984741211,115.94999694824219,113.80000305175781,114.5,413380,0.0,0.0,HEMIPROP.NS,Hemisphere Properties India Limited,Real Estate,Real Estate - Diversified,39352836096,,0.176,,242.0,111.03
2023-10-09 00:00:00+05:30,113.5,113.5,109.5999984741211,110.19999694824219,647810,0.0,0.0,HEMIPROP.NS,Hemisphere Properties India Limited,Real Estate,Real Estate - Diversified,39352836096,,0.176,,242.0,111.03
2023-10-10 00:00:00+05:30,110.5,119.80000305175781,110.5,118.80000305175781,2487985,0.0,0.0,HEMIPROP.NS,Hemisphere Properties India Limited,Real Estate,Real Estate - Diversified,39352836096,,0.176,,242.0,111.03
2023-10-11 00:00:00+05:30,119.0999984741211,122.94999694824219,119.0999984741211,120.55000305175781,2148563,0.0,0.0,HEMIPROP.NS,Hemisphere Properties India Limited,Real Estate,Real Estate - Diversified,39352836096,,0.176,,242.0,111.03
2023-10-12 00:00:00+05:30,121.44999694824219,124.80000305175781,119.0999984741211,122.5999984741211,2094364,0.0,0.0,HEMIPROP.NS,Hemisphere Properties India Limited,Real Estate,Real Estate - Diversified,39352836096,,0.176,,242.0,111.03
2023-10-13 00:00:00+05:30,122.0,133.4499969482422,121.05000305175781,127.75,9177821,0.0,0.0,HEMIPROP.NS,Hemisphere Properties India Limited,Real Estate,Real Estate - Diversified,39352836096,,0.176,,242.0,111.03
2023-10-16 00:00:00+05:30,128.60000610351562,129.5500030517578,124.30000305175781,125.1500015258789,1957421,0.0,0.0,HEMIPROP.NS,Hemisphere Properties India Limited,Real Estate,Real Estate - Diversified,39352836096,,0.176,,242.0,111.03
2023-10-17 00:00:00+05:30,126.1500015258789,135.5,126.05000305175781,130.39999389648438,5662928,0.0,0.0,HEMIPROP.NS,Hemisphere Properties India Limited,Real Estate,Real Estate - Diversified,39352836096,,0.176,,242.0,111.03
2023-10-18 00:00:00+05:30,131.75,133.4499969482422,126.5,127.0999984741211,1741006,0.0,0.0,HEMIPROP.NS,Hemisphere Properties India Limited,Real Estate,Real Estate - Diversified,39352836096,,0.176,,242.0,111.03
2023-10-19 00:00:00+05:30,125.6500015258789,128.85000610351562,125.55000305175781,126.44999694824219,1012224,0.0,0.0,HEMIPROP.NS,Hemisphere Properties India Limited,Real Estate,Real Estate - Diversified,39352836096,,0.176,,242.0,111.03
2023-10-20 00:00:00+05:30,142.0,143.39999389648438,133.25,135.0,13472021,0.0,0.0,HEMIPROP.NS,Hemisphere Properties India Limited,Real Estate,Real Estate - Diversified,39352836096,,0.176,,242.0,111.03
2023-10-23 00:00:00+05:30,135.8000030517578,137.39999389648438,124.0999984741211,125.44999694824219,3881285,0.0,0.0,HEMIPROP.NS,Hemisphere Properties India Limited,Real Estate,Real Estate - Diversified,39352836096,,0.176,,242.0,111.03
2023-10-25 00:00:00+05:30,127.5999984741211,130.85000610351562,123.55000305175781,127.0,2571817,0.0,0.0,HEMIPROP.NS,Hemisphere Properties India Limited,Real Estate,Real Estate - Diversified,39352836096,,0.176,,242.0,111.03
2023-10-26 00:00:00+05:30,125.44999694824219,134.0,123.1500015258789,133.14999389648438,3780221,0.0,0.0,HEMIPROP.NS,Hemisphere Properties India Limited,Real Estate,Real Estate - Diversified,39352836096,,0.176,,242.0,111.03
2023-10-27 00:00:00+05:30,133.25,135.60000610351562,131.60000610351562,132.4499969482422,1532986,0.0,0.0,HEMIPROP.NS,Hemisphere Properties India Limited,Real Estate,Real Estate - Diversified,39352836096,,0.176,,242.0,111.03
2023-10-30 00:00:00+05:30,133.4499969482422,140.0,130.3000030517578,138.85000610351562,4384356,0.0,0.0,HEMIPROP.NS,Hemisphere Properties India Limited,Real Estate,Real Estate - Diversified,39352836096,,0.176,,242.0,111.03
2023-10-31 00:00:00+05:30,139.64999389648438,141.1999969482422,135.10000610351562,135.9499969482422,2053562,0.0,0.0,HEMIPROP.NS,Hemisphere Properties India Limited,Real Estate,Real Estate - Diversified,39352836096,,0.176,,242.0,111.03
2023-11-01 00:00:00+05:30,136.25,141.0,136.14999389648438,137.9499969482422,3034340,0.0,0.0,HEMIPROP.NS,Hemisphere Properties India Limited,Real Estate,Real Estate - Diversified,39352836096,,0.176,,242.0,111.03
2023-11-02 00:00:00+05:30,139.39999389648438,141.4499969482422,137.3000030517578,137.8000030517578,1650148,0.0,0.0,HEMIPROP.NS,Hemisphere Properties India Limited,Real Estate,Real Estate - Diversified,39352836096,,0.176,,242.0,111.03
2023-11-03 00:00:00+05:30,138.0,139.75,137.25,138.0,1292101,0.0,0.0,HEMIPROP.NS,Hemisphere Properties India Limited,Real Estate,Real Estate - Diversified,39352836096,,0.176,,242.0,111.03
2023-11-06 00:00:00+05:30,138.9499969482422,140.64999389648438,137.14999389648438,138.10000610351562,1688416,0.0,0.0,HEMIPROP.NS,Hemisphere Properties India Limited,Real Estate,Real Estate - Diversified,39352836096,,0.176,,242.0,111.03
2023-11-07 00:00:00+05:30,137.5,138.64999389648438,135.1999969482422,136.14999389648438,1602700,0.0,0.0,HEMIPROP.NS,Hemisphere Properties India Limited,Real Estate,Real Estate - Diversified,39352836096,,0.176,,242.0,111.03
2023-11-08 00:00:00+05:30,136.6999969482422,143.3000030517578,135.64999389648438,140.64999389648438,3317801,0.0,0.0,HEMIPROP.NS,Hemisphere Properties India Limited,Real Estate,Real Estate - Diversified,39352836096,,0.176,,242.0,111.03
2023-11-09 00:00:00+05:30,140.9499969482422,146.39999389648438,140.9499969482422,142.25,3986094,0.0,0.0,HEMIPROP.NS,Hemisphere Properties India Limited,Real Estate,Real Estate - Diversified,39352836096,,0.176,,242.0,111.03
2023-11-10 00:00:00+05:30,141.9499969482422,141.9499969482422,136.39999389648438,137.25,1669491,0.0,0.0,HEMIPROP.NS,Hemisphere Properties India Limited,Real Estate,Real Estate - Diversified,39352836096,,0.176,,242.0,111.03
2023-11-13 00:00:00+05:30,139.0500030517578,139.89999389648438,137.0,137.35000610351562,802313,0.0,0.0,HEMIPROP.NS,Hemisphere Properties India Limited,Real Estate,Real Estate - Diversified,39352836096,,0.176,,242.0,111.03
2023-11-15 00:00:00+05:30,138.8000030517578,141.75,138.25,139.39999389648438,1143336,0.0,0.0,HEMIPROP.NS,Hemisphere Properties India Limited,Real Estate,Real Estate - Diversified,39352836096,,0.176,,242.0,111.03
2023-11-16 00:00:00+05:30,139.5,143.5,138.60000610351562,139.89999389648438,2117841,0.0,0.0,HEMIPROP.NS,Hemisphere Properties India Limited,Real Estate,Real Estate - Diversified,39352836096,,0.176,,242.0,111.03
2023-11-17 00:00:00+05:30,140.6999969482422,146.0,139.25,142.35000610351562,2700360,0.0,0.0,HEMIPROP.NS,Hemisphere Properties India Limited,Real Estate,Real Estate - Diversified,39352836096,,0.176,,242.0,111.03
2023-11-20 00:00:00+05:30,142.6999969482422,143.3000030517578,140.5500030517578,140.9499969482422,744773,0.0,0.0,HEMIPROP.NS,Hemisphere Properties India Limited,Real Estate,Real Estate - Diversified,39352836096,,0.176,,242.0,111.03
2023-11-21 00:00:00+05:30,141.0500030517578,143.4499969482422,139.5,140.0,1096944,0.0,0.0,HEMIPROP.NS,Hemisphere Properties India Limited,Real Estate,Real Estate - Diversified,39352836096,,0.176,,242.0,111.03
2023-11-22 00:00:00+05:30,141.0,141.5,137.64999389648438,139.9499969482422,899221,0.0,0.0,HEMIPROP.NS,Hemisphere Properties India Limited,Real Estate,Real Estate - Diversified,39352836096,,0.176,,242.0,111.03
2023-11-23 00:00:00+05:30,140.3000030517578,142.1999969482422,138.6999969482422,138.9499969482422,618781,0.0,0.0,HEMIPROP.NS,Hemisphere Properties India Limited,Real Estate,Real Estate - Diversified,39352836096,,0.176,,242.0,111.03
2023-11-24 00:00:00+05:30,139.9499969482422,141.3000030517578,138.0500030517578,138.39999389648438,485933,0.0,0.0,HEMIPROP.NS,Hemisphere Properties India Limited,Real Estate,Real Estate - Diversified,39352836096,,0.176,,242.0,111.03
2023-11-28 00:00:00+05:30,138.1999969482422,139.39999389648438,136.85000610351562,137.35000610351562,696107,0.0,0.0,HEMIPROP.NS,Hemisphere Properties India Limited,Real Estate,Real Estate - Diversified,39352836096,,0.176,,242.0,111.03
2023-11-29 00:00:00+05:30,138.85000610351562,139.39999389648438,136.3000030517578,136.85000610351562,651176,0.0,0.0,HEMIPROP.NS,Hemisphere Properties India Limited,Real Estate,Real Estate - Diversified,39352836096,,0.176,,242.0,111.03
2023-11-30 00:00:00+05:30,137.5,137.64999389648438,135.10000610351562,136.5,654939,0.0,0.0,HEMIPROP.NS,Hemisphere Properties India Limited,Real Estate,Real Estate - Diversified,39352836096,,0.176,,242.0,111.03
2023-12-01 00:00:00+05:30,137.0500030517578,140.0,135.10000610351562,136.10000610351562,683895,0.0,0.0,HEMIPROP.NS,Hemisphere Properties India Limited,Real Estate,Real Estate - Diversified,39352836096,,0.176,,242.0,111.03
2023-12-04 00:00:00+05:30,139.0500030517578,139.5,137.25,137.89999389648438,779331,0.0,0.0,HEMIPROP.NS,Hemisphere Properties India Limited,Real Estate,Real Estate - Diversified,39352836096,,0.176,,242.0,111.03
2023-12-05 00:00:00+05:30,138.6999969482422,138.75,135.3000030517578,135.60000610351562,722177,0.0,0.0,HEMIPROP.NS,Hemisphere Properties India Limited,Real Estate,Real Estate - Diversified,39352836096,,0.176,,242.0,111.03
2023-12-06 00:00:00+05:30,136.5,137.25,135.1999969482422,136.4499969482422,623373,0.0,0.0,HEMIPROP.NS,Hemisphere Properties India Limited,Real Estate,Real Estate - Diversified,39352836096,,0.176,,242.0,111.03
2023-12-07 00:00:00+05:30,136.4499969482422,142.39999389648438,135.5,141.10000610351562,2187507,0.0,0.0,HEMIPROP.NS,Hemisphere Properties India Limited,Real Estate,Real Estate - Diversified,39352836096,,0.176,,242.0,111.03
2023-12-08 00:00:00+05:30,141.9499969482422,145.8000030517578,141.75,143.0500030517578,2984305,0.0,0.0,HEMIPROP.NS,Hemisphere Properties India Limited,Real Estate,Real Estate - Diversified,39352836096,,0.176,,242.0,111.03
2023-12-11 00:00:00+05:30,143.89999389648438,147.4499969482422,143.5,144.25,1716385,0.0,0.0,HEMIPROP.NS,Hemisphere Properties India Limited,Real Estate,Real Estate - Diversified,39352836096,,0.176,,242.0,111.03
2023-12-12 00:00:00+05:30,145.0500030517578,145.89999389648438,141.10000610351562,142.3000030517578,806620,0.0,0.0,HEMIPROP.NS,Hemisphere Properties India Limited,Real Estate,Real Estate - Diversified,39352836096,,0.176,,242.0,111.03
2023-12-13 00:00:00+05:30,142.9499969482422,144.9499969482422,141.4499969482422,143.25,686725,0.0,0.0,HEMIPROP.NS,Hemisphere Properties India Limited,Real Estate,Real Estate - Diversified,39352836096,,0.176,,242.0,111.03
2023-12-14 00:00:00+05:30,144.9499969482422,145.6999969482422,141.64999389648438,142.14999389648438,806222,0.0,0.0,HEMIPROP.NS,Hemisphere Properties India Limited,Real Estate,Real Estate - Diversified,39352836096,,0.176,,242.0,111.03
2023-12-15 00:00:00+05:30,143.0500030517578,143.89999389648438,140.75,141.3000030517578,822605,0.0,0.0,HEMIPROP.NS,Hemisphere Properties India Limited,Real Estate,Real Estate - Diversified,39352836096,,0.176,,242.0,111.03
2023-12-18 00:00:00+05:30,141.3000030517578,143.5,140.3000030517578,141.89999389648438,955006,0.0,0.0,HEMIPROP.NS,Hemisphere Properties India Limited,Real Estate,Real Estate - Diversified,39352836096,,0.176,,242.0,111.03
2023-12-19 00:00:00+05:30,142.75,159.25,142.39999389648438,154.75,13857280,0.0,0.0,HEMIPROP.NS,Hemisphere Properties India Limited,Real Estate,Real Estate - Diversified,39352836096,,0.176,,242.0,111.03
2023-12-20 00:00:00+05:30,156.0,162.1999969482422,146.10000610351562,147.14999389648438,5759003,0.0,0.0,HEMIPROP.NS,Hemisphere Properties India Limited,Real Estate,Real Estate - Diversified,39352836096,,0.176,,242.0,111.03
2023-12-21 00:00:00+05:30,143.5,153.39999389648438,143.5,151.9499969482422,2562953,0.0,0.0,HEMIPROP.NS,Hemisphere Properties India Limited,Real Estate,Real Estate - Diversified,39352836096,,0.176,,242.0,111.03
2023-12-22 00:00:00+05:30,153.0,154.1999969482422,149.5500030517578,151.39999389648438,1050341,0.0,0.0,HEMIPROP.NS,Hemisphere Properties India Limited,Real Estate,Real Estate - Diversified,39352836096,,0.176,,242.0,111.03
2023-12-26 00:00:00+05:30,151.0,159.0,149.3000030517578,157.75,2762716,0.0,0.0,HEMIPROP.NS,Hemisphere Properties India Limited,Real Estate,Real Estate - Diversified,39352836096,,0.176,,242.0,111.03
2023-12-27 00:00:00+05:30,158.8000030517578,160.25,152.8000030517578,153.64999389648438,1841740,0.0,0.0,HEMIPROP.NS,Hemisphere Properties India Limited,Real Estate,Real Estate - Diversified,39352836096,,0.176,,242.0,111.03
2023-12-28 00:00:00+05:30,154.39999389648438,157.1999969482422,151.1999969482422,154.89999389648438,1488868,0.0,0.0,HEMIPROP.NS,Hemisphere Properties India Limited,Real Estate,Real Estate - Diversified,39352836096,,0.176,,242.0,111.03
2023-12-29 00:00:00+05:30,155.25,156.35000610351562,151.75,153.1999969482422,876955,0.0,0.0,HEMIPROP.NS,Hemisphere Properties India Limited,Real Estate,Real Estate - Diversified,39352836096,,0.176,,242.0,111.03
2024-01-01 00:00:00+05:30,153.5,154.75,152.5500030517578,153.25,626527,0.0,0.0,HEMIPROP.NS,Hemisphere Properties India Limited,Real Estate,Real Estate - Diversified,39352836096,,0.176,,242.0,111.03
2024-01-02 00:00:00+05:30,153.9499969482422,155.85000610351562,150.3000030517578,152.89999389648438,1473808,0.0,0.0,HEMIPROP.NS,Hemisphere Properties India Limited,Real Estate,Real Estate - Diversified,39352836096,,0.176,,242.0,111.03
2024-01-03 00:00:00+05:30,152.60000610351562,155.60000610351562,152.0,153.75,1039268,0.0,0.0,HEMIPROP.NS,Hemisphere Properties India Limited,Real Estate,Real Estate - Diversified,39352836096,,0.176,,242.0,111.03
2024-01-04 00:00:00+05:30,154.10000610351562,168.60000610351562,154.0,165.9499969482422,8906053,0.0,0.0,HEMIPROP.NS,Hemisphere Properties India Limited,Real Estate,Real Estate - Diversified,39352836096,,0.176,,242.0,111.03
2024-01-05 00:00:00+05:30,166.8000030517578,173.5,164.5500030517578,167.0,4901558,0.0,0.0,HEMIPROP.NS,Hemisphere Properties India Limited,Real Estate,Real Estate - Diversified,39352836096,,0.176,,242.0,111.03
2024-01-08 00:00:00+05:30,168.1999969482422,173.5,166.8000030517578,171.85000610351562,3313010,0.0,0.0,HEMIPROP.NS,Hemisphere Properties India Limited,Real Estate,Real Estate - Diversified,39352836096,,0.176,,242.0,111.03
2024-01-09 00:00:00+05:30,173.85000610351562,182.85000610351562,172.25,175.0500030517578,4877134,0.0,0.0,HEMIPROP.NS,Hemisphere Properties India Limited,Real Estate,Real Estate - Diversified,39352836096,,0.176,,242.0,111.03
2024-01-10 00:00:00+05:30,175.0,179.4499969482422,172.5,177.0,1622611,0.0,0.0,HEMIPROP.NS,Hemisphere Properties India Limited,Real Estate,Real Estate - Diversified,39352836096,,0.176,,242.0,111.03
2024-01-11 00:00:00+05:30,177.0500030517578,181.3000030517578,175.4499969482422,176.89999389648438,1484174,0.0,0.0,HEMIPROP.NS,Hemisphere Properties India Limited,Real Estate,Real Estate - Diversified,39352836096,,0.176,,242.0,111.03
2024-01-12 00:00:00+05:30,177.0,179.5500030517578,175.0,175.9499969482422,1136034,0.0,0.0,HEMIPROP.NS,Hemisphere Properties India Limited,Real Estate,Real Estate - Diversified,39352836096,,0.176,,242.0,111.03
2024-01-15 00:00:00+05:30,175.9499969482422,175.9499969482422,175.9499969482422,175.9499969482422,0,0.0,0.0,HEMIPROP.NS,Hemisphere Properties India Limited,Real Estate,Real Estate - Diversified,39352836096,,0.176,,242.0,111.03
2024-01-16 00:00:00+05:30,172.85000610351562,183.3000030517578,171.60000610351562,176.0500030517578,3264902,0.0,0.0,HEMIPROP.NS,Hemisphere Properties India Limited,Real Estate,Real Estate - Diversified,39352836096,,0.176,,242.0,111.03
2024-01-17 00:00:00+05:30,173.64999389648438,175.64999389648438,171.75,172.25,1111242,0.0,0.0,HEMIPROP.NS,Hemisphere Properties India Limited,Real Estate,Real Estate - Diversified,39352836096,,0.176,,242.0,111.03
2024-01-18 00:00:00+05:30,172.89999389648438,174.4499969482422,166.10000610351562,172.64999389648438,1751802,0.0,0.0,HEMIPROP.NS,Hemisphere Properties India Limited,Real Estate,Real Estate - Diversified,39352836096,,0.176,,242.0,111.03
2024-01-19 00:00:00+05:30,174.0,179.35000610351562,173.9499969482422,177.5500030517578,1444414,0.0,0.0,HEMIPROP.NS,Hemisphere Properties India Limited,Real Estate,Real Estate - Diversified,39352836096,,0.176,,242.0,111.03
2024-01-23 00:00:00+05:30,189.0,189.0,170.0500030517578,172.14999389648438,2478517,0.0,0.0,HEMIPROP.NS,Hemisphere Properties India Limited,Real Estate,Real Estate - Diversified,39352836096,,0.176,,242.0,111.03
2024-01-24 00:00:00+05:30,171.89999389648438,178.4499969482422,169.3000030517578,175.6999969482422,1877710,0.0,0.0,HEMIPROP.NS,Hemisphere Properties India Limited,Real Estate,Real Estate - Diversified,39352836096,,0.176,,242.0,111.03
2024-01-25 00:00:00+05:30,177.0,179.8000030517578,173.5,177.25,1145365,0.0,0.0,HEMIPROP.NS,Hemisphere Properties India Limited,Real Estate,Real Estate - Diversified,39352836096,,0.176,,242.0,111.03
2024-01-29 00:00:00+05:30,177.25,184.10000610351562,177.25,180.0500030517578,1488994,0.0,0.0,HEMIPROP.NS,Hemisphere Properties India Limited,Real Estate,Real Estate - Diversified,39352836096,,0.176,,242.0,111.03
2024-01-30 00:00:00+05:30,202.0,213.4499969482422,193.25,206.4499969482422,12479347,0.0,0.0,HEMIPROP.NS,Hemisphere Properties India Limited,Real Estate,Real Estate - Diversified,39352836096,,0.176,,242.0,111.03
2024-01-31 00:00:00+05:30,208.0,226.89999389648438,207.3000030517578,220.9499969482422,9856051,0.0,0.0,HEMIPROP.NS,Hemisphere Properties India Limited,Real Estate,Real Estate - Diversified,39352836096,,0.176,,242.0,111.03
2024-02-01 00:00:00+05:30,221.89999389648438,237.3000030517578,214.0500030517578,231.85000610351562,6715700,0.0,0.0,HEMIPROP.NS,Hemisphere Properties India Limited,Real Estate,Real Estate - Diversified,39352836096,,0.176,,242.0,111.03
2024-02-02 00:00:00+05:30,235.0,248.0,234.0,242.0,8592308,0.0,0.0,HEMIPROP.NS,Hemisphere Properties India Limited,Real Estate,Real Estate - Diversified,39352836096,,0.176,,242.0,111.03
2024-02-05 00:00:00+05:30,244.14999389648438,264.95001220703125,242.1999969482422,251.64999389648438,6917030,0.0,0.0,HEMIPROP.NS,Hemisphere Properties India Limited,Real Estate,Real Estate - Diversified,39352836096,,0.176,,242.0,111.03
2024-02-06 00:00:00+05:30,254.1999969482422,257.75,238.39999389648438,240.60000610351562,2920697,0.0,0.0,HEMIPROP.NS,Hemisphere Properties India Limited,Real Estate,Real Estate - Diversified,39352836096,,0.176,,242.0,111.03
2024-02-07 00:00:00+05:30,240.89999389648438,249.60000610351562,240.85000610351562,243.89999389648438,2191322,0.0,0.0,HEMIPROP.NS,Hemisphere Properties India Limited,Real Estate,Real Estate - Diversified,39352836096,,0.176,,242.0,111.03
2024-02-08 00:00:00+05:30,241.10000610351562,253.0500030517578,241.10000610351562,246.5,2368452,0.0,0.0,HEMIPROP.NS,Hemisphere Properties India Limited,Real Estate,Real Estate - Diversified,39352836096,,0.176,,242.0,111.03
2024-02-09 00:00:00+05:30,247.0,248.4499969482422,223.5500030517578,230.10000610351562,2857366,0.0,0.0,HEMIPROP.NS,Hemisphere Properties India Limited,Real Estate,Real Estate - Diversified,39352836096,,0.176,,242.0,111.03
2024-02-12 00:00:00+05:30,225.0,227.9499969482422,195.0,201.5,4653314,0.0,0.0,HEMIPROP.NS,Hemisphere Properties India Limited,Real Estate,Real Estate - Diversified,39352836096,,0.176,,242.0,111.03
2024-02-13 00:00:00+05:30,202.60000610351562,216.6999969482422,195.3000030517578,213.64999389648438,4037566,0.0,0.0,HEMIPROP.NS,Hemisphere Properties India Limited,Real Estate,Real Estate - Diversified,39352836096,,0.176,,242.0,111.03
2024-02-14 00:00:00+05:30,211.5500030517578,221.39999389648438,207.89999389648438,219.25,3011514,0.0,0.0,HEMIPROP.NS,Hemisphere Properties India Limited,Real Estate,Real Estate - Diversified,39352836096,,0.176,,242.0,111.03
2024-02-15 00:00:00+05:30,221.39999389648438,228.60000610351562,220.5,223.0500030517578,2104182,0.0,0.0,HEMIPROP.NS,Hemisphere Properties India Limited,Real Estate,Real Estate - Diversified,39352836096,,0.176,,242.0,111.03
2024-02-16 00:00:00+05:30,223.89999389648438,232.0,220.4499969482422,225.60000610351562,2131322,0.0,0.0,HEMIPROP.NS,Hemisphere Properties India Limited,Real Estate,Real Estate - Diversified,39352836096,,0.176,,242.0,111.03
2024-02-19 00:00:00+05:30,224.3000030517578,225.9499969482422,218.6999969482422,220.14999389648438,1572279,0.0,0.0,HEMIPROP.NS,Hemisphere Properties India Limited,Real Estate,Real Estate - Diversified,39352836096,,0.176,,242.0,111.03
2024-02-20 00:00:00+05:30,220.85000610351562,233.75,219.64999389648438,224.25,1668664,0.0,0.0,HEMIPROP.NS,Hemisphere Properties India Limited,Real Estate,Real Estate - Diversified,39352836096,,0.176,,242.0,111.03
2024-02-21 00:00:00+05:30,225.0,229.39999389648438,213.10000610351562,215.0,1627589,0.0,0.0,HEMIPROP.NS,Hemisphere Properties India Limited,Real Estate,Real Estate - Diversified,39352836096,,0.176,,242.0,111.03
2024-02-22 00:00:00+05:30,216.89999389648438,221.1999969482422,211.5500030517578,219.0500030517578,1454321,0.0,0.0,HEMIPROP.NS,Hemisphere Properties India Limited,Real Estate,Real Estate - Diversified,39352836096,,0.176,,242.0,111.03
2024-02-23 00:00:00+05:30,219.6999969482422,222.8000030517578,216.10000610351562,217.6999969482422,1139928,0.0,0.0,HEMIPROP.NS,Hemisphere Properties India Limited,Real Estate,Real Estate - Diversified,39352836096,,0.176,,242.0,111.03
2024-02-26 00:00:00+05:30,217.6999969482422,223.14999389648438,214.25,215.0500030517578,1138076,0.0,0.0,HEMIPROP.NS,Hemisphere Properties India Limited,Real Estate,Real Estate - Diversified,39352836096,,0.176,,242.0,111.03
2024-02-27 00:00:00+05:30,215.60000610351562,217.75,212.75,215.0500030517578,803898,0.0,0.0,HEMIPROP.NS,Hemisphere Properties India Limited,Real Estate,Real Estate - Diversified,39352836096,,0.176,,242.0,111.03
2024-02-28 00:00:00+05:30,214.5500030517578,215.75,203.64999389648438,205.4499969482422,1676112,0.0,0.0,HEMIPROP.NS,Hemisphere Properties India Limited,Real Estate,Real Estate - Diversified,39352836096,,0.176,,242.0,111.03
2024-02-29 00:00:00+05:30,201.14999389648438,213.89999389648438,201.14999389648438,205.85000610351562,3323337,0.0,0.0,HEMIPROP.NS,Hemisphere Properties India Limited,Real Estate,Real Estate - Diversified,39352836096,,0.176,,242.0,111.03
2024-03-01 00:00:00+05:30,207.9499969482422,212.0500030517578,207.25,209.8000030517578,991487,0.0,0.0,HEMIPROP.NS,Hemisphere Properties India Limited,Real Estate,Real Estate - Diversified,39352836096,,0.176,,242.0,111.03
2024-03-04 00:00:00+05:30,221.5500030517578,225.5,214.5500030517578,218.6999969482422,1256674,0.0,0.0,HEMIPROP.NS,Hemisphere Properties India Limited,Real Estate,Real Estate - Diversified,39352836096,,0.176,,242.0,111.03
2024-03-05 00:00:00+05:30,218.0500030517578,218.89999389648438,213.10000610351562,214.14999389648438,725462,0.0,0.0,HEMIPROP.NS,Hemisphere Properties India Limited,Real Estate,Real Estate - Diversified,39352836096,,0.176,,242.0,111.03
2024-03-06 00:00:00+05:30,212.1999969482422,214.75,205.10000610351562,207.75,1053190,0.0,0.0,HEMIPROP.NS,Hemisphere Properties India Limited,Real Estate,Real Estate - Diversified,39352836096,,0.176,,242.0,111.03
2024-03-07 00:00:00+05:30,206.10000610351562,212.0,206.10000610351562,208.0500030517578,747483,0.0,0.0,HEMIPROP.NS,Hemisphere Properties India Limited,Real Estate,Real Estate - Diversified,39352836096,,0.176,,242.0,111.03
2024-03-11 00:00:00+05:30,209.0,213.35000610351562,199.3000030517578,201.1999969482422,1099639,0.0,0.0,HEMIPROP.NS,Hemisphere Properties India Limited,Real Estate,Real Estate - Diversified,39352836096,,0.176,,242.0,111.03
2024-03-12 00:00:00+05:30,201.1999969482422,202.5,186.64999389648438,190.64999389648438,2241697,0.0,0.0,HEMIPROP.NS,Hemisphere Properties India Limited,Real Estate,Real Estate - Diversified,39352836096,,0.176,,242.0,111.03
2024-03-13 00:00:00+05:30,197.89999389648438,197.89999389648438,161.6999969482422,169.9499969482422,3455223,0.0,0.0,HEMIPROP.NS,Hemisphere Properties India Limited,Real Estate,Real Estate - Diversified,39352836096,,0.176,,242.0,111.03
2024-03-14 00:00:00+05:30,169.0,188.9499969482422,168.75,187.4499969482422,1708154,0.0,0.0,HEMIPROP.NS,Hemisphere Properties India Limited,Real Estate,Real Estate - Diversified,39352836096,,0.176,,242.0,111.03
2024-03-15 00:00:00+05:30,187.0,196.89999389648438,181.3000030517578,194.39999389648438,1466588,0.0,0.0,HEMIPROP.NS,Hemisphere Properties India Limited,Real Estate,Real Estate - Diversified,39352836096,,0.176,,242.0,111.03
2024-03-18 00:00:00+05:30,195.0,195.0,186.5,190.85000610351562,1139952,0.0,0.0,HEMIPROP.NS,Hemisphere Properties India Limited,Real Estate,Real Estate - Diversified,39352836096,,0.176,,242.0,111.03
2024-03-19 00:00:00+05:30,190.0,193.89999389648438,187.5,190.60000610351562,687406,0.0,0.0,HEMIPROP.NS,Hemisphere Properties India Limited,Real Estate,Real Estate - Diversified,39352836096,,0.176,,242.0,111.03
2024-03-20 00:00:00+05:30,190.60000610351562,193.35000610351562,185.0500030517578,191.4499969482422,835393,0.0,0.0,HEMIPROP.NS,Hemisphere Properties India Limited,Real Estate,Real Estate - Diversified,39352836096,,0.176,,242.0,111.03
2024-03-21 00:00:00+05:30,193.89999389648438,196.89999389648438,193.85000610351562,195.3000030517578,754877,0.0,0.0,HEMIPROP.NS,Hemisphere Properties India Limited,Real Estate,Real Estate - Diversified,39352836096,,0.176,,242.0,111.03
2024-03-22 00:00:00+05:30,194.14999389648438,207.8000030517578,194.10000610351562,205.3000030517578,1555651,0.0,0.0,HEMIPROP.NS,Hemisphere Properties India Limited,Real Estate,Real Estate - Diversified,39352836096,,0.176,,242.0,111.03
2024-03-26 00:00:00+05:30,205.0,206.10000610351562,199.5,200.25,840984,0.0,0.0,HEMIPROP.NS,Hemisphere Properties India Limited,Real Estate,Real Estate - Diversified,39352836096,,0.176,,242.0,111.03
2024-03-27 00:00:00+05:30,202.0,204.85000610351562,198.75,200.14999389648438,850677,0.0,0.0,HEMIPROP.NS,Hemisphere Properties India Limited,Real Estate,Real Estate - Diversified,39352836096,,0.176,,242.0,111.03
2024-03-28 00:00:00+05:30,202.85000610351562,204.8000030517578,198.10000610351562,199.9499969482422,601203,0.0,0.0,HEMIPROP.NS,Hemisphere Properties India Limited,Real Estate,Real Estate - Diversified,39352836096,,0.176,,242.0,111.03
2024-04-01 00:00:00+05:30,201.14999389648438,209.64999389648438,201.14999389648438,208.0500030517578,1015403,0.0,0.0,HEMIPROP.NS,Hemisphere Properties India Limited,Real Estate,Real Estate - Diversified,39352836096,,0.176,,242.0,111.03
2024-04-02 00:00:00+05:30,209.6999969482422,215.0,208.6999969482422,214.5500030517578,925068,0.0,0.0,HEMIPROP.NS,Hemisphere Properties India Limited,Real Estate,Real Estate - Diversified,39352836096,,0.176,,242.0,111.03
2024-04-03 00:00:00+05:30,212.6999969482422,217.6999969482422,212.0,213.75,675174,0.0,0.0,HEMIPROP.NS,Hemisphere Properties India Limited,Real Estate,Real Estate - Diversified,39352836096,,0.176,,242.0,111.03
2024-04-04 00:00:00+05:30,215.0,217.60000610351562,208.9499969482422,211.89999389648438,789311,0.0,0.0,HEMIPROP.NS,Hemisphere Properties India Limited,Real Estate,Real Estate - Diversified,39352836096,,0.176,,242.0,111.03
2024-04-05 00:00:00+05:30,211.5,214.5500030517578,208.8000030517578,211.9499969482422,681063,0.0,0.0,HEMIPROP.NS,Hemisphere Properties India Limited,Real Estate,Real Estate - Diversified,39352836096,,0.176,,242.0,111.03
2024-04-08 00:00:00+05:30,212.6999969482422,215.6999969482422,210.0500030517578,210.39999389648438,543703,0.0,0.0,HEMIPROP.NS,Hemisphere Properties India Limited,Real Estate,Real Estate - Diversified,39352836096,,0.176,,242.0,111.03
2024-04-09 00:00:00+05:30,211.85000610351562,222.39999389648438,210.75,215.64999389648438,2351730,0.0,0.0,HEMIPROP.NS,Hemisphere Properties India Limited,Real Estate,Real Estate - Diversified,39352836096,,0.176,,242.0,111.03
2024-04-10 00:00:00+05:30,216.5,217.1999969482422,212.10000610351562,212.75,434780,0.0,0.0,HEMIPROP.NS,Hemisphere Properties India Limited,Real Estate,Real Estate - Diversified,39352836096,,0.176,,242.0,111.03
2024-04-12 00:00:00+05:30,212.39999389648438,212.5,206.14999389648438,207.0,995840,0.0,0.0,HEMIPROP.NS,Hemisphere Properties India Limited,Real Estate,Real Estate - Diversified,39352836096,,0.176,,242.0,111.03
2024-04-15 00:00:00+05:30,201.5,205.0,195.39999389648438,199.6999969482422,784248,0.0,0.0,HEMIPROP.NS,Hemisphere Properties India Limited,Real Estate,Real Estate - Diversified,39352836096,,0.176,,242.0,111.03
2024-04-16 00:00:00+05:30,197.0,203.4499969482422,196.39999389648438,200.39999389648438,459827,0.0,0.0,HEMIPROP.NS,Hemisphere Properties India Limited,Real Estate,Real Estate - Diversified,39352836096,,0.176,,242.0,111.03
2024-04-18 00:00:00+05:30,201.89999389648438,203.5500030517578,198.5500030517578,200.60000610351562,794255,0.0,0.0,HEMIPROP.NS,Hemisphere Properties India Limited,Real Estate,Real Estate - Diversified,39352836096,,0.176,,242.0,111.03
2024-04-19 00:00:00+05:30,195.0,198.35000610351562,181.0500030517578,195.64999389648438,730859,0.0,0.0,HEMIPROP.NS,Hemisphere Properties India Limited,Real Estate,Real Estate - Diversified,39352836096,,0.176,,242.0,111.03
2024-04-22 00:00:00+05:30,197.1999969482422,213.0,197.1999969482422,211.9499969482422,1846506,0.0,0.0,HEMIPROP.NS,Hemisphere Properties India Limited,Real Estate,Real Estate - Diversified,39352836096,,0.176,,242.0,111.03
2024-04-23 00:00:00+05:30,213.39999389648438,214.39999389648438,209.14999389648438,213.3000030517578,962462,0.0,0.0,HEMIPROP.NS,Hemisphere Properties India Limited,Real Estate,Real Estate - Diversified,39352836096,,0.176,,242.0,111.03
2024-04-24 00:00:00+05:30,214.85000610351562,221.5500030517578,213.3000030517578,215.64999389648438,1667606,0.0,0.0,HEMIPROP.NS,Hemisphere Properties India Limited,Real Estate,Real Estate - Diversified,39352836096,,0.176,,242.0,111.03
2024-04-25 00:00:00+05:30,215.5,219.0,214.0500030517578,215.35000610351562,550853,0.0,0.0,HEMIPROP.NS,Hemisphere Properties India Limited,Real Estate,Real Estate - Diversified,39352836096,,0.176,,242.0,111.03
2024-04-26 00:00:00+05:30,214.75,216.89999389648438,210.89999389648438,213.14999389648438,599378,0.0,0.0,HEMIPROP.NS,Hemisphere Properties India Limited,Real Estate,Real Estate - Diversified,39352836096,,0.176,,242.0,111.03
2024-04-29 00:00:00+05:30,214.0,221.5,213.75,215.3000030517578,1159447,0.0,0.0,HEMIPROP.NS,Hemisphere Properties India Limited,Real Estate,Real Estate - Diversified,39352836096,,0.176,,242.0,111.03
2024-04-30 00:00:00+05:30,213.0,216.39999389648438,209.5,210.14999389648438,606339,0.0,0.0,HEMIPROP.NS,Hemisphere Properties India Limited,Real Estate,Real Estate - Diversified,39352836096,,0.176,,242.0,111.03
2024-05-02 00:00:00+05:30,211.0,213.5,208.0,208.8000030517578,521480,0.0,0.0,HEMIPROP.NS,Hemisphere Properties India Limited,Real Estate,Real Estate - Diversified,39352836096,,0.176,,242.0,111.03
2024-05-03 00:00:00+05:30,210.0,211.6999969482422,203.5,207.5500030517578,586386,0.0,0.0,HEMIPROP.NS,Hemisphere Properties India Limited,Real Estate,Real Estate - Diversified,39352836096,,0.176,,242.0,111.03
2024-05-06 00:00:00+05:30,209.0,209.25,201.25,202.60000610351562,576093,0.0,0.0,HEMIPROP.NS,Hemisphere Properties India Limited,Real Estate,Real Estate - Diversified,39352836096,,0.176,,242.0,111.03
2024-05-07 00:00:00+05:30,203.14999389648438,203.75,195.14999389648438,197.9499969482422,761856,0.0,0.0,HEMIPROP.NS,Hemisphere Properties India Limited,Real Estate,Real Estate - Diversified,39352836096,,0.176,,242.0,111.03
2024-05-08 00:00:00+05:30,195.60000610351562,201.3000030517578,195.10000610351562,198.10000610351562,461602,0.0,0.0,HEMIPROP.NS,Hemisphere Properties India Limited,Real Estate,Real Estate - Diversified,39352836096,,0.176,,242.0,111.03
2024-05-09 00:00:00+05:30,198.1999969482422,199.5500030517578,192.25,193.5500030517578,466740,0.0,0.0,HEMIPROP.NS,Hemisphere Properties India Limited,Real Estate,Real Estate - Diversified,39352836096,,0.176,,242.0,111.03
2024-05-10 00:00:00+05:30,194.0,195.9499969482422,188.0,194.14999389648438,458080,0.0,0.0,HEMIPROP.NS,Hemisphere Properties India Limited,Real Estate,Real Estate - Diversified,39352836096,,0.176,,242.0,111.03
2024-05-13 00:00:00+05:30,195.9499969482422,195.9499969482422,187.5,193.4499969482422,630228,0.0,0.0,HEMIPROP.NS,Hemisphere Properties India Limited,Real Estate,Real Estate - Diversified,39352836096,,0.176,,242.0,111.03
2024-05-14 00:00:00+05:30,195.0,199.5,194.10000610351562,196.6999969482422,404654,0.0,0.0,HEMIPROP.NS,Hemisphere Properties India Limited,Real Estate,Real Estate - Diversified,39352836096,,0.176,,242.0,111.03
2024-05-15 00:00:00+05:30,200.0,206.5500030517578,198.10000610351562,204.35000610351562,1357243,0.0,0.0,HEMIPROP.NS,Hemisphere Properties India Limited,Real Estate,Real Estate - Diversified,39352836096,,0.176,,242.0,111.03
2024-05-16 00:00:00+05:30,205.3000030517578,207.0,202.10000610351562,205.75,555655,0.0,0.0,HEMIPROP.NS,Hemisphere Properties India Limited,Real Estate,Real Estate - Diversified,39352836096,,0.176,,242.0,111.03
2024-05-17 00:00:00+05:30,206.5,212.0,204.0,210.5500030517578,1318851,0.0,0.0,HEMIPROP.NS,Hemisphere Properties India Limited,Real Estate,Real Estate - Diversified,39352836096,,0.176,,242.0,111.03
2024-05-21 00:00:00+05:30,209.8000030517578,212.89999389648438,206.8000030517578,210.5,757005,0.0,0.0,HEMIPROP.NS,Hemisphere Properties India Limited,Real Estate,Real Estate - Diversified,39352836096,,0.176,,242.0,111.03
2024-05-22 00:00:00+05:30,212.0,214.8000030517578,208.10000610351562,208.4499969482422,789639,0.0,0.0,HEMIPROP.NS,Hemisphere Properties India Limited,Real Estate,Real Estate - Diversified,39352836096,,0.176,,242.0,111.03
2024-05-23 00:00:00+05:30,209.0500030517578,211.35000610351562,206.60000610351562,207.1999969482422,575264,0.0,0.0,HEMIPROP.NS,Hemisphere Properties India Limited,Real Estate,Real Estate - Diversified,39352836096,,0.176,,242.0,111.03
2024-05-24 00:00:00+05:30,207.25,211.10000610351562,206.5,206.85000610351562,563415,0.0,0.0,HEMIPROP.NS,Hemisphere Properties India Limited,Real Estate,Real Estate - Diversified,39352836096,,0.176,,242.0,111.03
2024-05-27 00:00:00+05:30,209.0,211.25,203.60000610351562,204.25,787265,0.0,0.0,HEMIPROP.NS,Hemisphere Properties India Limited,Real Estate,Real Estate - Diversified,39352836096,,0.176,,242.0,111.03
2024-05-28 00:00:00+05:30,205.5,205.60000610351562,199.10000610351562,199.9499969482422,618167,0.0,0.0,HEMIPROP.NS,Hemisphere Properties India Limited,Real Estate,Real Estate - Diversified,39352836096,,0.176,,242.0,111.03
2024-05-29 00:00:00+05:30,197.9499969482422,202.0,195.5500030517578,197.1999969482422,592968,0.0,0.0,HEMIPROP.NS,Hemisphere Properties India Limited,Real Estate,Real Estate - Diversified,39352836096,,0.176,,242.0,111.03
2024-05-30 00:00:00+05:30,195.10000610351562,200.8000030517578,194.5,195.0500030517578,673322,0.0,0.0,HEMIPROP.NS,Hemisphere Properties India Limited,Real Estate,Real Estate - Diversified,39352836096,,0.176,,242.0,111.03
2024-05-31 00:00:00+05:30,196.25,200.6999969482422,191.60000610351562,198.75,1249596,0.0,0.0,HEMIPROP.NS,Hemisphere Properties India Limited,Real Estate,Real Estate - Diversified,39352836096,,0.176,,242.0,111.03
2024-06-03 00:00:00+05:30,209.0,210.9499969482422,201.9499969482422,203.5,1407926,0.0,0.0,HEMIPROP.NS,Hemisphere Properties India Limited,Real Estate,Real Estate - Diversified,39352836096,,0.176,,242.0,111.03
2024-06-04 00:00:00+05:30,200.0,200.0,162.8000030517578,170.35000610351562,3955389,0.0,0.0,HEMIPROP.NS,Hemisphere Properties India Limited,Real Estate,Real Estate - Diversified,39352836096,,0.176,,242.0,111.03
2024-06-05 00:00:00+05:30,170.3000030517578,178.0,163.85000610351562,176.8000030517578,1474799,0.0,0.0,HEMIPROP.NS,Hemisphere Properties India Limited,Real Estate,Real Estate - Diversified,39352836096,,0.176,,242.0,111.03
2024-06-06 00:00:00+05:30,180.0,187.9499969482422,180.0,185.60000610351562,806717,0.0,0.0,HEMIPROP.NS,Hemisphere Properties India Limited,Real Estate,Real Estate - Diversified,39352836096,,0.176,,242.0,111.03
2024-06-07 00:00:00+05:30,186.5,192.0,184.64999389648438,190.0500030517578,728210,0.0,0.0,HEMIPROP.NS,Hemisphere Properties India Limited,Real Estate,Real Estate - Diversified,39352836096,,0.176,,242.0,111.03
2024-06-10 00:00:00+05:30,191.10000610351562,194.7899932861328,188.5,190.75,579080,0.0,0.0,HEMIPROP.NS,Hemisphere Properties India Limited,Real Estate,Real Estate - Diversified,39352836096,,0.176,,242.0,111.03
2024-06-11 00:00:00+05:30,192.0,201.38999938964844,191.50999450683594,197.24000549316406,1394961,0.0,0.0,HEMIPROP.NS,Hemisphere Properties India Limited,Real Estate,Real Estate - Diversified,39352836096,,0.176,,242.0,111.03
2024-06-12 00:00:00+05:30,197.4499969482422,203.3300018310547,197.3300018310547,199.13999938964844,822238,0.0,0.0,HEMIPROP.NS,Hemisphere Properties India Limited,Real Estate,Real Estate - Diversified,39352836096,,0.176,,242.0,111.03
2024-06-13 00:00:00+05:30,200.5,205.99000549316406,198.5500030517578,199.66000366210938,1587881,0.0,0.0,HEMIPROP.NS,Hemisphere Properties India Limited,Real Estate,Real Estate - Diversified,39352836096,,0.176,,242.0,111.03
2024-06-14 00:00:00+05:30,199.42999267578125,202.58999633789062,197.47999572753906,197.88999938964844,823438,0.0,0.0,HEMIPROP.NS,Hemisphere Properties India Limited,Real Estate,Real Estate - Diversified,39352836096,,0.176,,242.0,111.03
2024-06-18 00:00:00+05:30,199.1999969482422,199.4199981689453,195.6199951171875,196.6199951171875,1018026,0.0,0.0,HEMIPROP.NS,Hemisphere Properties India Limited,Real Estate,Real Estate - Diversified,39352836096,,0.176,,242.0,111.03
2024-06-19 00:00:00+05:30,197.2899932861328,197.66000366210938,191.7100067138672,192.17999267578125,676753,0.0,0.0,HEMIPROP.NS,Hemisphere Properties India Limited,Real Estate,Real Estate - Diversified,39352836096,,0.176,,242.0,111.03
2024-06-20 00:00:00+05:30,193.0,196.88999938964844,192.75,193.24000549316406,722456,0.0,0.0,HEMIPROP.NS,Hemisphere Properties India Limited,Real Estate,Real Estate - Diversified,39352836096,,0.176,,242.0,111.03
2024-06-21 00:00:00+05:30,193.64999389648438,196.88999938964844,192.22999572753906,193.5800018310547,614285,0.0,0.0,HEMIPROP.NS,Hemisphere Properties India Limited,Real Estate,Real Estate - Diversified,39352836096,,0.176,,242.0,111.03
2024-06-24 00:00:00+05:30,191.0,194.67999267578125,190.25,191.3800048828125,527461,0.0,0.0,HEMIPROP.NS,Hemisphere Properties India Limited,Real Estate,Real Estate - Diversified,39352836096,,0.176,,242.0,111.03
2024-06-25 00:00:00+05:30,192.35000610351562,195.60000610351562,189.08999633789062,194.02999877929688,956750,0.0,0.0,HEMIPROP.NS,Hemisphere Properties India Limited,Real Estate,Real Estate - Diversified,39352836096,,0.176,,242.0,111.03
2024-06-26 00:00:00+05:30,195.8000030517578,198.22000122070312,191.5500030517578,192.3300018310547,806385,0.0,0.0,HEMIPROP.NS,Hemisphere Properties India Limited,Real Estate,Real Estate - Diversified,39352836096,,0.176,,242.0,111.03
2024-06-27 00:00:00+05:30,192.3300018310547,192.8000030517578,186.5,189.72999572753906,642024,0.0,0.0,HEMIPROP.NS,Hemisphere Properties India Limited,Real Estate,Real Estate - Diversified,39352836096,,0.176,,242.0,111.03
2024-06-28 00:00:00+05:30,191.2899932861328,191.99000549316406,188.0,188.35000610351562,398550,0.0,0.0,HEMIPROP.NS,Hemisphere Properties India Limited,Real Estate,Real Estate - Diversified,39352836096,,0.176,,242.0,111.03
2024-07-01 00:00:00+05:30,189.82000732421875,191.8000030517578,188.25999450683594,189.3300018310547,357604,0.0,0.0,HEMIPROP.NS,Hemisphere Properties India Limited,Real Estate,Real Estate - Diversified,39352836096,,0.176,,242.0,111.03
2024-07-02 00:00:00+05:30,190.0,192.6999969482422,188.13999938964844,189.4499969482422,562917,0.0,0.0,HEMIPROP.NS,Hemisphere Properties India Limited,Real Estate,Real Estate - Diversified,39352836096,,0.176,,242.0,111.03
2024-07-03 00:00:00+05:30,190.6999969482422,196.8800048828125,190.61000061035156,193.8000030517578,872575,0.0,0.0,HEMIPROP.NS,Hemisphere Properties India Limited,Real Estate,Real Estate - Diversified,39352836096,,0.176,,242.0,111.03
2024-07-04 00:00:00+05:30,194.6999969482422,194.94000244140625,191.0,191.32000732421875,523075,0.0,0.0,HEMIPROP.NS,Hemisphere Properties India Limited,Real Estate,Real Estate - Diversified,39352836096,,0.176,,242.0,111.03
2024-07-05 00:00:00+05:30,191.0,204.0,190.3300018310547,201.8300018310547,2549071,0.0,0.0,HEMIPROP.NS,Hemisphere Properties India Limited,Real Estate,Real Estate - Diversified,39352836096,,0.176,,242.0,111.03
2024-07-08 00:00:00+05:30,204.0,211.39999389648438,203.14999389648438,204.33999633789062,2512328,0.0,0.0,HEMIPROP.NS,Hemisphere Properties India Limited,Real Estate,Real Estate - Diversified,39352836096,,0.176,,242.0,111.03
2024-07-09 00:00:00+05:30,205.6999969482422,206.5500030517578,201.0800018310547,202.13999938964844,687117,0.0,0.0,HEMIPROP.NS,Hemisphere Properties India Limited,Real Estate,Real Estate - Diversified,39352836096,,0.176,,242.0,111.03
2024-07-10 00:00:00+05:30,218.99000549316406,219.0,207.72999572753906,216.27000427246094,8343312,0.0,0.0,HEMIPROP.NS,Hemisphere Properties India Limited,Real Estate,Real Estate - Diversified,39352836096,,0.176,,242.0,111.03
2024-07-11 00:00:00+05:30,216.89999389648438,224.8000030517578,216.88999938964844,220.7899932861328,5018726,0.0,0.0,HEMIPROP.NS,Hemisphere Properties India Limited,Real Estate,Real Estate - Diversified,39352836096,,0.176,,242.0,111.03
2024-07-12 00:00:00+05:30,222.8000030517578,233.0,221.0,225.99000549316406,5413432,0.0,0.0,HEMIPROP.NS,Hemisphere Properties India Limited,Real Estate,Real Estate - Diversified,39352836096,,0.176,,242.0,111.03
2024-07-15 00:00:00+05:30,228.0,239.0,227.22000122070312,235.89999389648438,4104166,0.0,0.0,HEMIPROP.NS,Hemisphere Properties India Limited,Real Estate,Real Estate - Diversified,39352836096,,0.176,,242.0,111.03
2024-07-16 00:00:00+05:30,237.0,242.0,230.10000610351562,230.69000244140625,2269796,0.0,0.0,HEMIPROP.NS,Hemisphere Properties India Limited,Real Estate,Real Estate - Diversified,39352836096,,0.176,,242.0,111.03
2024-07-18 00:00:00+05:30,227.1300048828125,231.35000610351562,222.00999450683594,223.49000549316406,2094109,0.0,0.0,HEMIPROP.NS,Hemisphere Properties India Limited,Real Estate,Real Estate - Diversified,39352836096,,0.176,,242.0,111.03
2024-07-19 00:00:00+05:30,223.7899932861328,223.7899932861328,211.3000030517578,213.14999389648438,1483965,0.0,0.0,HEMIPROP.NS,Hemisphere Properties India Limited,Real Estate,Real Estate - Diversified,39352836096,,0.176,,242.0,111.03
2024-07-22 00:00:00+05:30,210.9499969482422,222.4199981689453,209.9499969482422,215.22000122070312,1936066,0.0,0.0,HEMIPROP.NS,Hemisphere Properties India Limited,Real Estate,Real Estate - Diversified,39352836096,,0.176,,242.0,111.03
2024-07-23 00:00:00+05:30,216.89999389648438,220.3000030517578,204.10000610351562,213.1999969482422,2389508,0.0,0.0,HEMIPROP.NS,Hemisphere Properties India Limited,Real Estate,Real Estate - Diversified,39352836096,,0.176,,242.0,111.03
2024-07-24 00:00:00+05:30,212.0,221.8000030517578,211.5,219.00999450683594,1096291,0.0,0.0,HEMIPROP.NS,Hemisphere Properties India Limited,Real Estate,Real Estate - Diversified,39352836096,,0.176,,242.0,111.03
2024-07-25 00:00:00+05:30,217.6999969482422,224.8000030517578,214.2100067138672,217.24000549316406,940289,0.0,0.0,HEMIPROP.NS,Hemisphere Properties India Limited,Real Estate,Real Estate - Diversified,39352836096,,0.176,,242.0,111.03
2024-07-26 00:00:00+05:30,218.89999389648438,226.8000030517578,218.88999938964844,220.0399932861328,1276986,0.0,0.0,HEMIPROP.NS,Hemisphere Properties India Limited,Real Estate,Real Estate - Diversified,39352836096,,0.176,,242.0,111.03
2024-07-29 00:00:00+05:30,221.8000030517578,224.5500030517578,218.41000366210938,219.42999267578125,793504,0.0,0.0,HEMIPROP.NS,Hemisphere Properties India Limited,Real Estate,Real Estate - Diversified,39352836096,,0.176,,242.0,111.03
2024-07-30 00:00:00+05:30,219.0,222.60000610351562,218.0500030517578,218.77999877929688,657038,0.0,0.0,HEMIPROP.NS,Hemisphere Properties India Limited,Real Estate,Real Estate - Diversified,39352836096,,0.176,,242.0,111.03
2024-07-31 00:00:00+05:30,220.0,222.11000061035156,217.00999450683594,217.5399932861328,692900,0.0,0.0,HEMIPROP.NS,Hemisphere Properties India Limited,Real Estate,Real Estate - Diversified,39352836096,,0.176,,242.0,111.03
2024-08-01 00:00:00+05:30,218.38999938964844,219.02999877929688,210.1199951171875,211.14999389648438,994660,0.0,0.0,HEMIPROP.NS,Hemisphere Properties India Limited,Real Estate,Real Estate - Diversified,39352836096,,0.176,,242.0,111.03
2024-08-02 00:00:00+05:30,207.0,214.25,207.0,210.1199951171875,896183,0.0,0.0,HEMIPROP.NS,Hemisphere Properties India Limited,Real Estate,Real Estate - Diversified,39352836096,,0.176,,242.0,111.03
2024-08-05 00:00:00+05:30,205.0,206.0,196.8000030517578,200.60000610351562,1862380,0.0,0.0,HEMIPROP.NS,Hemisphere Properties India Limited,Real Estate,Real Estate - Diversified,39352836096,,0.176,,242.0,111.03
2024-08-06 00:00:00+05:30,202.0,205.89999389648438,194.11000061035156,195.75,916365,0.0,0.0,HEMIPROP.NS,Hemisphere Properties India Limited,Real Estate,Real Estate - Diversified,39352836096,,0.176,,242.0,111.03
2024-08-07 00:00:00+05:30,200.3800048828125,202.58999633789062,198.36000061035156,201.3300018310547,550895,0.0,0.0,HEMIPROP.NS,Hemisphere Properties India Limited,Real Estate,Real Estate - Diversified,39352836096,,0.176,,242.0,111.03
2024-08-08 00:00:00+05:30,199.97999572753906,203.4499969482422,198.0,198.8000030517578,504373,0.0,0.0,HEMIPROP.NS,Hemisphere Properties India Limited,Real Estate,Real Estate - Diversified,39352836096,,0.176,,242.0,111.03
2024-08-09 00:00:00+05:30,205.99000549316406,206.0,201.64999389648438,202.88999938964844,446722,0.0,0.0,HEMIPROP.NS,Hemisphere Properties India Limited,Real Estate,Real Estate - Diversified,39352836096,,0.176,,242.0,111.03
2024-08-12 00:00:00+05:30,202.88999938964844,204.72999572753906,199.67999267578125,201.80999755859375,338464,0.0,0.0,HEMIPROP.NS,Hemisphere Properties India Limited,Real Estate,Real Estate - Diversified,39352836096,,0.176,,242.0,111.03
2024-08-13 00:00:00+05:30,203.25,205.63999938964844,198.0,199.52999877929688,517690,0.0,0.0,HEMIPROP.NS,Hemisphere Properties India Limited,Real Estate,Real Estate - Diversified,39352836096,,0.176,,242.0,111.03
2024-08-14 00:00:00+05:30,200.0,200.8000030517578,195.14999389648438,196.63999938964844,423208,0.0,0.0,HEMIPROP.NS,Hemisphere Properties India Limited,Real Estate,Real Estate - Diversified,39352836096,,0.176,,242.0,111.03
2024-08-16 00:00:00+05:30,198.10000610351562,201.1199951171875,196.75,199.44000244140625,403835,0.0,0.0,HEMIPROP.NS,Hemisphere Properties India Limited,Real Estate,Real Estate - Diversified,39352836096,,0.176,,242.0,111.03
2024-08-19 00:00:00+05:30,200.74000549316406,203.77999877929688,199.35000610351562,199.77999877929688,396970,0.0,0.0,HEMIPROP.NS,Hemisphere Properties India Limited,Real Estate,Real Estate - Diversified,39352836096,,0.176,,242.0,111.03
2024-08-20 00:00:00+05:30,201.0,202.1300048828125,198.1999969482422,199.16000366210938,379440,0.0,0.0,HEMIPROP.NS,Hemisphere Properties India Limited,Real Estate,Real Estate - Diversified,39352836096,,0.176,,242.0,111.03
2024-08-21 00:00:00+05:30,199.25999450683594,202.0,198.80999755859375,200.61000061035156,383521,0.0,0.0,HEMIPROP.NS,Hemisphere Properties India Limited,Real Estate,Real Estate - Diversified,39352836096,,0.176,,242.0,111.03
2024-08-22 00:00:00+05:30,201.0,204.89999389648438,201.0,201.72999572753906,549533,0.0,0.0,HEMIPROP.NS,Hemisphere Properties India Limited,Real Estate,Real Estate - Diversified,39352836096,,0.176,,242.0,111.03
2024-08-23 00:00:00+05:30,201.89999389648438,202.89999389648438,199.0,199.8800048828125,432706,0.0,0.0,HEMIPROP.NS,Hemisphere Properties India Limited,Real Estate,Real Estate - Diversified,39352836096,,0.176,,242.0,111.03
2024-08-26 00:00:00+05:30,201.5,202.0,198.0500030517578,198.88999938964844,452181,0.0,0.0,HEMIPROP.NS,Hemisphere Properties India Limited,Real Estate,Real Estate - Diversified,39352836096,,0.176,,242.0,111.03
2024-08-27 00:00:00+05:30,199.0,202.6999969482422,199.0,199.7899932861328,476607,0.0,0.0,HEMIPROP.NS,Hemisphere Properties India Limited,Real Estate,Real Estate - Diversified,39352836096,,0.176,,242.0,111.03
2024-08-28 00:00:00+05:30,199.7899932861328,209.7100067138672,199.77999877929688,204.69000244140625,1403218,0.0,0.0,HEMIPROP.NS,Hemisphere Properties India Limited,Real Estate,Real Estate - Diversified,39352836096,,0.176,,242.0,111.03
2024-08-29 00:00:00+05:30,205.0,209.89999389648438,200.0500030517578,200.8699951171875,830132,0.0,0.0,HEMIPROP.NS,Hemisphere Properties India Limited,Real Estate,Real Estate - Diversified,39352836096,,0.176,,242.0,111.03
2024-08-30 00:00:00+05:30,202.0500030517578,208.8000030517578,199.8699951171875,207.1199951171875,825943,0.0,0.0,HEMIPROP.NS,Hemisphere Properties India Limited,Real Estate,Real Estate - Diversified,39352836096,,0.176,,242.0,111.03
2024-09-02 00:00:00+05:30,210.89999389648438,212.89999389648438,205.8000030517578,206.6300048828125,724157,0.0,0.0,HEMIPROP.NS,Hemisphere Properties India Limited,Real Estate,Real Estate - Diversified,39352836096,,0.176,,242.0,111.03
2024-09-03 00:00:00+05:30,206.66000366210938,208.0,201.2100067138672,201.8300018310547,683800,0.0,0.0,HEMIPROP.NS,Hemisphere Properties India Limited,Real Estate,Real Estate - Diversified,39352836096,,0.176,,242.0,111.03
2024-09-04 00:00:00+05:30,201.8300018310547,204.42999267578125,199.1199951171875,200.47000122070312,614842,0.0,0.0,HEMIPROP.NS,Hemisphere Properties India Limited,Real Estate,Real Estate - Diversified,39352836096,,0.176,,242.0,111.03
2024-09-05 00:00:00+05:30,201.97999572753906,204.4499969482422,200.5500030517578,201.02000427246094,447769,0.0,0.0,HEMIPROP.NS,Hemisphere Properties India Limited,Real Estate,Real Estate - Diversified,39352836096,,0.176,,242.0,111.03
2024-09-06 00:00:00+05:30,201.1999969482422,203.39999389648438,195.6999969482422,196.14999389648438,672409,0.0,0.0,HEMIPROP.NS,Hemisphere Properties India Limited,Real Estate,Real Estate - Diversified,39352836096,,0.176,,242.0,111.03
2024-09-09 00:00:00+05:30,196.0,196.99000549316406,191.0,192.52000427246094,578264,0.0,0.0,HEMIPROP.NS,Hemisphere Properties India Limited,Real Estate,Real Estate - Diversified,39352836096,,0.176,,242.0,111.03
2024-09-10 00:00:00+05:30,193.75,198.14999389648438,193.75,197.47999572753906,381695,0.0,0.0,HEMIPROP.NS,Hemisphere Properties India Limited,Real Estate,Real Estate - Diversified,39352836096,,0.176,,242.0,111.03
2024-09-11 00:00:00+05:30,197.1999969482422,197.5,191.89999389648438,192.50999450683594,339495,0.0,0.0,HEMIPROP.NS,Hemisphere Properties India Limited,Real Estate,Real Estate - Diversified,39352836096,,0.176,,242.0,111.03
2024-09-12 00:00:00+05:30,193.60000610351562,195.8000030517578,191.0,194.41000366210938,512651,0.0,0.0,HEMIPROP.NS,Hemisphere Properties India Limited,Real Estate,Real Estate - Diversified,39352836096,,0.176,,242.0,111.03
2024-09-13 00:00:00+05:30,194.89999389648438,197.89999389648438,194.0,195.11000061035156,400441,0.0,0.0,HEMIPROP.NS,Hemisphere Properties India Limited,Real Estate,Real Estate - Diversified,39352836096,,0.176,,242.0,111.03
2024-09-16 00:00:00+05:30,195.25,196.4600067138672,192.39999389648438,192.72999572753906,329551,0.0,0.0,HEMIPROP.NS,Hemisphere Properties India Limited,Real Estate,Real Estate - Diversified,39352836096,,0.176,,242.0,111.03
2024-09-17 00:00:00+05:30,192.8000030517578,195.89999389648438,191.14999389648438,192.4499969482422,408590,0.0,0.0,HEMIPROP.NS,Hemisphere Properties India Limited,Real Estate,Real Estate - Diversified,39352836096,,0.176,,242.0,111.03
2024-09-18 00:00:00+05:30,192.5,193.3699951171875,189.50999450683594,189.99000549316406,306693,0.0,0.0,HEMIPROP.NS,Hemisphere Properties India Limited,Real Estate,Real Estate - Diversified,39352836096,,0.176,,242.0,111.03
2024-09-19 00:00:00+05:30,191.1199951171875,193.10000610351562,183.3300018310547,184.08999633789062,789969,0.0,0.0,HEMIPROP.NS,Hemisphere Properties India Limited,Real Estate,Real Estate - Diversified,39352836096,,0.176,,242.0,111.03
2024-09-20 00:00:00+05:30,184.4499969482422,187.94000244140625,184.4499969482422,186.32000732421875,451145,0.0,0.0,HEMIPROP.NS,Hemisphere Properties India Limited,Real Estate,Real Estate - Diversified,39352836096,,0.176,,242.0,111.03
2024-09-23 00:00:00+05:30,187.60000610351562,203.8000030517578,187.30999755859375,200.24000549316406,2312178,0.0,0.0,HEMIPROP.NS,Hemisphere Properties India Limited,Real Estate,Real Estate - Diversified,39352836096,,0.176,,242.0,111.03
2024-09-24 00:00:00+05:30,199.75,200.1999969482422,195.11000061035156,195.72999572753906,397766,0.0,0.0,HEMIPROP.NS,Hemisphere Properties India Limited,Real Estate,Real Estate - Diversified,39352836096,,0.176,,242.0,111.03
2024-09-25 00:00:00+05:30,195.5,195.8000030517578,192.0,194.6199951171875,381897,0.0,0.0,HEMIPROP.NS,Hemisphere Properties India Limited,Real Estate,Real Estate - Diversified,39352836096,,0.176,,242.0,111.03
2024-09-26 00:00:00+05:30,195.0,207.6999969482422,191.1999969482422,202.5,1739943,0.0,0.0,HEMIPROP.NS,Hemisphere Properties India Limited,Real Estate,Real Estate - Diversified,39352836096,,0.176,,242.0,111.03
2024-09-27 00:00:00+05:30,206.0,212.6999969482422,205.02000427246094,207.1300048828125,2704078,0.0,0.0,HEMIPROP.NS,Hemisphere Properties India Limited,Real Estate,Real Estate - Diversified,39352836096,,0.176,,242.0,111.03
2024-09-30 00:00:00+05:30,206.5,207.0,198.57000732421875,199.55999755859375,808889,0.0,0.0,HEMIPROP.NS,Hemisphere Properties India Limited,Real Estate,Real Estate - Diversified,39352836096,,0.176,,242.0,111.03
2024-10-01 00:00:00+05:30,200.0,201.61000061035156,196.2100067138672,196.75999450683594,398120,0.0,0.0,HEMIPROP.NS,Hemisphere Properties India Limited,Real Estate,Real Estate - Diversified,39352836096,,0.176,,242.0,111.03
2024-10-03 00:00:00+05:30,194.0,195.94000244140625,192.0,192.7100067138672,413778,0.0,0.0,HEMIPROP.NS,Hemisphere Properties India Limited,Real Estate,Real Estate - Diversified,39352836096,,0.176,,242.0,111.03
2024-10-04 00:00:00+05:30,190.85000610351562,194.0,187.5,188.14999389648438,716131,0.0,0.0,HEMIPROP.NS,Hemisphere Properties India Limited,Real Estate,Real Estate - Diversified,39352836096,,0.176,,242.0,111.03
2024-10-07 00:00:00+05:30,191.0,191.49000549316406,179.0,179.8000030517578,818590,0.0,0.0,HEMIPROP.NS,Hemisphere Properties India Limited,Real Estate,Real Estate - Diversified,39352836096,,0.176,,242.0,111.03
2024-10-08 00:00:00+05:30,179.02000427246094,184.89999389648438,179.00999450683594,183.99000549316406,557005,0.0,0.0,HEMIPROP.NS,Hemisphere Properties India Limited,Real Estate,Real Estate - Diversified,39352836096,,0.176,,242.0,111.03
2024-10-09 00:00:00+05:30,185.1999969482422,187.49000549316406,183.08999633789062,183.8800048828125,524458,0.0,0.0,HEMIPROP.NS,Hemisphere Properties India Limited,Real Estate,Real Estate - Diversified,39352836096,,0.176,,242.0,111.03
2024-10-10 00:00:00+05:30,185.5,188.66000366210938,184.00999450683594,184.67999267578125,293339,0.0,0.0,HEMIPROP.NS,Hemisphere Properties India Limited,Real Estate,Real Estate - Diversified,39352836096,,0.176,,242.0,111.03
2024-10-11 00:00:00+05:30,184.9499969482422,186.8000030517578,183.72999572753906,184.97000122070312,314488,0.0,0.0,HEMIPROP.NS,Hemisphere Properties India Limited,Real Estate,Real Estate - Diversified,39352836096,,0.176,,242.0,111.03
2024-10-14 00:00:00+05:30,186.99000549316406,189.0,184.50999450683594,185.83999633789062,340878,0.0,0.0,HEMIPROP.NS,Hemisphere Properties India Limited,Real Estate,Real Estate - Diversified,39352836096,,0.176,,242.0,111.03
2024-10-15 00:00:00+05:30,186.0,187.32000732421875,184.7100067138672,185.61000061035156,213680,0.0,0.0,HEMIPROP.NS,Hemisphere Properties India Limited,Real Estate,Real Estate - Diversified,39352836096,,0.176,,242.0,111.03
2024-10-16 00:00:00+05:30,185.61000061035156,192.5,185.60000610351562,189.7100067138672,518112,0.0,0.0,HEMIPROP.NS,Hemisphere Properties India Limited,Real Estate,Real Estate - Diversified,39352836096,,0.176,,242.0,111.03
2024-10-17 00:00:00+05:30,190.0,192.02999877929688,183.5,184.27000427246094,289663,0.0,0.0,HEMIPROP.NS,Hemisphere Properties India Limited,Real Estate,Real Estate - Diversified,39352836096,,0.176,,242.0,111.03
2024-10-18 00:00:00+05:30,182.5,199.8000030517578,179.44000244140625,196.3000030517578,2793606,0.0,0.0,HEMIPROP.NS,Hemisphere Properties India Limited,Real Estate,Real Estate - Diversified,39352836096,,0.176,,242.0,111.03
2024-10-21 00:00:00+05:30,196.3000030517578,196.3000030517578,188.3000030517578,190.4199981689453,586509,0.0,0.0,HEMIPROP.NS,Hemisphere Properties India Limited,Real Estate,Real Estate - Diversified,39352836096,,0.176,,242.0,111.03
2024-10-22 00:00:00+05:30,189.8000030517578,189.92999267578125,180.36000061035156,181.02999877929688,654051,0.0,0.0,HEMIPROP.NS,Hemisphere Properties India Limited,Real Estate,Real Estate - Diversified,39352836096,,0.176,,242.0,111.03
2024-10-23 00:00:00+05:30,179.0,185.58999633789062,177.5,181.42999267578125,543137,0.0,0.0,HEMIPROP.NS,Hemisphere Properties India Limited,Real Estate,Real Estate - Diversified,39352836096,,0.176,,242.0,111.03
2024-10-24 00:00:00+05:30,182.6999969482422,183.99000549316406,179.75,180.4499969482422,311073,0.0,0.0,HEMIPROP.NS,Hemisphere Properties India Limited,Real Estate,Real Estate - Diversified,39352836096,,0.176,,242.0,111.03
2024-10-25 00:00:00+05:30,180.99000549316406,181.7899932861328,172.1999969482422,174.27999877929688,632669,0.0,0.0,HEMIPROP.NS,Hemisphere Properties India Limited,Real Estate,Real Estate - Diversified,39352836096,,0.176,,242.0,111.03
2024-10-28 00:00:00+05:30,175.50999450683594,179.4499969482422,173.6199951171875,177.08999633789062,426299,0.0,0.0,HEMIPROP.NS,Hemisphere Properties India Limited,Real Estate,Real Estate - Diversified,39352836096,,0.176,,242.0,111.03
2024-10-29 00:00:00+05:30,177.89999389648438,180.99000549316406,176.6699981689453,180.22000122070312,311635,0.0,0.0,HEMIPROP.NS,Hemisphere Properties India Limited,Real Estate,Real Estate - Diversified,39352836096,,0.176,,242.0,111.03
2024-10-30 00:00:00+05:30,180.0,183.92999267578125,178.86000061035156,180.41000366210938,391021,0.0,0.0,HEMIPROP.NS,Hemisphere Properties India Limited,Real Estate,Real Estate - Diversified,39352836096,,0.176,,242.0,111.03
2024-10-31 00:00:00+05:30,179.6999969482422,183.0,176.50999450683594,179.75,461056,0.0,0.0,HEMIPROP.NS,Hemisphere Properties India Limited,Real Estate,Real Estate - Diversified,39352836096,,0.176,,242.0,111.03
2024-11-01 00:00:00+05:30,179.52000427246094,182.99000549316406,179.52000427246094,182.7100067138672,132282,0.0,0.0,HEMIPROP.NS,Hemisphere Properties India Limited,Real Estate,Real Estate - Diversified,39352836096,,0.176,,242.0,111.03
2024-11-04 00:00:00+05:30,182.6999969482422,182.6999969482422,178.0,178.47000122070312,255814,0.0,0.0,HEMIPROP.NS,Hemisphere Properties India Limited,Real Estate,Real Estate - Diversified,39352836096,,0.176,,242.0,111.03
2024-11-05 00:00:00+05:30,178.0,182.7899932861328,177.6999969482422,180.6199951171875,245904,0.0,0.0,HEMIPROP.NS,Hemisphere Properties India Limited,Real Estate,Real Estate - Diversified,39352836096,,0.176,,242.0,111.03
2024-11-06 00:00:00+05:30,182.4499969482422,186.5,181.63999938964844,184.9199981689453,359906,0.0,0.0,HEMIPROP.NS,Hemisphere Properties India Limited,Real Estate,Real Estate - Diversified,39352836096,,0.176,,242.0,111.03
2024-11-07 00:00:00+05:30,184.3000030517578,186.38999938964844,180.9499969482422,181.3800048828125,445908,0.0,0.0,HEMIPROP.NS,Hemisphere Properties India Limited,Real Estate,Real Estate - Diversified,39352836096,,0.176,,242.0,111.03
2024-11-08 00:00:00+05:30,180.89999389648438,181.8699951171875,178.5,178.86000061035156,219378,0.0,0.0,HEMIPROP.NS,Hemisphere Properties India Limited,Real Estate,Real Estate - Diversified,39352836096,,0.176,,242.0,111.03
2024-11-11 00:00:00+05:30,178.39999389648438,180.97999572753906,176.5,179.05999755859375,215495,0.0,0.0,HEMIPROP.NS,Hemisphere Properties India Limited,Real Estate,Real Estate - Diversified,39352836096,,0.176,,242.0,111.03
2024-11-12 00:00:00+05:30,177.64999389648438,179.6199951171875,174.5,175.02999877929688,237765,0.0,0.0,HEMIPROP.NS,Hemisphere Properties India Limited,Real Estate,Real Estate - Diversified,39352836096,,0.176,,242.0,111.03
2024-11-13 00:00:00+05:30,173.0,174.63999938964844,164.2100067138672,165.2100067138672,787329,0.0,0.0,HEMIPROP.NS,Hemisphere Properties India Limited,Real Estate,Real Estate - Diversified,39352836096,,0.176,,242.0,111.03
2024-11-14 00:00:00+05:30,165.1999969482422,170.5,162.11000061035156,163.72999572753906,662262,0.0,0.0,HEMIPROP.NS,Hemisphere Properties India Limited,Real Estate,Real Estate - Diversified,39352836096,,0.176,,242.0,111.03
2024-11-18 00:00:00+05:30,164.5,166.38999938964844,158.35000610351562,161.10000610351562,469064,0.0,0.0,HEMIPROP.NS,Hemisphere Properties India Limited,Real Estate,Real Estate - Diversified,39352836096,,0.176,,242.0,111.03
2024-11-19 00:00:00+05:30,162.0500030517578,165.7899932861328,161.49000549316406,162.05999755859375,353190,0.0,0.0,HEMIPROP.NS,Hemisphere Properties India Limited,Real Estate,Real Estate - Diversified,39352836096,,0.176,,242.0,111.03
2024-11-21 00:00:00+05:30,163.0,163.0,156.3000030517578,158.16000366210938,400850,0.0,0.0,HEMIPROP.NS,Hemisphere Properties India Limited,Real Estate,Real Estate - Diversified,39352836096,,0.176,,242.0,111.03
2024-11-22 00:00:00+05:30,158.64999389648438,160.3000030517578,156.4600067138672,158.4600067138672,771894,0.0,0.0,HEMIPROP.NS,Hemisphere Properties India Limited,Real Estate,Real Estate - Diversified,39352836096,,0.176,,242.0,111.03
2024-11-25 00:00:00+05:30,162.1999969482422,167.1999969482422,162.0,164.0800018310547,701288,0.0,0.0,HEMIPROP.NS,Hemisphere Properties India Limited,Real Estate,Real Estate - Diversified,39352836096,,0.176,,242.0,111.03
2024-11-26 00:00:00+05:30,165.38999938964844,168.97999572753906,163.0,167.9600067138672,475696,0.0,0.0,HEMIPROP.NS,Hemisphere Properties India Limited,Real Estate,Real Estate - Diversified,39352836096,,0.176,,242.0,111.03
2024-11-27 00:00:00+05:30,169.6999969482422,171.66000366210938,165.75,167.47999572753906,828541,0.0,0.0,HEMIPROP.NS,Hemisphere Properties India Limited,Real Estate,Real Estate - Diversified,39352836096,,0.176,,242.0,111.03
2024-11-28 00:00:00+05:30,168.14999389648438,173.8000030517578,166.94000244140625,172.49000549316406,1669511,0.0,0.0,HEMIPROP.NS,Hemisphere Properties India Limited,Real Estate,Real Estate - Diversified,39352836096,,0.176,,242.0,111.03
2024-11-29 00:00:00+05:30,174.0800018310547,174.83999633789062,171.5,173.4499969482422,622472,0.0,0.0,HEMIPROP.NS,Hemisphere Properties India Limited,Real Estate,Real Estate - Diversified,39352836096,,0.176,,242.0,111.03
2024-12-02 00:00:00+05:30,172.5,175.9499969482422,171.41000366210938,173.63999938964844,347684,0.0,0.0,HEMIPROP.NS,Hemisphere Properties India Limited,Real Estate,Real Estate - Diversified,39352836096,,0.176,,242.0,111.03
2024-12-03 00:00:00+05:30,174.3000030517578,182.49000549316406,174.00999450683594,179.61000061035156,1198283,0.0,0.0,HEMIPROP.NS,Hemisphere Properties India Limited,Real Estate,Real Estate - Diversified,39352836096,,0.176,,242.0,111.03
2024-12-04 00:00:00+05:30,180.0,181.0,177.5,179.3800048828125,386359,0.0,0.0,HEMIPROP.NS,Hemisphere Properties India Limited,Real Estate,Real Estate - Diversified,39352836096,,0.176,,242.0,111.03
2024-12-05 00:00:00+05:30,180.5,181.6199951171875,177.61000061035156,178.8699951171875,321693,0.0,0.0,HEMIPROP.NS,Hemisphere Properties India Limited,Real Estate,Real Estate - Diversified,39352836096,,0.176,,242.0,111.03
2024-12-06 00:00:00+05:30,179.74000549316406,182.0,178.27000427246094,178.6199951171875,395031,0.0,0.0,HEMIPROP.NS,Hemisphere Properties India Limited,Real Estate,Real Estate - Diversified,39352836096,,0.176,,242.0,111.03
2024-12-09 00:00:00+05:30,178.7100067138672,180.25999450683594,177.0,177.6300048828125,315938,0.0,0.0,HEMIPROP.NS,Hemisphere Properties India Limited,Real Estate,Real Estate - Diversified,39352836096,,0.176,,242.0,111.03
2024-12-10 00:00:00+05:30,177.97999572753906,178.72999572753906,175.0,175.47999572753906,298644,0.0,0.0,HEMIPROP.NS,Hemisphere Properties India Limited,Real Estate,Real Estate - Diversified,39352836096,,0.176,,242.0,111.03
2024-12-11 00:00:00+05:30,175.1300048828125,178.42999267578125,175.1300048828125,176.24000549316406,279675,0.0,0.0,HEMIPROP.NS,Hemisphere Properties India Limited,Real Estate,Real Estate - Diversified,39352836096,,0.176,,242.0,111.03
2024-12-12 00:00:00+05:30,176.8000030517578,176.8800048828125,172.1999969482422,172.8699951171875,240225,0.0,0.0,HEMIPROP.NS,Hemisphere Properties India Limited,Real Estate,Real Estate - Diversified,39352836096,,0.176,,242.0,111.03
2024-12-13 00:00:00+05:30,172.0,172.4600067138672,168.99000549316406,170.94000244140625,438263,0.0,0.0,HEMIPROP.NS,Hemisphere Properties India Limited,Real Estate,Real Estate - Diversified,39352836096,,0.176,,242.0,111.03
2024-12-16 00:00:00+05:30,179.89999389648438,184.2899932861328,178.11000061035156,181.99000549316406,2740038,0.0,0.0,HEMIPROP.NS,Hemisphere Properties India Limited,Real Estate,Real Estate - Diversified,39352836096,,0.176,,242.0,111.03
2024-12-17 00:00:00+05:30,179.0,181.89999389648438,178.22999572753906,179.1999969482422,532185,0.0,0.0,HEMIPROP.NS,Hemisphere Properties India Limited,Real Estate,Real Estate - Diversified,39352836096,,0.176,,242.0,111.03
2024-12-18 00:00:00+05:30,179.44000244140625,179.44000244140625,172.50999450683594,173.42999267578125,403070,0.0,0.0,HEMIPROP.NS,Hemisphere Properties India Limited,Real Estate,Real Estate - Diversified,39352836096,,0.176,,242.0,111.03
2024-12-19 00:00:00+05:30,170.3000030517578,177.6999969482422,169.5500030517578,175.16000366210938,471678,0.0,0.0,HEMIPROP.NS,Hemisphere Properties India Limited,Real Estate,Real Estate - Diversified,39352836096,,0.176,,242.0,111.03
2024-12-20 00:00:00+05:30,175.60000610351562,176.16000366210938,169.0,170.22999572753906,392955,0.0,0.0,HEMIPROP.NS,Hemisphere Properties India Limited,Real Estate,Real Estate - Diversified,39352836096,,0.176,,242.0,111.03
2024-12-23 00:00:00+05:30,172.47999572753906,174.89999389648438,168.24000549316406,169.82000732421875,401302,0.0,0.0,HEMIPROP.NS,Hemisphere Properties India Limited,Real Estate,Real Estate - Diversified,39352836096,,0.176,,242.0,111.03
2024-12-24 00:00:00+05:30,170.0,172.5800018310547,169.0,169.5,224633,0.0,0.0,HEMIPROP.NS,Hemisphere Properties India Limited,Real Estate,Real Estate - Diversified,39352836096,,0.176,,242.0,111.03
2024-12-26 00:00:00+05:30,170.47999572753906,179.89999389648438,169.91000366210938,178.97999572753906,930363,0.0,0.0,HEMIPROP.NS,Hemisphere Properties India Limited,Real Estate,Real Estate - Diversified,39352836096,,0.176,,242.0,111.03
2024-12-27 00:00:00+05:30,177.0,177.67999267578125,174.5,176.02999877929688,220698,0.0,0.0,HEMIPROP.NS,Hemisphere Properties India Limited,Real Estate,Real Estate - Diversified,39352836096,,0.176,,242.0,111.03
2024-12-30 00:00:00+05:30,176.25,176.25,173.41000366210938,174.97000122070312,202091,0.0,0.0,HEMIPROP.NS,Hemisphere Properties India Limited,Real Estate,Real Estate - Diversified,39352836096,,0.176,,242.0,111.03
2024-12-31 00:00:00+05:30,174.89999389648438,175.8000030517578,173.10000610351562,173.89999389648438,248116,0.0,0.0,HEMIPROP.NS,Hemisphere Properties India Limited,Real Estate,Real Estate - Diversified,39352836096,,0.176,,242.0,111.03
2025-01-01 00:00:00+05:30,173.89999389648438,177.24000549316406,173.5500030517578,175.61000061035156,214236,0.0,0.0,HEMIPROP.NS,Hemisphere Properties India Limited,Real Estate,Real Estate - Diversified,39352836096,,0.176,,242.0,111.03
2025-01-02 00:00:00+05:30,176.14999389648438,178.10000610351562,175.1999969482422,175.86000061035156,293155,0.0,0.0,HEMIPROP.NS,Hemisphere Properties India Limited,Real Estate,Real Estate - Diversified,39352836096,,0.176,,242.0,111.03
2025-01-03 00:00:00+05:30,176.2899932861328,177.39999389648438,173.6300048828125,174.02000427246094,253236,0.0,0.0,HEMIPROP.NS,Hemisphere Properties India Limited,Real Estate,Real Estate - Diversified,39352836096,,0.176,,242.0,111.03
2025-01-06 00:00:00+05:30,175.0,175.0,162.80999755859375,164.58999633789062,557664,0.0,0.0,HEMIPROP.NS,Hemisphere Properties India Limited,Real Estate,Real Estate - Diversified,39352836096,,0.176,,242.0,111.03
2025-01-07 00:00:00+05:30,165.02000427246094,171.85000610351562,165.02000427246094,168.72000122070312,363953,0.0,0.0,HEMIPROP.NS,Hemisphere Properties India Limited,Real Estate,Real Estate - Diversified,39352836096,,0.176,,242.0,111.03
2025-01-08 00:00:00+05:30,168.8800048828125,168.8800048828125,163.63999938964844,165.58999633789062,303825,0.0,0.0,HEMIPROP.NS,Hemisphere Properties India Limited,Real Estate,Real Estate - Diversified,39352836096,,0.176,,242.0,111.03
2025-01-09 00:00:00+05:30,164.89999389648438,168.67999267578125,163.1999969482422,163.58999633789062,256365,0.0,0.0,HEMIPROP.NS,Hemisphere Properties India Limited,Real Estate,Real Estate - Diversified,39352836096,,0.176,,242.0,111.03
2025-01-10 00:00:00+05:30,164.0,164.63999938964844,156.3000030517578,157.5500030517578,461501,0.0,0.0,HEMIPROP.NS,Hemisphere Properties India Limited,Real Estate,Real Estate - Diversified,39352836096,,0.176,,242.0,111.03
2025-01-13 00:00:00+05:30,155.64999389648438,157.5500030517578,147.4199981689453,148.75999450683594,686869,0.0,0.0,HEMIPROP.NS,Hemisphere Properties India Limited,Real Estate,Real Estate - Diversified,39352836096,,0.176,,242.0,111.03
2025-01-14 00:00:00+05:30,149.75,154.24000549316406,147.61000061035156,153.57000732421875,393938,0.0,0.0,HEMIPROP.NS,Hemisphere Properties India Limited,Real Estate,Real Estate - Diversified,39352836096,,0.176,,242.0,111.03
2025-01-15 00:00:00+05:30,153.6999969482422,155.89999389648438,152.64999389648438,153.0500030517578,298580,0.0,0.0,HEMIPROP.NS,Hemisphere Properties India Limited,Real Estate,Real Estate - Diversified,39352836096,,0.176,,242.0,111.03
2025-01-16 00:00:00+05:30,155.35000610351562,159.0,155.02999877929688,156.5399932861328,278314,0.0,0.0,HEMIPROP.NS,Hemisphere Properties India Limited,Real Estate,Real Estate - Diversified,39352836096,,0.176,,242.0,111.03
2025-01-17 00:00:00+05:30,155.0,159.1699981689453,155.0,156.5500030517578,352326,0.0,0.0,HEMIPROP.NS,Hemisphere Properties India Limited,Real Estate,Real Estate - Diversified,39352836096,,0.176,,242.0,111.03
2025-01-20 00:00:00+05:30,157.1999969482422,163.35000610351562,157.1999969482422,161.66000366210938,480705,0.0,0.0,HEMIPROP.NS,Hemisphere Properties India Limited,Real Estate,Real Estate - Diversified,39352836096,,0.176,,242.0,111.03
2025-01-21 00:00:00+05:30,162.1999969482422,162.6699981689453,158.0500030517578,158.5399932861328,309918,0.0,0.0,HEMIPROP.NS,Hemisphere Properties India Limited,Real Estate,Real Estate - Diversified,39352836096,,0.176,,242.0,111.03
2025-01-22 00:00:00+05:30,158.8800048828125,158.8800048828125,150.00999450683594,153.33999633789062,383108,0.0,0.0,HEMIPROP.NS,Hemisphere Properties India Limited,Real Estate,Real Estate - Diversified,39352836096,,0.176,,242.0,111.03
2025-01-23 00:00:00+05:30,153.8800048828125,156.49000549316406,152.10000610351562,152.97000122070312,212872,0.0,0.0,HEMIPROP.NS,Hemisphere Properties India Limited,Real Estate,Real Estate - Diversified,39352836096,,0.176,,242.0,111.03
2025-01-24 00:00:00+05:30,153.5,153.9499969482422,149.0,149.99000549316406,230180,0.0,0.0,HEMIPROP.NS,Hemisphere Properties India Limited,Real Estate,Real Estate - Diversified,39352836096,,0.176,,242.0,111.03
2025-01-27 00:00:00+05:30,148.5500030517578,149.10000610351562,140.35000610351562,141.77000427246094,594011,0.0,0.0,HEMIPROP.NS,Hemisphere Properties India Limited,Real Estate,Real Estate - Diversified,39352836096,,0.176,,242.0,111.03
2025-01-28 00:00:00+05:30,143.47999572753906,144.33999633789062,134.3000030517578,138.9600067138672,881400,0.0,0.0,HEMIPROP.NS,Hemisphere Properties India Limited,Real Estate,Real Estate - Diversified,39352836096,,0.176,,242.0,111.03
2025-01-29 00:00:00+05:30,139.85000610351562,146.4499969482422,139.85000610351562,145.72000122070312,344964,0.0,0.0,HEMIPROP.NS,Hemisphere Properties India Limited,Real Estate,Real Estate - Diversified,39352836096,,0.176,,242.0,111.03
2025-01-30 00:00:00+05:30,146.14999389648438,148.6999969482422,143.5,144.25,342645,0.0,0.0,HEMIPROP.NS,Hemisphere Properties India Limited,Real Estate,Real Estate - Diversified,39352836096,,0.176,,242.0,111.03
2025-01-31 00:00:00+05:30,144.25,150.5,143.60000610351562,149.7899932861328,386385,0.0,0.0,HEMIPROP.NS,Hemisphere Properties India Limited,Real Estate,Real Estate - Diversified,39352836096,,0.176,,242.0,111.03
2025-02-01 00:00:00+05:30,150.89999389648438,152.72999572753906,146.0,148.7899932861328,405597,0.0,0.0,HEMIPROP.NS,Hemisphere Properties India Limited,Real Estate,Real Estate - Diversified,39352836096,,0.176,,242.0,111.03
2025-02-03 00:00:00+05:30,146.0500030517578,147.7899932861328,141.99000549316406,142.39999389648438,363047,0.0,0.0,HEMIPROP.NS,Hemisphere Properties India Limited,Real Estate,Real Estate - Diversified,39352836096,,0.176,,242.0,111.03
2025-02-04 00:00:00+05:30,145.10000610351562,145.97999572753906,143.52000427246094,145.08999633789062,195485,0.0,0.0,HEMIPROP.NS,Hemisphere Properties India Limited,Real Estate,Real Estate - Diversified,39352836096,,0.176,,242.0,111.03
2025-02-05 00:00:00+05:30,151.6199951171875,160.77999877929688,151.6199951171875,157.10000610351562,2106640,0.0,0.0,HEMIPROP.NS,Hemisphere Properties India Limited,Real Estate,Real Estate - Diversified,39352836096,,0.176,,242.0,111.03
2025-02-06 00:00:00+05:30,157.0,157.0,151.49000549316406,152.5,423402,0.0,0.0,HEMIPROP.NS,Hemisphere Properties India Limited,Real Estate,Real Estate - Diversified,39352836096,,0.176,,242.0,111.03
2025-02-07 00:00:00+05:30,151.00999450683594,153.38999938964844,149.3800048828125,151.55999755859375,290799,0.0,0.0,HEMIPROP.NS,Hemisphere Properties India Limited,Real Estate,Real Estate - Diversified,39352836096,,0.176,,242.0,111.03
2025-02-10 00:00:00+05:30,151.60000610351562,152.0,145.0,146.3300018310547,339599,0.0,0.0,HEMIPROP.NS,Hemisphere Properties India Limited,Real Estate,Real Estate - Diversified,39352836096,,0.176,,242.0,111.03
2025-02-11 00:00:00+05:30,146.5,146.5,140.0500030517578,141.75999450683594,430209,0.0,0.0,HEMIPROP.NS,Hemisphere Properties India Limited,Real Estate,Real Estate - Diversified,39352836096,,0.176,,242.0,111.03
2025-02-12 00:00:00+05:30,141.64999389648438,141.64999389648438,132.86000061035156,138.92999267578125,599156,0.0,0.0,HEMIPROP.NS,Hemisphere Properties India Limited,Real Estate,Real Estate - Diversified,39352836096,,0.176,,242.0,111.03
2025-02-13 00:00:00+05:30,140.14999389648438,141.67999267578125,137.0,137.74000549316406,305538,0.0,0.0,HEMIPROP.NS,Hemisphere Properties India Limited,Real Estate,Real Estate - Diversified,39352836096,,0.176,,242.0,111.03
2025-02-14 00:00:00+05:30,138.47999572753906,138.47999572753906,130.10000610351562,131.2899932861328,532428,0.0,0.0,HEMIPROP.NS,Hemisphere Properties India Limited,Real Estate,Real Estate - Diversified,39352836096,,0.176,,242.0,111.03
2025-02-17 00:00:00+05:30,130.0500030517578,134.47999572753906,126.6500015258789,134.02000427246094,780213,0.0,0.0,HEMIPROP.NS,Hemisphere Properties India Limited,Real Estate,Real Estate - Diversified,39352836096,,0.176,,242.0,111.03
2025-02-18 00:00:00+05:30,134.89999389648438,134.89999389648438,126.91000366210938,128.57000732421875,498512,0.0,0.0,HEMIPROP.NS,Hemisphere Properties India Limited,Real Estate,Real Estate - Diversified,39352836096,,0.176,,242.0,111.03
2025-02-19 00:00:00+05:30,128.85000610351562,134.25,127.5,133.64999389648438,585936,0.0,0.0,HEMIPROP.NS,Hemisphere Properties India Limited,Real Estate,Real Estate - Diversified,39352836096,,0.176,,242.0,111.03
2025-02-20 00:00:00+05:30,133.0,135.97999572753906,130.61000061035156,133.16000366210938,721526,0.0,0.0,HEMIPROP.NS,Hemisphere Properties India Limited,Real Estate,Real Estate - Diversified,39352836096,,0.176,,242.0,111.03
2025-02-21 00:00:00+05:30,133.0,138.0,131.8000030517578,132.4600067138672,660341,0.0,0.0,HEMIPROP.NS,Hemisphere Properties India Limited,Real Estate,Real Estate - Diversified,39352836096,,0.176,,242.0,111.03
2025-02-24 00:00:00+05:30,131.5,132.49000549316406,128.30999755859375,130.02999877929688,710480,0.0,0.0,HEMIPROP.NS,Hemisphere Properties India Limited,Real Estate,Real Estate - Diversified,39352836096,,0.176,,242.0,111.03
2025-02-25 00:00:00+05:30,129.99000549316406,131.39999389648438,128.50999450683594,129.05999755859375,253692,0.0,0.0,HEMIPROP.NS,Hemisphere Properties India Limited,Real Estate,Real Estate - Diversified,39352836096,,0.176,,242.0,111.03
2025-02-27 00:00:00+05:30,129.05999755859375,129.49000549316406,125.75,127.06999969482422,384871,0.0,0.0,HEMIPROP.NS,Hemisphere Properties India Limited,Real Estate,Real Estate - Diversified,39352836096,,0.176,,242.0,111.03
2025-02-28 00:00:00+05:30,125.5,126.5199966430664,120.70999908447266,123.94000244140625,627035,0.0,0.0,HEMIPROP.NS,Hemisphere Properties India Limited,Real Estate,Real Estate - Diversified,39352836096,,0.176,,242.0,111.03
2025-03-03 00:00:00+05:30,123.94000244140625,124.9000015258789,116.0199966430664,121.30000305175781,754246,0.0,0.0,HEMIPROP.NS,Hemisphere Properties India Limited,Real Estate,Real Estate - Diversified,39352836096,,0.176,,242.0,111.03
2025-03-04 00:00:00+05:30,120.0,123.4800033569336,118.45999908447266,121.45999908447266,425433,0.0,0.0,HEMIPROP.NS,Hemisphere Properties India Limited,Real Estate,Real Estate - Diversified,39352836096,,0.176,,242.0,111.03
2025-03-05 00:00:00+05:30,123.0,127.0199966430664,122.01000213623047,125.0199966430664,656304,0.0,0.0,HEMIPROP.NS,Hemisphere Properties India Limited,Real Estate,Real Estate - Diversified,39352836096,,0.176,,242.0,111.03
2025-03-06 00:00:00+05:30,127.0999984741211,128.89999389648438,125.5199966430664,125.83999633789062,408415,0.0,0.0,HEMIPROP.NS,Hemisphere Properties India Limited,Real Estate,Real Estate - Diversified,39352836096,,0.176,,242.0,111.03
2025-03-07 00:00:00+05:30,125.83999633789062,130.22000122070312,125.4000015258789,127.80999755859375,523433,0.0,0.0,HEMIPROP.NS,Hemisphere Properties India Limited,Real Estate,Real Estate - Diversified,39352836096,,0.176,,242.0,111.03
2025-03-10 00:00:00+05:30,127.0,128.6699981689453,122.5999984741211,123.37000274658203,584594,0.0,0.0,HEMIPROP.NS,Hemisphere Properties India Limited,Real Estate,Real Estate - Diversified,39352836096,,0.176,,242.0,111.03
2025-03-11 00:00:00+05:30,123.37000274658203,123.79000091552734,120.1500015258789,121.93000030517578,677529,0.0,0.0,HEMIPROP.NS,Hemisphere Properties India Limited,Real Estate,Real Estate - Diversified,39352836096,,0.176,,242.0,111.03
2025-03-12 00:00:00+05:30,123.19999694824219,124.0,119.9000015258789,121.29000091552734,626110,0.0,0.0,HEMIPROP.NS,Hemisphere Properties India Limited,Real Estate,Real Estate - Diversified,39352836096,,0.176,,242.0,111.03
2025-03-13 00:00:00+05:30,123.98999786376953,124.62999725341797,118.20999908447266,119.22000122070312,715666,0.0,0.0,HEMIPROP.NS,Hemisphere Properties India Limited,Real Estate,Real Estate - Diversified,39352836096,,0.176,,242.0,111.03
2025-03-17 00:00:00+05:30,119.38999938964844,120.0999984741211,115.5,115.9800033569336,900967,0.0,0.0,HEMIPROP.NS,Hemisphere Properties India Limited,Real Estate,Real Estate - Diversified,39352836096,,0.176,,242.0,111.03
2025-03-18 00:00:00+05:30,115.9800033569336,115.9800033569336,115.9800033569336,115.9800033569336,0,0.0,0.0,HEMIPROP.NS,Hemisphere Properties India Limited,Real Estate,Real Estate - Diversified,39352836096,,0.176,,242.0,111.03
2025-03-19 00:00:00+05:30,118.91999816894531,123.94999694824219,118.2300033569336,123.26000213623047,824092,0.0,0.0,HEMIPROP.NS,Hemisphere Properties India Limited,Real Estate,Real Estate - Diversified,39352836096,,0.176,,242.0,111.03
2025-03-20 00:00:00+05:30,123.80000305175781,126.37999725341797,122.19000244140625,124.97000122070312,1015431,0.0,0.0,HEMIPROP.NS,Hemisphere Properties India Limited,Real Estate,Real Estate - Diversified,39352836096,,0.176,,242.0,111.03
2025-03-21 00:00:00+05:30,124.9000015258789,132.9499969482422,124.55999755859375,132.25,1565581,0.0,0.0,HEMIPROP.NS,Hemisphere Properties India Limited,Real Estate,Real Estate - Diversified,39352836096,,0.176,,242.0,111.03
2025-03-24 00:00:00+05:30,134.0,135.7100067138672,130.11000061035156,130.58999633789062,1000565,0.0,0.0,HEMIPROP.NS,Hemisphere Properties India Limited,Real Estate,Real Estate - Diversified,39352836096,,0.176,,242.0,111.03
2025-03-25 00:00:00+05:30,131.85000610351562,132.0,126.01000213623047,126.7699966430664,893835,0.0,0.0,HEMIPROP.NS,Hemisphere Properties India Limited,Real Estate,Real Estate - Diversified,39352836096,,0.176,,242.0,111.03
2025-03-26 00:00:00+05:30,127.4000015258789,128.6999969482422,123.51000213623047,124.63999938964844,1035134,0.0,0.0,HEMIPROP.NS,Hemisphere Properties India Limited,Real Estate,Real Estate - Diversified,39352836096,,0.176,,242.0,111.03
2025-03-27 00:00:00+05:30,123.98999786376953,126.80000305175781,122.0999984741211,125.30999755859375,2696760,0.0,0.0,HEMIPROP.NS,Hemisphere Properties India Limited,Real Estate,Real Estate - Diversified,39352836096,,0.176,,242.0,111.03
2025-03-28 00:00:00+05:30,126.38999938964844,128.27000427246094,123.1500015258789,123.72000122070312,1565622,0.0,0.0,HEMIPROP.NS,Hemisphere Properties India Limited,Real Estate,Real Estate - Diversified,39352836096,,0.176,,242.0,111.03
2025-04-01 00:00:00+05:30,123.4000015258789,126.41000366210938,122.66000366210938,125.43000030517578,484165,0.0,0.0,HEMIPROP.NS,Hemisphere Properties India Limited,Real Estate,Real Estate - Diversified,39352836096,,0.176,,242.0,111.03
2025-04-02 00:00:00+05:30,125.94999694824219,127.68000030517578,122.9800033569336,126.19000244140625,569116,0.0,0.0,HEMIPROP.NS,Hemisphere Properties India Limited,Real Estate,Real Estate - Diversified,39352836096,,0.176,,242.0,111.03
2025-04-03 00:00:00+05:30,126.30000305175781,131.14999389648438,126.30000305175781,130.67999267578125,638799,0.0,0.0,HEMIPROP.NS,Hemisphere Properties India Limited,Real Estate,Real Estate - Diversified,39352836096,,0.176,,242.0,111.03
2025-04-04 00:00:00+05:30,129.3000030517578,129.7899932861328,120.30999755859375,121.0,1078489,0.0,0.0,HEMIPROP.NS,Hemisphere Properties India Limited,Real Estate,Real Estate - Diversified,39352836096,,0.176,,242.0,111.03
2025-04-07 00:00:00+05:30,114.55000305175781,116.48999786376953,111.02999877929688,114.55999755859375,1139265,0.0,0.0,HEMIPROP.NS,Hemisphere Properties India Limited,Real Estate,Real Estate - Diversified,39352836096,,0.176,,242.0,111.03
2025-04-08 00:00:00+05:30,117.69000244140625,118.9000015258789,116.0,117.97000122070312,411174,0.0,0.0,HEMIPROP.NS,Hemisphere Properties India Limited,Real Estate,Real Estate - Diversified,39352836096,,0.176,,242.0,111.03
2025-04-09 00:00:00+05:30,116.98999786376953,117.80000305175781,115.11000061035156,116.77999877929688,305497,0.0,0.0,HEMIPROP.NS,Hemisphere Properties India Limited,Real Estate,Real Estate - Diversified,39352836096,,0.176,,242.0,111.03
2025-04-11 00:00:00+05:30,119.79000091552734,124.23999786376953,118.2699966430664,123.47000122070312,659909,0.0,0.0,HEMIPROP.NS,Hemisphere Properties India Limited,Real Estate,Real Estate - Diversified,39352836096,,0.176,,242.0,111.03
2025-04-15 00:00:00+05:30,125.0,127.8499984741211,124.80999755859375,127.41000366210938,356199,0.0,0.0,HEMIPROP.NS,Hemisphere Properties India Limited,Real Estate,Real Estate - Diversified,39352836096,,0.176,,242.0,111.03
2025-04-16 00:00:00+05:30,127.41000366210938,133.72999572753906,126.91000366210938,130.5800018310547,1294095,0.0,0.0,HEMIPROP.NS,Hemisphere Properties India Limited,Real Estate,Real Estate - Diversified,39352836096,,0.176,,242.0,111.03
2025-04-17 00:00:00+05:30,130.00999450683594,132.6699981689453,129.22999572753906,131.0399932861328,670312,0.0,0.0,HEMIPROP.NS,Hemisphere Properties India Limited,Real Estate,Real Estate - Diversified,39352836096,,0.176,,242.0,111.03
2025-04-21 00:00:00+05:30,131.0,132.6300048828125,129.86000061035156,132.2899932861328,478746,0.0,0.0,HEMIPROP.NS,Hemisphere Properties India Limited,Real Estate,Real Estate - Diversified,39352836096,,0.176,,242.0,111.03
2025-04-22 00:00:00+05:30,132.2100067138672,136.82000732421875,132.0,133.82000732421875,711932,0.0,0.0,HEMIPROP.NS,Hemisphere Properties India Limited,Real Estate,Real Estate - Diversified,39352836096,,0.176,,242.0,111.03
2025-04-23 00:00:00+05:30,135.5,142.66000366210938,134.9499969482422,139.3800048828125,2465626,0.0,0.0,HEMIPROP.NS,Hemisphere Properties India Limited,Real Estate,Real Estate - Diversified,39352836096,,0.176,,242.0,111.03
2025-04-24 00:00:00+05:30,139.0,139.4600067138672,137.14999389648438,138.1699981689453,504872,0.0,0.0,HEMIPROP.NS,Hemisphere Properties India Limited,Real Estate,Real Estate - Diversified,39352836096,,0.176,,242.0,111.03
2025-04-25 00:00:00+05:30,138.85000610351562,138.85000610351562,131.97999572753906,134.05999755859375,727739,0.0,0.0,HEMIPROP.NS,Hemisphere Properties India Limited,Real Estate,Real Estate - Diversified,39352836096,,0.176,,242.0,111.03
2025-04-28 00:00:00+05:30,132.89999389648438,134.3300018310547,131.02000427246094,132.94000244140625,407964,0.0,0.0,HEMIPROP.NS,Hemisphere Properties India Limited,Real Estate,Real Estate - Diversified,39352836096,,0.176,,242.0,111.03
2025-04-29 00:00:00+05:30,133.1999969482422,135.55999755859375,131.3000030517578,132.99000549316406,267180,0.0,0.0,HEMIPROP.NS,Hemisphere Properties India Limited,Real Estate,Real Estate - Diversified,39352836096,,0.176,,242.0,111.03
2025-04-30 00:00:00+05:30,131.47999572753906,132.8699951171875,128.1199951171875,129.52000427246094,354118,0.0,0.0,HEMIPROP.NS,Hemisphere Properties India Limited,Real Estate,Real Estate - Diversified,39352836096,,0.176,,242.0,111.03
2025-05-02 00:00:00+05:30,129.2899932861328,130.77999877929688,126.95999908447266,127.94000244140625,253934,0.0,0.0,HEMIPROP.NS,Hemisphere Properties India Limited,Real Estate,Real Estate - Diversified,39352836096,,0.176,,242.0,111.03
2025-05-05 00:00:00+05:30,129.4199981689453,133.5500030517578,129.39999389648438,133.11000061035156,335832,0.0,0.0,HEMIPROP.NS,Hemisphere Properties India Limited,Real Estate,Real Estate - Diversified,39352836096,,0.176,,242.0,111.03
2025-05-06 00:00:00+05:30,132.80999755859375,134.69000244140625,128.60000610351562,129.5399932861328,695605,0.0,0.0,HEMIPROP.NS,Hemisphere Properties India Limited,Real Estate,Real Estate - Diversified,39352836096,,0.176,,242.0,111.03
2025-05-07 00:00:00+05:30,128.0,133.3800048828125,126.5999984741211,132.75,531724,0.0,0.0,HEMIPROP.NS,Hemisphere Properties India Limited,Real Estate,Real Estate - Diversified,39352836096,,0.176,,242.0,111.03
2025-05-08 00:00:00+05:30,133.0,134.0399932861328,127.25,128.61000061035156,331997,0.0,0.0,HEMIPROP.NS,Hemisphere Properties India Limited,Real Estate,Real Estate - Diversified,39352836096,,0.176,,242.0,111.03
2025-05-09 00:00:00+05:30,126.0,131.8000030517578,124.69999694824219,129.97000122070312,372635,0.0,0.0,HEMIPROP.NS,Hemisphere Properties India Limited,Real Estate,Real Estate - Diversified,39352836096,,0.176,,242.0,111.03
2025-05-12 00:00:00+05:30,134.4499969482422,136.75,132.6199951171875,135.77000427246094,568792,0.0,0.0,HEMIPROP.NS,Hemisphere Properties India Limited,Real Estate,Real Estate - Diversified,39352836096,,0.176,,242.0,111.03
2025-05-13 00:00:00+05:30,135.5,138.14999389648438,135.0500030517578,136.33999633789062,419506,0.0,0.0,HEMIPROP.NS,Hemisphere Properties India Limited,Real Estate,Real Estate - Diversified,39352836096,,0.176,,242.0,111.03
2025-05-14 00:00:00+05:30,135.5,138.75,135.5,137.8000030517578,519283,0.0,0.0,HEMIPROP.NS,Hemisphere Properties India Limited,Real Estate,Real Estate - Diversified,39352836096,,0.176,,242.0,111.03
2025-05-15 00:00:00+05:30,138.0,139.0,135.94000244140625,136.8800048828125,373759,0.0,0.0,HEMIPROP.NS,Hemisphere Properties India Limited,Real Estate,Real Estate - Diversified,39352836096,,0.176,,242.0,111.03
2025-05-16 00:00:00+05:30,137.00999450683594,143.0,136.5500030517578,141.0399932861328,993900,0.0,0.0,HEMIPROP.NS,Hemisphere Properties India Limited,Real Estate,Real Estate - Diversified,39352836096,,0.176,,242.0,111.03
2025-05-19 00:00:00+05:30,142.89999389648438,142.89999389648438,138.3000030517578,138.83999633789062,769100,0.0,0.0,HEMIPROP.NS,Hemisphere Properties India Limited,Real Estate,Real Estate - Diversified,39352836096,,0.176,,242.0,111.03
2025-05-20 00:00:00+05:30,139.64999389648438,139.9499969482422,134.3000030517578,135.16000366210938,566939,0.0,0.0,HEMIPROP.NS,Hemisphere Properties India Limited,Real Estate,Real Estate - Diversified,39352836096,,0.176,,242.0,111.03
2025-05-21 00:00:00+05:30,135.0,136.8000030517578,133.16000366210938,134.77000427246094,575971,0.0,0.0,HEMIPROP.NS,Hemisphere Properties India Limited,Real Estate,Real Estate - Diversified,39352836096,,0.176,,242.0,111.03
2025-05-22 00:00:00+05:30,134.5,135.7899932861328,133.0500030517578,134.0,423534,0.0,0.0,HEMIPROP.NS,Hemisphere Properties India Limited,Real Estate,Real Estate - Diversified,39352836096,,0.176,,242.0,111.03
2025-05-23 00:00:00+05:30,134.0,137.75999450683594,133.49000549316406,137.08999633789062,424603,0.0,0.0,HEMIPROP.NS,Hemisphere Properties India Limited,Real Estate,Real Estate - Diversified,39352836096,,0.176,,242.0,111.03
2025-05-26 00:00:00+05:30,137.8800048828125,138.7899932861328,137.0500030517578,137.3300018310547,243300,0.0,0.0,HEMIPROP.NS,Hemisphere Properties India Limited,Real Estate,Real Estate - Diversified,39352836096,,0.176,,242.0,111.03
2025-05-27 00:00:00+05:30,137.4600067138672,138.4199981689453,135.1999969482422,137.72999572753906,536895,0.0,0.0,HEMIPROP.NS,Hemisphere Properties India Limited,Real Estate,Real Estate - Diversified,39352836096,,0.176,,242.0,111.03
2025-05-28 00:00:00+05:30,137.5,146.88999938964844,137.1999969482422,142.60000610351562,1570742,0.0,0.0,HEMIPROP.NS,Hemisphere Properties India Limited,Real Estate,Real Estate - Diversified,39352836096,,0.176,,242.0,111.03
2025-05-29 00:00:00+05:30,143.10000610351562,143.10000610351562,137.6999969482422,139.1199951171875,1082680,0.0,0.0,HEMIPROP.NS,Hemisphere Properties India Limited,Real Estate,Real Estate - Diversified,39352836096,,0.176,,242.0,111.03
2025-05-30 00:00:00+05:30,138.5500030517578,138.74000549316406,132.05999755859375,133.35000610351562,2889540,0.0,0.0,HEMIPROP.NS,Hemisphere Properties India Limited,Real Estate,Real Estate - Diversified,39352836096,,0.176,,242.0,111.03
2025-06-02 00:00:00+05:30,132.5,140.47999572753906,132.00999450683594,138.27000427246094,1706083,0.0,0.0,HEMIPROP.NS,Hemisphere Properties India Limited,Real Estate,Real Estate - Diversified,39352836096,,0.176,,242.0,111.03
2025-06-03 00:00:00+05:30,138.1999969482422,140.58999633789062,136.6999969482422,137.10000610351562,716527,0.0,0.0,HEMIPROP.NS,Hemisphere Properties India Limited,Real Estate,Real Estate - Diversified,39352836096,,0.176,,242.0,111.03
2025-06-04 00:00:00+05:30,137.5,137.97999572753906,135.1199951171875,137.08999633789062,550166,0.0,0.0,HEMIPROP.NS,Hemisphere Properties India Limited,Real Estate,Real Estate - Diversified,39352836096,,0.176,,242.0,111.03
2025-06-05 00:00:00+05:30,137.14999389648438,140.89999389648438,137.14999389648438,139.1300048828125,776369,0.0,0.0,HEMIPROP.NS,Hemisphere Properties India Limited,Real Estate,Real Estate - Diversified,39352836096,,0.176,,242.0,111.03
2025-06-06 00:00:00+05:30,139.22000122070312,143.64999389648438,139.00999450683594,142.1999969482422,1209201,0.0,0.0,HEMIPROP.NS,Hemisphere Properties India Limited,Real Estate,Real Estate - Diversified,39352836096,,0.176,,242.0,111.03
2025-06-09 00:00:00+05:30,143.0,146.50999450683594,142.9600067138672,144.3300018310547,1066397,0.0,0.0,HEMIPROP.NS,Hemisphere Properties India Limited,Real Estate,Real Estate - Diversified,39352836096,,0.176,,242.0,111.03
2025-06-10 00:00:00+05:30,144.3300018310547,145.60000610351562,142.55999755859375,143.74000549316406,590218,0.0,0.0,HEMIPROP.NS,Hemisphere Properties India Limited,Real Estate,Real Estate - Diversified,39352836096,,0.176,,242.0,111.03
2025-06-11 00:00:00+05:30,144.3000030517578,148.8000030517578,143.00999450683594,145.77000427246094,1036938,0.0,0.0,HEMIPROP.NS,Hemisphere Properties India Limited,Real Estate,Real Estate - Diversified,39352836096,,0.176,,242.0,111.03
2025-06-12 00:00:00+05:30,146.0,146.27999877929688,140.6999969482422,141.8000030517578,461894,0.0,0.0,HEMIPROP.NS,Hemisphere Properties India Limited,Real Estate,Real Estate - Diversified,39352836096,,0.176,,242.0,111.03
2025-06-13 00:00:00+05:30,139.60000610351562,143.60000610351562,138.3000030517578,142.0500030517578,594598,0.0,0.0,HEMIPROP.NS,Hemisphere Properties India Limited,Real Estate,Real Estate - Diversified,39352836096,,0.176,,242.0,111.03
2025-06-16 00:00:00+05:30,142.0,143.63999938964844,138.57000732421875,140.94000244140625,557133,0.0,0.0,HEMIPROP.NS,Hemisphere Properties India Limited,Real Estate,Real Estate - Diversified,39352836096,,0.176,,242.0,111.03
2025-06-17 00:00:00+05:30,140.10000610351562,142.25,137.67999267578125,138.14999389648438,434607,0.0,0.0,HEMIPROP.NS,Hemisphere Properties India Limited,Real Estate,Real Estate - Diversified,39352836096,,0.176,,242.0,111.03
2025-06-18 00:00:00+05:30,137.8000030517578,139.47000122070312,136.11000061035156,136.75,350434,0.0,0.0,HEMIPROP.NS,Hemisphere Properties India Limited,Real Estate,Real Estate - Diversified,39352836096,,0.176,,242.0,111.03
