Date,Open,High,Low,Close,Volume,Dividends,Stock Splits,Symbol,Company Name,Sector,Industry,Market Cap,P/E Ratio,Beta,Dividend Yield,52 Week High,52 Week Low
2006-11-30 00:00:00+05:30,220.91765588216697,278.4568657826477,220.91765588216697,254.63336181640625,47828016,0.0,0.0,PARSVNATH.NS,Parsvnath Developers Limited,Real Estate,Real Estate - Development,8037194752,,0.017,,26.19,11.15
2006-12-01 00:00:00+05:30,265.08184800805645,265.08184800805645,244.83791195501198,247.01467895507812,9475816,0.0,0.0,PARSVNATH.NS,Parsvnath Developers Limited,Real Estate,Real Estate - Development,8037194752,,0.017,,26.19,11.15
2006-12-04 00:00:00+05:30,248.05469280736,250.08634796064155,232.21266592977585,239.6378631591797,12087484,0.0,0.0,PARSVNATH.NS,Parsvnath Developers Limited,Real Estate,Real Estate - Development,8037194752,,0.017,,26.19,11.15
2006-12-05 00:00:00+05:30,246.16815054377298,253.95614184615073,239.92808829655382,252.52914428710938,10636316,0.0,0.0,PARSVNATH.NS,Parsvnath Developers Limited,Real Estate,Real Estate - Development,8037194752,,0.017,,26.19,11.15
2006-12-06 00:00:00+05:30,253.95613936682545,263.82416116336697,250.64262821527936,251.99705505371094,9342990,0.0,0.0,PARSVNATH.NS,Parsvnath Developers Limited,Real Estate,Real Estate - Development,8037194752,,0.017,,26.19,11.15
2006-12-07 00:00:00+05:30,251.7310218476423,253.47242363542077,248.6351636423784,250.78775024414062,3432184,0.0,0.0,PARSVNATH.NS,Parsvnath Developers Limited,Real Estate,Real Estate - Development,8037194752,,0.017,,26.19,11.15
2006-12-08 00:00:00+05:30,250.7877473094688,252.02124268840208,241.37927082823924,242.999755859375,3896820,0.0,0.0,PARSVNATH.NS,Parsvnath Developers Limited,Real Estate,Real Estate - Development,8037194752,,0.017,,26.19,11.15
2006-12-11 00:00:00+05:30,247.18398025678988,247.18398025678988,225.58561781104746,228.99588012695312,3343148,0.0,0.0,PARSVNATH.NS,Parsvnath Developers Limited,Real Estate,Real Estate - Development,8037194752,,0.017,,26.19,11.15
2006-12-12 00:00:00+05:30,226.86748564168474,231.46288247237985,188.16940706741016,202.99560546875,6320292,0.0,0.0,PARSVNATH.NS,Parsvnath Developers Limited,Real Estate,Real Estate - Development,8037194752,,0.017,,26.19,11.15
2006-12-13 00:00:00+05:30,206.55099953048295,218.40228638878938,196.44112920378544,215.08876037597656,6335196,0.0,0.0,PARSVNATH.NS,Parsvnath Developers Limited,Real Estate,Real Estate - Development,8037194752,,0.017,,26.19,11.15
2006-12-14 00:00:00+05:30,219.9502121807741,228.70564073524076,216.70924216320716,226.8433074951172,5254386,0.0,0.0,PARSVNATH.NS,Parsvnath Developers Limited,Real Estate,Real Estate - Development,8037194752,,0.017,,26.19,11.15
2006-12-15 00:00:00+05:30,229.7698498507327,230.66474590258053,221.81255125104366,222.94931030273438,3559486,0.0,0.0,PARSVNATH.NS,Parsvnath Developers Limited,Real Estate,Real Estate - Development,8037194752,,0.017,,26.19,11.15
2006-12-18 00:00:00+05:30,223.23954633095525,223.86838421857848,212.5975744581903,215.08876037597656,3369214,0.0,0.0,PARSVNATH.NS,Parsvnath Developers Limited,Real Estate,Real Estate - Development,8037194752,,0.017,,26.19,11.15
2006-12-19 00:00:00+05:30,214.77433049665177,222.2237074758634,209.52590077420322,211.63011169433594,3840636,0.0,0.0,PARSVNATH.NS,Parsvnath Developers Limited,Real Estate,Real Estate - Development,8037194752,,0.017,,26.19,11.15
2006-12-20 00:00:00+05:30,213.32317500207168,217.62833363131682,202.4393395427823,205.22076416015625,3272228,0.0,0.0,PARSVNATH.NS,Parsvnath Developers Limited,Real Estate,Real Estate - Development,8037194752,,0.017,,26.19,11.15
2006-12-21 00:00:00+05:30,205.3658667977822,208.3649738939169,200.81884536343756,205.0272674560547,2896584,0.0,0.0,PARSVNATH.NS,Parsvnath Developers Limited,Real Estate,Real Estate - Development,8037194752,,0.017,,26.19,11.15
2006-12-22 00:00:00+05:30,205.12401101186347,212.7910713116104,204.76121650016077,211.7268829345703,2442164,0.0,0.0,PARSVNATH.NS,Parsvnath Developers Limited,Real Estate,Real Estate - Development,8037194752,,0.017,,26.19,11.15
2006-12-26 00:00:00+05:30,211.8719931929041,212.79106966300114,208.53428666352738,209.6468505859375,1488416,0.0,0.0,PARSVNATH.NS,Parsvnath Developers Limited,Real Estate,Real Estate - Development,8037194752,,0.017,,26.19,11.15
2006-12-27 00:00:00+05:30,211.87198238552122,212.3073328215555,207.03472251370567,208.55845642089844,1001992,0.0,0.0,PARSVNATH.NS,Parsvnath Developers Limited,Real Estate,Real Estate - Development,8037194752,,0.017,,26.19,11.15
2006-12-28 00:00:00+05:30,204.13236169673397,214.7743331595969,204.13236169673397,210.97708129882812,2889944,0.0,0.0,PARSVNATH.NS,Parsvnath Developers Limited,Real Estate,Real Estate - Development,8037194752,,0.017,,26.19,11.15
2006-12-29 00:00:00+05:30,217.12041145927972,224.30374529357746,213.61339806577485,222.102783203125,3832888,0.0,0.0,PARSVNATH.NS,Parsvnath Developers Limited,Real Estate,Real Estate - Development,8037194752,,0.017,,26.19,11.15
2007-01-02 00:00:00+05:30,223.4814080797834,227.35121601190085,221.30464111796732,223.892578125,1781388,0.0,0.0,PARSVNATH.NS,Parsvnath Developers Limited,Real Estate,Real Estate - Development,8037194752,,0.017,,26.19,11.15
2007-01-03 00:00:00+05:30,223.48141701362263,229.7698551546986,215.64504973296175,226.60145568847656,2557364,0.0,0.0,PARSVNATH.NS,Parsvnath Developers Limited,Real Estate,Real Estate - Development,8037194752,,0.017,,26.19,11.15
2007-01-04 00:00:00+05:30,228.72985142101723,229.18938228255166,219.22463808412067,220.77255249023438,1622548,0.0,0.0,PARSVNATH.NS,Parsvnath Developers Limited,Real Estate,Real Estate - Development,8037194752,,0.017,,26.19,11.15
2007-01-05 00:00:00+05:30,220.5790539851054,223.48140995859362,214.919453931945,216.12876892089844,1687424,0.0,0.0,PARSVNATH.NS,Parsvnath Developers Limited,Real Estate,Real Estate - Development,8037194752,,0.017,,26.19,11.15
2007-01-08 00:00:00+05:30,215.69341540688546,215.69341540688546,210.2273176394848,213.22640991210938,1411922,0.0,0.0,PARSVNATH.NS,Parsvnath Developers Limited,Real Estate,Real Estate - Development,8037194752,,0.017,,26.19,11.15
2007-01-09 00:00:00+05:30,210.13057293172372,217.14459998126384,208.09893257466186,209.33242797851562,1098902,0.0,0.0,PARSVNATH.NS,Parsvnath Developers Limited,Real Estate,Real Estate - Development,8037194752,,0.017,,26.19,11.15
2007-01-10 00:00:00+05:30,208.96963406018907,209.93708606972697,200.74629197911682,202.0039825439453,1105072,0.0,0.0,PARSVNATH.NS,Parsvnath Developers Limited,Real Estate,Real Estate - Development,8037194752,,0.017,,26.19,11.15
2007-01-11 00:00:00+05:30,202.19746781177088,205.5835498086187,200.02070081379728,204.9547119140625,1351476,0.0,0.0,PARSVNATH.NS,Parsvnath Developers Limited,Real Estate,Real Estate - Development,8037194752,,0.017,,26.19,11.15
2007-01-12 00:00:00+05:30,206.5510038990163,208.96963392125303,202.29422096473812,203.2616729736328,872130,0.0,0.0,PARSVNATH.NS,Parsvnath Developers Limited,Real Estate,Real Estate - Development,8037194752,,0.017,,26.19,11.15
2007-01-15 00:00:00+05:30,205.09983054931857,208.84870716902898,203.67283289889278,204.54354858398438,1014910,0.0,0.0,PARSVNATH.NS,Parsvnath Developers Limited,Real Estate,Real Estate - Development,8037194752,,0.017,,26.19,11.15
2007-01-16 00:00:00+05:30,205.55936583705403,206.55099821401947,202.31839579160106,203.38259887695312,594742,0.0,0.0,PARSVNATH.NS,Parsvnath Developers Limited,Real Estate,Real Estate - Development,8037194752,,0.017,,26.19,11.15
2007-01-17 00:00:00+05:30,203.64864693023534,207.76031794901684,203.16492092802577,204.6644744873047,907314,0.0,0.0,PARSVNATH.NS,Parsvnath Developers Limited,Real Estate,Real Estate - Development,8037194752,,0.017,,26.19,11.15
2007-01-18 00:00:00+05:30,205.09981477924123,210.75941462965864,204.93050773442366,205.873779296875,1699132,0.0,0.0,PARSVNATH.NS,Parsvnath Developers Limited,Real Estate,Real Estate - Development,8037194752,,0.017,,26.19,11.15
2007-01-19 00:00:00+05:30,207.47008309813882,207.7119461035603,203.21330010757882,204.97889709472656,694156,0.0,0.0,PARSVNATH.NS,Parsvnath Developers Limited,Real Estate,Real Estate - Development,8037194752,,0.017,,26.19,11.15
2007-01-22 00:00:00+05:30,205.63191245503745,207.03471481325903,200.74627721379088,201.93141174316406,709436,0.0,0.0,PARSVNATH.NS,Parsvnath Developers Limited,Real Estate,Real Estate - Development,8037194752,,0.017,,26.19,11.15
2007-01-23 00:00:00+05:30,201.2300129145657,203.963061820231,195.93320739092252,197.16671752929688,802312,0.0,0.0,PARSVNATH.NS,Parsvnath Developers Limited,Real Estate,Real Estate - Development,8037194752,,0.017,,26.19,11.15
2007-01-24 00:00:00+05:30,198.81138095684196,204.3500494212035,197.57788559298987,202.48770141601562,1411564,0.0,0.0,PARSVNATH.NS,Parsvnath Developers Limited,Real Estate,Real Estate - Development,8037194752,,0.017,,26.19,11.15
2007-01-25 00:00:00+05:30,203.1649233144842,205.29331479677813,200.77047367056215,202.82630920410156,1124868,0.0,0.0,PARSVNATH.NS,Parsvnath Developers Limited,Real Estate,Real Estate - Development,8037194752,,0.017,,26.19,11.15
2007-01-29 00:00:00+05:30,203.1649252502333,204.1323772752344,196.7797359803674,197.65045166015625,659752,0.0,0.0,PARSVNATH.NS,Parsvnath Developers Limited,Real Estate,Real Estate - Development,8037194752,,0.017,,26.19,11.15
2007-01-31 00:00:00+05:30,198.81138389375704,200.50442487582066,189.8140774366469,192.13597106933594,1379644,0.0,0.0,PARSVNATH.NS,Parsvnath Developers Limited,Real Estate,Real Estate - Development,8037194752,,0.017,,26.19,11.15
2007-02-01 00:00:00+05:30,193.2001637629619,194.94158033626096,186.718238237709,189.86245727539062,1022272,0.0,0.0,PARSVNATH.NS,Parsvnath Developers Limited,Real Estate,Real Estate - Development,8037194752,,0.017,,26.19,11.15
2007-02-02 00:00:00+05:30,190.9266426502722,196.73135418040894,190.61220896600727,195.40110778808594,1333830,0.0,0.0,PARSVNATH.NS,Parsvnath Developers Limited,Real Estate,Real Estate - Development,8037194752,,0.017,,26.19,11.15
2007-02-05 00:00:00+05:30,197.79554374100658,197.79554374100658,190.58802982933142,191.41036987304688,889424,0.0,0.0,PARSVNATH.NS,Parsvnath Developers Limited,Real Estate,Real Estate - Development,8037194752,,0.017,,26.19,11.15
2007-02-06 00:00:00+05:30,191.603876122036,192.23271403217493,186.23451444155162,186.91172790527344,897496,0.0,0.0,PARSVNATH.NS,Parsvnath Developers Limited,Real Estate,Real Estate - Development,8037194752,,0.017,,26.19,11.15
2007-02-07 00:00:00+05:30,187.68568318826854,188.5563840610878,176.99533590990967,178.20465087890625,1861206,0.0,0.0,PARSVNATH.NS,Parsvnath Developers Limited,Real Estate,Real Estate - Development,8037194752,,0.017,,26.19,11.15
2007-02-08 00:00:00+05:30,178.9544254723735,182.21957571451628,173.1738943240183,174.38320922851562,1389176,0.0,0.0,PARSVNATH.NS,Parsvnath Developers Limited,Real Estate,Real Estate - Development,8037194752,,0.017,,26.19,11.15
2007-02-09 00:00:00+05:30,170.36829233918155,176.46322774432204,162.79796910783813,163.8863525390625,1991180,0.0,0.0,PARSVNATH.NS,Parsvnath Developers Limited,Real Estate,Real Estate - Development,8037194752,,0.017,,26.19,11.15
2007-02-12 00:00:00+05:30,164.46682231593562,164.7328656824713,145.11778439641378,145.8675537109375,3071656,0.0,0.0,PARSVNATH.NS,Parsvnath Developers Limited,Real Estate,Real Estate - Development,8037194752,,0.017,,26.19,11.15
2007-02-13 00:00:00+05:30,146.08524953236463,151.8899614343129,139.79681163858734,143.9326629638672,3948958,0.0,0.0,PARSVNATH.NS,Parsvnath Developers Limited,Real Estate,Real Estate - Development,8037194752,,0.017,,26.19,11.15
2007-02-14 00:00:00+05:30,137.86191899682504,144.4889715341628,134.4758367758504,142.36056518554688,1800922,0.0,0.0,PARSVNATH.NS,Parsvnath Developers Limited,Real Estate,Real Estate - Development,8037194752,,0.017,,26.19,11.15
2007-02-15 00:00:00+05:30,145.5531591322706,157.8881728682621,144.63408262986138,155.68722534179688,2203452,0.0,0.0,PARSVNATH.NS,Parsvnath Developers Limited,Real Estate,Real Estate - Development,8037194752,,0.017,,26.19,11.15
2007-02-19 00:00:00+05:30,156.72721698011117,162.96727914818655,153.8974170544301,159.6053924560547,2383736,0.0,0.0,PARSVNATH.NS,Parsvnath Developers Limited,Real Estate,Real Estate - Development,8037194752,,0.017,,26.19,11.15
2007-02-20 00:00:00+05:30,158.42025416671848,160.2342265426733,150.70481908946613,151.88995361328125,1524542,0.0,0.0,PARSVNATH.NS,Parsvnath Developers Limited,Real Estate,Real Estate - Development,8037194752,,0.017,,26.19,11.15
2007-02-21 00:00:00+05:30,151.88995947004798,151.88995947004798,147.14945071628688,149.3262176513672,1370488,0.0,0.0,PARSVNATH.NS,Parsvnath Developers Limited,Real Estate,Real Estate - Development,8037194752,,0.017,,26.19,11.15
2007-02-22 00:00:00+05:30,148.98761717486508,149.4713432046536,142.60242767679782,143.7633819580078,1928462,0.0,0.0,PARSVNATH.NS,Parsvnath Developers Limited,Real Estate,Real Estate - Development,8037194752,,0.017,,26.19,11.15
2007-02-23 00:00:00+05:30,143.1828869254627,145.1177908028338,136.4107233546638,138.2730712890625,1773454,0.0,0.0,PARSVNATH.NS,Parsvnath Developers Limited,Real Estate,Real Estate - Development,8037194752,,0.017,,26.19,11.15
2007-02-26 00:00:00+05:30,138.3456285395895,141.92519779412885,137.3781765917602,140.35308837890625,1069180,0.0,0.0,PARSVNATH.NS,Parsvnath Developers Limited,Real Estate,Real Estate - Development,8037194752,,0.017,,26.19,11.15
2007-02-27 00:00:00+05:30,141.73171791218184,147.77829290843533,139.28890751855383,143.4247589111328,1967680,0.0,0.0,PARSVNATH.NS,Parsvnath Developers Limited,Real Estate,Real Estate - Development,8037194752,,0.017,,26.19,11.15
2007-02-28 00:00:00+05:30,126.78458138658658,142.6024119600394,126.78458138658658,135.3223419189453,1792412,0.0,0.0,PARSVNATH.NS,Parsvnath Developers Limited,Real Estate,Real Estate - Development,8037194752,,0.017,,26.19,11.15
2007-03-01 00:00:00+05:30,134.59675976590157,138.82936227426325,128.98553520238715,133.6534881591797,1540992,0.0,0.0,PARSVNATH.NS,Parsvnath Developers Limited,Real Estate,Real Estate - Development,8037194752,,0.017,,26.19,11.15
2007-03-02 00:00:00+05:30,134.95955778869686,136.53166733283044,129.15484562574215,130.48509216308594,1128376,0.0,0.0,PARSVNATH.NS,Parsvnath Developers Limited,Real Estate,Real Estate - Development,8037194752,,0.017,,26.19,11.15
2007-03-05 00:00:00+05:30,128.18739186493255,128.18739186493255,119.98823752186186,121.29429626464844,1123216,0.0,0.0,PARSVNATH.NS,Parsvnath Developers Limited,Real Estate,Real Estate - Development,8037194752,,0.017,,26.19,11.15
2007-03-06 00:00:00+05:30,137.08794831214016,137.08794831214016,115.41702896416625,116.89238739013672,1869836,0.0,0.0,PARSVNATH.NS,Parsvnath Developers Limited,Real Estate,Real Estate - Development,8037194752,,0.017,,26.19,11.15
2007-03-07 00:00:00+05:30,122.86639647088656,122.86639647088656,106.95181499854327,109.44300079345703,2097240,0.0,0.0,PARSVNATH.NS,Parsvnath Developers Limited,Real Estate,Real Estate - Development,8037194752,,0.017,,26.19,11.15
2007-03-08 00:00:00+05:30,110.28953114932345,118.27101037723502,109.87836108515327,117.30355834960938,2138568,0.0,0.0,PARSVNATH.NS,Parsvnath Developers Limited,Real Estate,Real Estate - Development,8037194752,,0.017,,26.19,11.15
2007-03-09 00:00:00+05:30,117.5454151092738,120.39939548665832,111.2569772639217,114.57050323486328,1667552,0.0,0.0,PARSVNATH.NS,Parsvnath Developers Limited,Real Estate,Real Estate - Development,8037194752,,0.017,,26.19,11.15
2007-03-12 00:00:00+05:30,114.15933878871797,119.77056347821983,113.84491983346645,118.00495910644531,1423616,0.0,0.0,PARSVNATH.NS,Parsvnath Developers Limited,Real Estate,Real Estate - Development,8037194752,,0.017,,26.19,11.15
2007-03-13 00:00:00+05:30,118.44031710986333,140.28054362122063,117.13425097128996,137.74098205566406,6053328,0.0,0.0,PARSVNATH.NS,Parsvnath Developers Limited,Real Estate,Real Estate - Development,8037194752,,0.017,,26.19,11.15
2007-03-14 00:00:00+05:30,128.30832735126708,144.92431916143826,126.80877373045347,134.7176971435547,10480480,0.0,0.0,PARSVNATH.NS,Parsvnath Developers Limited,Real Estate,Real Estate - Development,8037194752,,0.017,,26.19,11.15
2007-03-15 00:00:00+05:30,135.54002733738724,142.65079048244885,131.6218438938679,133.48419189453125,3958702,0.0,0.0,PARSVNATH.NS,Parsvnath Developers Limited,Real Estate,Real Estate - Development,8037194752,,0.017,,26.19,11.15
2007-03-16 00:00:00+05:30,133.48419011768155,136.26561450334466,128.25994067514884,131.40415954589844,3000528,0.0,0.0,PARSVNATH.NS,Parsvnath Developers Limited,Real Estate,Real Estate - Development,8037194752,,0.017,,26.19,11.15
2007-03-19 00:00:00+05:30,132.54091357706287,136.65258425372357,131.25904273029764,133.82278442382812,2146466,0.0,0.0,PARSVNATH.NS,Parsvnath Developers Limited,Real Estate,Real Estate - Development,8037194752,,0.017,,26.19,11.15
2007-03-20 00:00:00+05:30,134.01627305949344,136.89444846385655,132.58929031618547,133.60511779785156,1308348,0.0,0.0,PARSVNATH.NS,Parsvnath Developers Limited,Real Estate,Real Estate - Development,8037194752,,0.017,,26.19,11.15
2007-03-21 00:00:00+05:30,134.86279340344706,135.15303193544915,132.63766576976917,133.5325469970703,936534,0.0,0.0,PARSVNATH.NS,Parsvnath Developers Limited,Real Estate,Real Estate - Development,8037194752,,0.017,,26.19,11.15
2007-03-22 00:00:00+05:30,135.4432789011249,138.8051804787076,134.71768990701173,136.4591064453125,1532224,0.0,0.0,PARSVNATH.NS,Parsvnath Developers Limited,Real Estate,Real Estate - Development,8037194752,,0.017,,26.19,11.15
2007-03-23 00:00:00+05:30,135.443276550598,137.86190648900154,132.9278955098001,133.3390655517578,887212,0.0,0.0,PARSVNATH.NS,Parsvnath Developers Limited,Real Estate,Real Estate - Development,8037194752,,0.017,,26.19,11.15
2007-03-26 00:00:00+05:30,134.88699006650128,134.88699006650128,127.75203198892349,128.356689453125,904064,0.0,0.0,PARSVNATH.NS,Parsvnath Developers Limited,Real Estate,Real Estate - Development,8037194752,,0.017,,26.19,11.15
2007-03-28 00:00:00+05:30,127.70365904448367,127.70365904448367,121.65708427911986,122.81802368164062,1201436,0.0,0.0,PARSVNATH.NS,Parsvnath Developers Limited,Real Estate,Real Estate - Development,8037194752,,0.017,,26.19,11.15
2007-03-29 00:00:00+05:30,122.33429396527801,127.94551812864177,121.46359313050819,126.76038360595703,1767508,0.0,0.0,PARSVNATH.NS,Parsvnath Developers Limited,Real Estate,Real Estate - Development,8037194752,,0.017,,26.19,11.15
2007-03-30 00:00:00+05:30,128.18738237771288,131.06555781142902,124.60781314299068,125.28502655029297,1508540,0.0,0.0,PARSVNATH.NS,Parsvnath Developers Limited,Real Estate,Real Estate - Development,8037194752,,0.017,,26.19,11.15
2007-04-02 00:00:00+05:30,118.51286612468479,121.8989480139615,115.61051021959047,116.6021499633789,1062860,0.0,0.0,PARSVNATH.NS,Parsvnath Developers Limited,Real Estate,Real Estate - Development,8037194752,,0.017,,26.19,11.15
2007-04-03 00:00:00+05:30,116.57796728879639,118.9965973155349,113.69979903319216,115.99749755859375,1233404,0.0,0.0,PARSVNATH.NS,Parsvnath Developers Limited,Real Estate,Real Estate - Development,8037194752,,0.017,,26.19,11.15
2007-04-04 00:00:00+05:30,117.54541222538357,119.62543539941353,116.09423429667513,117.0374984741211,733012,0.0,0.0,PARSVNATH.NS,Parsvnath Developers Limited,Real Estate,Real Estate - Development,8037194752,,0.017,,26.19,11.15
2007-04-05 00:00:00+05:30,116.09424082363026,123.10826787339126,114.54631908886313,120.88312530517578,1996760,0.0,0.0,PARSVNATH.NS,Parsvnath Developers Limited,Real Estate,Real Estate - Development,8037194752,,0.017,,26.19,11.15
2007-04-09 00:00:00+05:30,122.38268128376245,130.60602350441053,121.41522925780386,129.37252807617188,2336408,0.0,0.0,PARSVNATH.NS,Parsvnath Developers Limited,Real Estate,Real Estate - Development,8037194752,,0.017,,26.19,11.15
2007-04-10 00:00:00+05:30,130.6060184711355,133.96792003663975,129.20321603998582,130.53346252441406,2359246,0.0,0.0,PARSVNATH.NS,Parsvnath Developers Limited,Real Estate,Real Estate - Development,8037194752,,0.017,,26.19,11.15
2007-04-11 00:00:00+05:30,127.72784984011618,132.73441710597285,127.21994342332279,127.60691833496094,1007200,0.0,0.0,PARSVNATH.NS,Parsvnath Developers Limited,Real Estate,Real Estate - Development,8037194752,,0.017,,26.19,11.15
2007-04-12 00:00:00+05:30,126.15572966642371,138.53911770560438,125.28502880736964,137.5474853515625,4709388,0.0,0.0,PARSVNATH.NS,Parsvnath Developers Limited,Real Estate,Real Estate - Development,8037194752,,0.017,,26.19,11.15
2007-04-13 00:00:00+05:30,138.10376515760757,142.60241079728803,135.49164785836908,140.42564392089844,2768026,0.0,0.0,PARSVNATH.NS,Parsvnath Developers Limited,Real Estate,Real Estate - Development,8037194752,,0.017,,26.19,11.15
2007-04-16 00:00:00+05:30,142.69916153686182,145.11779139341883,141.05449618683213,141.82846069335938,1748540,0.0,0.0,PARSVNATH.NS,Parsvnath Developers Limited,Real Estate,Real Estate - Development,8037194752,,0.017,,26.19,11.15
2007-04-17 00:00:00+05:30,142.69917385122392,143.52151397827595,137.88609411646814,138.85354614257812,1650544,0.0,0.0,PARSVNATH.NS,Parsvnath Developers Limited,Real Estate,Real Estate - Development,8037194752,,0.017,,26.19,11.15
2007-04-18 00:00:00+05:30,139.33726334228768,146.0368711517658,139.31308294802295,142.21543884277344,2419876,0.0,0.0,PARSVNATH.NS,Parsvnath Developers Limited,Real Estate,Real Estate - Development,8037194752,,0.017,,26.19,11.15
2007-04-19 00:00:00+05:30,139.84519552140688,148.9634339630276,136.89446384303236,146.7866668701172,2952854,0.0,0.0,PARSVNATH.NS,Parsvnath Developers Limited,Real Estate,Real Estate - Development,8037194752,,0.017,,26.19,11.15
2007-04-20 00:00:00+05:30,149.03597887123033,151.59972068584517,145.64989697758668,146.88339233398438,3446188,0.0,0.0,PARSVNATH.NS,Parsvnath Developers Limited,Real Estate,Real Estate - Development,8037194752,,0.017,,26.19,11.15
2007-04-23 00:00:00+05:30,148.02014930755246,148.2136367463751,142.74753909837264,143.6907958984375,1369088,0.0,0.0,PARSVNATH.NS,Parsvnath Developers Limited,Real Estate,Real Estate - Development,8037194752,,0.017,,26.19,11.15
2007-04-24 00:00:00+05:30,143.18289462343185,156.72722249321595,142.77172457495567,155.8565216064453,5668424,0.0,0.0,PARSVNATH.NS,Parsvnath Developers Limited,Real Estate,Real Estate - Development,8037194752,,0.017,,26.19,11.15
2007-04-25 00:00:00+05:30,154.7923215606509,167.75617258649694,154.30859555577385,163.4993896484375,4702522,0.0,0.0,PARSVNATH.NS,Parsvnath Developers Limited,Real Estate,Real Estate - Development,8037194752,,0.017,,26.19,11.15
2007-04-26 00:00:00+05:30,164.9505571637835,166.4017350860455,155.83231959980805,157.4528045654297,3242776,0.0,0.0,PARSVNATH.NS,Parsvnath Developers Limited,Real Estate,Real Estate - Development,8037194752,,0.017,,26.19,11.15
2007-04-27 00:00:00+05:30,157.18675989336225,162.02401959450103,154.5504474513836,160.18585205078125,3997618,0.0,0.0,PARSVNATH.NS,Parsvnath Developers Limited,Real Estate,Real Estate - Development,8037194752,,0.017,,26.19,11.15
2007-04-30 00:00:00+05:30,160.1133162236614,161.782176935081,156.38861988097122,157.8397979736328,1774168,0.0,0.0,PARSVNATH.NS,Parsvnath Developers Limited,Real Estate,Real Estate - Development,8037194752,,0.017,,26.19,11.15
2007-05-03 00:00:00+05:30,158.97655498921867,161.00821019684602,156.2435059033997,157.16258239746094,1178860,0.0,0.0,PARSVNATH.NS,Parsvnath Developers Limited,Real Estate,Real Estate - Development,8037194752,,0.017,,26.19,11.15
2007-05-04 00:00:00+05:30,158.13002184157017,163.83799733259625,155.32441702815004,156.5821075439453,2815164,0.0,0.0,PARSVNATH.NS,Parsvnath Developers Limited,Real Estate,Real Estate - Development,8037194752,,0.017,,26.19,11.15
2007-05-07 00:00:00+05:30,157.69468675708634,159.67796644480427,148.8183110991584,150.65647888183594,2769740,0.0,0.0,PARSVNATH.NS,Parsvnath Developers Limited,Real Estate,Real Estate - Development,8037194752,,0.017,,26.19,11.15
2007-05-08 00:00:00+05:30,151.5271718086579,155.97745698132056,148.06853380839152,148.91505432128906,2207054,0.0,0.0,PARSVNATH.NS,Parsvnath Developers Limited,Real Estate,Real Estate - Development,8037194752,,0.017,,26.19,11.15
2007-05-09 00:00:00+05:30,149.93086823566196,155.00999085051416,148.18945181528363,153.43788146972656,2088444,0.0,0.0,PARSVNATH.NS,Parsvnath Developers Limited,Real Estate,Real Estate - Development,8037194752,,0.017,,26.19,11.15
2007-05-10 00:00:00+05:30,155.73559098309903,155.75977137814408,149.51970895548615,150.75320434570312,1973148,0.0,0.0,PARSVNATH.NS,Parsvnath Developers Limited,Real Estate,Real Estate - Development,8037194752,,0.017,,26.19,11.15
2007-05-11 00:00:00+05:30,149.47133340325007,151.88996339359392,146.1578073640498,150.75320434570312,1310330,0.0,0.0,PARSVNATH.NS,Parsvnath Developers Limited,Real Estate,Real Estate - Development,8037194752,,0.017,,26.19,11.15
2007-05-14 00:00:00+05:30,152.39786648690009,154.18765854585928,149.73737355512839,150.36622619628906,707684,0.0,0.0,PARSVNATH.NS,Parsvnath Developers Limited,Real Estate,Real Estate - Development,8037194752,,0.017,,26.19,11.15
2007-05-15 00:00:00+05:30,150.43879042234553,152.61555748633444,148.74574937257637,149.59226989746094,812506,0.0,0.0,PARSVNATH.NS,Parsvnath Developers Limited,Real Estate,Real Estate - Development,8037194752,,0.017,,26.19,11.15
2007-05-16 00:00:00+05:30,149.8583103208407,160.50028242208467,149.8583103208407,158.75888061523438,3135836,0.0,0.0,PARSVNATH.NS,Parsvnath Developers Limited,Real Estate,Real Estate - Development,8037194752,,0.017,,26.19,11.15
2007-05-17 00:00:00+05:30,162.04821357950132,166.8612932906764,160.5970355474461,165.43429565429688,4208004,0.0,0.0,PARSVNATH.NS,Parsvnath Developers Limited,Real Estate,Real Estate - Development,8037194752,,0.017,,26.19,11.15
2007-05-18 00:00:00+05:30,162.14496484927471,170.46504338412282,160.59703570866995,166.54685974121094,2892294,0.0,0.0,PARSVNATH.NS,Parsvnath Developers Limited,Real Estate,Real Estate - Development,8037194752,,0.017,,26.19,11.15
2007-05-21 00:00:00+05:30,168.33664581530812,169.03805441106354,163.98311187180877,164.44265747070312,2495196,0.0,0.0,PARSVNATH.NS,Parsvnath Developers Limited,Real Estate,Real Estate - Development,8037194752,,0.017,,26.19,11.15
2007-05-22 00:00:00+05:30,164.95055160073537,166.88545543182906,158.44443156382502,159.94398498535156,1481676,0.0,0.0,PARSVNATH.NS,Parsvnath Developers Limited,Real Estate,Real Estate - Development,8037194752,,0.017,,26.19,11.15
2007-05-23 00:00:00+05:30,159.62956973805146,163.6928649244092,153.34113214231004,154.18765258789062,2113194,0.0,0.0,PARSVNATH.NS,Parsvnath Developers Limited,Real Estate,Real Estate - Development,8037194752,,0.017,,26.19,11.15
2007-05-24 00:00:00+05:30,154.3085926488133,154.74394309257198,150.2452972368223,150.97088623046875,1050792,0.0,0.0,PARSVNATH.NS,Parsvnath Developers Limited,Real Estate,Real Estate - Development,8037194752,,0.017,,26.19,11.15
2007-05-25 00:00:00+05:30,149.95505383921218,152.7364782249395,147.05269795845325,150.87413024902344,961772,0.0,0.0,PARSVNATH.NS,Parsvnath Developers Limited,Real Estate,Real Estate - Development,8037194752,,0.017,,26.19,11.15
2007-05-28 00:00:00+05:30,152.37368956059893,155.71139599854476,152.37368956059893,153.19602966308594,836820,0.0,0.0,PARSVNATH.NS,Parsvnath Developers Limited,Real Estate,Real Estate - Development,8037194752,,0.017,,26.19,11.15
2007-05-29 00:00:00+05:30,154.06674173300112,158.05748151101452,153.82487871615183,155.32443237304688,1139220,0.0,0.0,PARSVNATH.NS,Parsvnath Developers Limited,Real Estate,Real Estate - Development,8037194752,,0.017,,26.19,11.15
2007-05-30 00:00:00+05:30,154.6472066372026,156.92070995833868,151.33368061621994,152.22857666015625,892504,0.0,0.0,PARSVNATH.NS,Parsvnath Developers Limited,Real Estate,Real Estate - Development,8037194752,,0.017,,26.19,11.15
2007-05-31 00:00:00+05:30,152.9299659243604,155.75976586533673,151.98670911879856,153.31695556640625,1331404,0.0,0.0,PARSVNATH.NS,Parsvnath Developers Limited,Real Estate,Real Estate - Development,8037194752,,0.017,,26.19,11.15
2007-06-01 00:00:00+05:30,154.840695652346,158.9765470501564,153.67975620402603,157.86398315429688,2298532,0.0,0.0,PARSVNATH.NS,Parsvnath Developers Limited,Real Estate,Real Estate - Development,8037194752,,0.017,,26.19,11.15
2007-06-04 00:00:00+05:30,158.9039821355258,160.11329706806407,153.87323496859574,156.26766967773438,1389532,0.0,0.0,PARSVNATH.NS,Parsvnath Developers Limited,Real Estate,Real Estate - Development,8037194752,,0.017,,26.19,11.15
2007-06-05 00:00:00+05:30,156.24350091179775,159.14585696588688,154.33277727133057,158.32351684570312,1091790,0.0,0.0,PARSVNATH.NS,Parsvnath Developers Limited,Real Estate,Real Estate - Development,8037194752,,0.017,,26.19,11.15
2007-06-06 00:00:00+05:30,158.63794892515992,161.5644853446583,152.92997322036635,153.94580078125,1637806,0.0,0.0,PARSVNATH.NS,Parsvnath Developers Limited,Real Estate,Real Estate - Development,8037194752,,0.017,,26.19,11.15
2007-06-07 00:00:00+05:30,151.93833092854342,157.11418997747862,151.40622940631582,152.6397247314453,1282490,0.0,0.0,PARSVNATH.NS,Parsvnath Developers Limited,Real Estate,Real Estate - Development,8037194752,,0.017,,26.19,11.15
2007-06-08 00:00:00+05:30,151.88997093064802,156.19512957466063,150.43879286443163,154.93743896484375,1297364,0.0,0.0,PARSVNATH.NS,Parsvnath Developers Limited,Real Estate,Real Estate - Development,8037194752,,0.017,,26.19,11.15
2007-06-11 00:00:00+05:30,151.40622503859927,159.58119078633752,151.40622503859927,153.80067443847656,1423752,0.0,0.0,PARSVNATH.NS,Parsvnath Developers Limited,Real Estate,Real Estate - Development,8037194752,,0.017,,26.19,11.15
2007-06-12 00:00:00+05:30,153.3411293085211,155.17928205152558,146.1819910059149,151.21273803710938,1701820,0.0,0.0,PARSVNATH.NS,Parsvnath Developers Limited,Real Estate,Real Estate - Development,8037194752,,0.017,,26.19,11.15
2007-06-13 00:00:00+05:30,150.34203177662363,156.67884519760943,148.79411746601934,153.7764892578125,1777832,0.0,0.0,PARSVNATH.NS,Parsvnath Developers Limited,Real Estate,Real Estate - Development,8037194752,,0.017,,26.19,11.15
2007-06-14 00:00:00+05:30,156.00162644248763,160.83888617713842,154.21183443580878,159.89561462402344,2192108,0.0,0.0,PARSVNATH.NS,Parsvnath Developers Limited,Real Estate,Real Estate - Development,8037194752,,0.017,,26.19,11.15
2007-06-15 00:00:00+05:30,161.56448160807292,162.483558042037,157.69467366536458,159.62957763671875,1385284,0.0,0.0,PARSVNATH.NS,Parsvnath Developers Limited,Real Estate,Real Estate - Development,8037194752,,0.017,,26.19,11.15
2007-06-18 00:00:00+05:30,160.35517238146394,161.95146231026706,155.05836666491,155.88070678710938,669588,0.0,0.0,PARSVNATH.NS,Parsvnath Developers Limited,Real Estate,Real Estate - Development,8037194752,,0.017,,26.19,11.15
2007-06-19 00:00:00+05:30,156.2435040266876,161.0323886589772,155.5179149986999,160.04075622558594,1022690,0.0,0.0,PARSVNATH.NS,Parsvnath Developers Limited,Real Estate,Real Estate - Development,8037194752,,0.017,,26.19,11.15
2007-06-20 00:00:00+05:30,161.51611601441687,165.24081229377305,159.14586145580233,163.305908203125,1654036,0.0,0.0,PARSVNATH.NS,Parsvnath Developers Limited,Real Estate,Real Estate - Development,8037194752,,0.017,,26.19,11.15
2007-06-21 00:00:00+05:30,162.8705608371794,165.82127782189949,161.25007567796868,162.580322265625,1258828,0.0,0.0,PARSVNATH.NS,Parsvnath Developers Limited,Real Estate,Real Estate - Development,8037194752,,0.017,,26.19,11.15
2007-06-22 00:00:00+05:30,162.96729228562842,167.34502159974156,161.8063527964687,164.85382080078125,1830612,0.0,0.0,PARSVNATH.NS,Parsvnath Developers Limited,Real Estate,Real Estate - Development,8037194752,,0.017,,26.19,11.15
2007-06-25 00:00:00+05:30,164.46683849297162,166.59522992103973,160.64540608041705,161.85472106933594,804666,0.0,0.0,PARSVNATH.NS,Parsvnath Developers Limited,Real Estate,Real Estate - Development,8037194752,,0.017,,26.19,11.15
2007-06-26 00:00:00+05:30,161.32262258130334,165.4101132262278,158.27515465629008,161.12913513183594,1071424,0.0,0.0,PARSVNATH.NS,Parsvnath Developers Limited,Real Estate,Real Estate - Development,8037194752,,0.017,,26.19,11.15
2007-06-27 00:00:00+05:30,159.70212541674871,161.41936146080107,157.6946656015506,159.14584350585938,954108,0.0,0.0,PARSVNATH.NS,Parsvnath Developers Limited,Real Estate,Real Estate - Development,8037194752,,0.017,,26.19,11.15
2007-06-28 00:00:00+05:30,160.50028701894092,161.0807641459471,156.24350396138414,157.59793090820312,720800,0.0,0.0,PARSVNATH.NS,Parsvnath Developers Limited,Real Estate,Real Estate - Development,8037194752,,0.017,,26.19,11.15
2007-06-29 00:00:00+05:30,157.69466432383362,164.9263733932355,157.69466432383362,163.13658142089844,1284268,0.0,0.0,PARSVNATH.NS,Parsvnath Developers Limited,Real Estate,Real Estate - Development,8037194752,,0.017,,26.19,11.15
2007-07-02 00:00:00+05:30,164.41847246846277,169.25573270444076,163.93474644486497,167.97386169433594,1537168,0.0,0.0,PARSVNATH.NS,Parsvnath Developers Limited,Real Estate,Real Estate - Development,8037194752,,0.017,,26.19,11.15
2007-07-03 00:00:00+05:30,169.30410041251153,185.41217034690064,169.30410041251153,183.0419158935547,6807924,0.0,0.0,PARSVNATH.NS,Parsvnath Developers Limited,Real Estate,Real Estate - Development,8037194752,,0.017,,26.19,11.15
2007-07-04 00:00:00+05:30,187.68568845729848,191.96666652015836,182.36470244433386,183.0419158935547,4048188,0.0,0.0,PARSVNATH.NS,Parsvnath Developers Limited,Real Estate,Real Estate - Development,8037194752,,0.017,,26.19,11.15
2007-07-05 00:00:00+05:30,185.21868035330505,188.09685592561996,169.52178068807734,175.18136596679688,2911224,0.0,0.0,PARSVNATH.NS,Parsvnath Developers Limited,Real Estate,Real Estate - Development,8037194752,,0.017,,26.19,11.15
2007-07-06 00:00:00+05:30,173.82693808358667,180.8651453585206,171.72272706709592,177.84185791015625,2447416,0.0,0.0,PARSVNATH.NS,Parsvnath Developers Limited,Real Estate,Real Estate - Development,8037194752,,0.017,,26.19,11.15
2007-07-09 00:00:00+05:30,178.978616742196,181.15538370257406,175.15718436418368,180.35723876953125,1400592,0.0,0.0,PARSVNATH.NS,Parsvnath Developers Limited,Real Estate,Real Estate - Development,8037194752,,0.017,,26.19,11.15
2007-07-10 00:00:00+05:30,179.026994606392,184.58984357699612,166.06312901760973,182.1470184326172,1886786,0.0,0.0,PARSVNATH.NS,Parsvnath Developers Limited,Real Estate,Real Estate - Development,8037194752,,0.017,,26.19,11.15
2007-07-11 00:00:00+05:30,176.5599855483266,186.2345053043993,175.59253357271936,185.46054077148438,1689072,0.0,0.0,PARSVNATH.NS,Parsvnath Developers Limited,Real Estate,Real Estate - Development,8037194752,,0.017,,26.19,11.15
2007-07-12 00:00:00+05:30,186.71823522887254,193.22435580686133,186.2345092308703,190.58804321289062,2719260,0.0,0.0,PARSVNATH.NS,Parsvnath Developers Limited,Real Estate,Real Estate - Development,8037194752,,0.017,,26.19,11.15
2007-07-13 00:00:00+05:30,192.0392228937748,194.40947735237705,181.9535327944055,182.9693603515625,1886016,0.0,0.0,PARSVNATH.NS,Parsvnath Developers Limited,Real Estate,Real Estate - Development,8037194752,,0.017,,26.19,11.15
2007-07-16 00:00:00+05:30,186.23451128008284,187.20196328673262,180.88934484820123,182.8968048095703,853512,0.0,0.0,PARSVNATH.NS,Parsvnath Developers Limited,Real Estate,Real Estate - Development,8037194752,,0.017,,26.19,11.15
2007-07-17 00:00:00+05:30,184.97681724226754,185.50891878835301,175.61671630142996,176.43905639648438,973144,0.0,0.0,PARSVNATH.NS,Parsvnath Developers Limited,Real Estate,Real Estate - Development,8037194752,,0.017,,26.19,11.15
2007-07-18 00:00:00+05:30,176.55998738606772,180.13955678064377,173.97205037195235,177.76930236816406,906988,0.0,0.0,PARSVNATH.NS,Parsvnath Developers Limited,Real Estate,Real Estate - Development,8037194752,,0.017,,26.19,11.15
2007-07-19 00:00:00+05:30,178.93023825588148,182.29213974440486,177.52743585685315,179.82513427734375,1066408,0.0,0.0,PARSVNATH.NS,Parsvnath Developers Limited,Real Estate,Real Estate - Development,8037194752,,0.017,,26.19,11.15
2007-07-20 00:00:00+05:30,180.42980397914084,182.3405276473174,177.04372186693175,178.18048095703125,1322366,0.0,0.0,PARSVNATH.NS,Parsvnath Developers Limited,Real Estate,Real Estate - Development,8037194752,,0.017,,26.19,11.15
2007-07-23 00:00:00+05:30,177.96278505077697,187.00846677966328,175.13298511596477,186.18612670898438,1676964,0.0,0.0,PARSVNATH.NS,Parsvnath Developers Limited,Real Estate,Real Estate - Development,8037194752,,0.017,,26.19,11.15
2007-07-24 00:00:00+05:30,187.10521056693997,189.62059166738612,184.2996056767197,186.88754272460938,1508474,0.0,0.0,PARSVNATH.NS,Parsvnath Developers Limited,Real Estate,Real Estate - Development,8037194752,,0.017,,26.19,11.15
2007-07-25 00:00:00+05:30,184.66240014970302,186.66986009346576,178.76093705603947,180.88934326171875,1101824,0.0,0.0,PARSVNATH.NS,Parsvnath Developers Limited,Real Estate,Real Estate - Development,8037194752,,0.017,,26.19,11.15
2007-07-26 00:00:00+05:30,181.88097132549385,188.38709176313904,181.39724533792605,186.71823120117188,1860342,0.0,0.0,PARSVNATH.NS,Parsvnath Developers Limited,Real Estate,Real Estate - Development,8037194752,,0.017,,26.19,11.15
2007-07-27 00:00:00+05:30,178.97861316240548,182.60655802380558,171.0938855684874,173.8994903564453,1872712,0.0,0.0,PARSVNATH.NS,Parsvnath Developers Limited,Real Estate,Real Estate - Development,8037194752,,0.017,,26.19,11.15
2007-07-30 00:00:00+05:30,174.75194393541307,178.13738823800136,168.5655973955324,173.2906036376953,2277100,108.16563,0.0,PARSVNATH.NS,Parsvnath Developers Limited,Real Estate,Real Estate - Development,8037194752,,0.017,,26.19,11.15
2007-07-31 00:00:00+05:30,175.0198464421648,176.5786153375603,170.53841188256607,174.337890625,909380,0.0,0.0,PARSVNATH.NS,Parsvnath Developers Limited,Real Estate,Real Estate - Development,8037194752,,0.017,,26.19,11.15
2007-08-01 00:00:00+05:30,172.12152325070423,172.12152325070423,157.65424929191693,158.8233184814453,1243856,0.0,0.0,PARSVNATH.NS,Parsvnath Developers Limited,Real Estate,Real Estate - Development,8037194752,,0.017,,26.19,11.15
2007-08-02 00:00:00+05:30,159.28608907607787,163.91366658746242,156.41212285790135,159.40786743164062,960578,0.0,0.0,PARSVNATH.NS,Parsvnath Developers Limited,Real Estate,Real Estate - Development,8037194752,,0.017,,26.19,11.15
2007-08-03 00:00:00+05:30,160.6013030391978,165.13145197004326,158.23879994203818,158.77462768554688,1407260,0.0,0.0,PARSVNATH.NS,Parsvnath Developers Limited,Real Estate,Real Estate - Development,8037194752,,0.017,,26.19,11.15
2007-08-06 00:00:00+05:30,156.36340692450577,164.3764285838239,150.6641739969366,161.86778259277344,1359244,0.0,0.0,PARSVNATH.NS,Parsvnath Developers Limited,Real Estate,Real Estate - Development,8037194752,,0.017,,26.19,11.15
2007-08-07 00:00:00+05:30,165.32628633335153,166.03260671531245,159.82191081473113,160.86920166015625,803168,0.0,0.0,PARSVNATH.NS,Parsvnath Developers Limited,Real Estate,Real Estate - Development,8037194752,,0.017,,26.19,11.15
2007-08-08 00:00:00+05:30,163.08557013656375,167.42089154850555,162.257486226305,166.8363494873047,847004,0.0,0.0,PARSVNATH.NS,Parsvnath Developers Limited,Real Estate,Real Estate - Development,8037194752,,0.017,,26.19,11.15
2007-08-09 00:00:00+05:30,169.344972309606,169.9538640659799,162.69587730310724,163.98672485351562,660740,0.0,0.0,PARSVNATH.NS,Parsvnath Developers Limited,Real Estate,Real Estate - Development,8037194752,,0.017,,26.19,11.15
2007-08-10 00:00:00+05:30,155.87629209350953,161.62422441824904,151.49227137837957,160.6743621826172,574684,0.0,0.0,PARSVNATH.NS,Parsvnath Developers Limited,Real Estate,Real Estate - Development,8037194752,,0.017,,26.19,11.15
2007-08-13 00:00:00+05:30,161.47810054422783,165.03402260397036,159.18866149829694,160.38209533691406,445056,0.0,0.0,PARSVNATH.NS,Parsvnath Developers Limited,Real Estate,Real Estate - Development,8037194752,,0.017,,26.19,11.15
2007-08-14 00:00:00+05:30,160.38209029297244,163.54832745896886,157.82474488966764,160.99098205566406,400934,0.0,0.0,PARSVNATH.NS,Parsvnath Developers Limited,Real Estate,Real Estate - Development,8037194752,,0.017,,26.19,11.15
2007-08-16 00:00:00+05:30,153.44072517892744,153.44072517892744,145.89046727329767,147.03518676757812,1244372,0.0,0.0,PARSVNATH.NS,Parsvnath Developers Limited,Real Estate,Real Estate - Development,8037194752,,0.017,,26.19,11.15
2007-08-17 00:00:00+05:30,145.15979769462047,149.73866082329275,133.95618914772024,141.23854064941406,1571764,0.0,0.0,PARSVNATH.NS,Parsvnath Developers Limited,Real Estate,Real Estate - Development,8037194752,,0.017,,26.19,11.15
2007-08-20 00:00:00+05:30,146.62114122022874,150.51804862807535,143.69846066434377,144.16122436523438,549324,0.0,0.0,PARSVNATH.NS,Parsvnath Developers Limited,Real Estate,Real Estate - Development,8037194752,,0.017,,26.19,11.15
2007-08-21 00:00:00+05:30,145.15979239339555,146.06095515149232,135.49058848401984,136.5865936279297,1078696,0.0,0.0,PARSVNATH.NS,Parsvnath Developers Limited,Real Estate,Real Estate - Development,8037194752,,0.017,,26.19,11.15
2007-08-22 00:00:00+05:30,134.93041710230335,139.31443787458036,129.13377038761925,134.5894317626953,951468,0.0,0.0,PARSVNATH.NS,Parsvnath Developers Limited,Real Estate,Real Estate - Development,8037194752,,0.017,,26.19,11.15
2007-08-23 00:00:00+05:30,139.21700461339483,141.67693621754316,130.05927858437403,131.2283477783203,1001916,0.0,0.0,PARSVNATH.NS,Parsvnath Developers Limited,Real Estate,Real Estate - Development,8037194752,,0.017,,26.19,11.15
2007-08-24 00:00:00+05:30,131.5206181012274,137.2685502794429,131.0822190139942,136.2699737548828,556240,0.0,0.0,PARSVNATH.NS,Parsvnath Developers Limited,Real Estate,Real Estate - Development,8037194752,,0.017,,26.19,11.15
2007-08-27 00:00:00+05:30,138.77860344816727,145.4033486021395,137.8530909695326,143.45489501953125,1483900,0.0,0.0,PARSVNATH.NS,Parsvnath Developers Limited,Real Estate,Real Estate - Development,8037194752,,0.017,,26.19,11.15
2007-08-28 00:00:00+05:30,144.1855668482104,147.10824725729574,139.07087613231104,139.92332458496094,1214096,0.0,0.0,PARSVNATH.NS,Parsvnath Developers Limited,Real Estate,Real Estate - Development,8037194752,,0.017,,26.19,11.15
2007-08-29 00:00:00+05:30,136.39175873444754,143.64974577971196,132.98196476608635,142.870361328125,1126810,0.0,0.0,PARSVNATH.NS,Parsvnath Developers Limited,Real Estate,Real Estate - Development,8037194752,,0.017,,26.19,11.15
2007-08-30 00:00:00+05:30,140.28866164644123,146.8159783471644,140.28866164644123,142.9434356689453,977576,0.0,0.0,PARSVNATH.NS,Parsvnath Developers Limited,Real Estate,Real Estate - Development,8037194752,,0.017,,26.19,11.15
2007-08-31 00:00:00+05:30,143.94201353149057,149.47075374176043,143.94201353149057,147.57101440429688,1282816,0.0,0.0,PARSVNATH.NS,Parsvnath Developers Limited,Real Estate,Real Estate - Development,8037194752,,0.017,,26.19,11.15
2007-09-03 00:00:00+05:30,148.81314340289504,152.71005059511486,146.81597549377813,151.51661682128906,1048798,0.0,0.0,PARSVNATH.NS,Parsvnath Developers Limited,Real Estate,Real Estate - Development,8037194752,,0.017,,26.19,11.15
2007-09-04 00:00:00+05:30,152.32037197500193,155.58402296100678,151.51662294172263,154.2444610595703,939600,0.0,0.0,PARSVNATH.NS,Parsvnath Developers Limited,Real Estate,Real Estate - Development,8037194752,,0.017,,26.19,11.15
2007-09-05 00:00:00+05:30,155.87628858023277,156.72873703340593,153.19716487026002,154.09832763671875,543248,0.0,0.0,PARSVNATH.NS,Parsvnath Developers Limited,Real Estate,Real Estate - Development,8037194752,,0.017,,26.19,11.15
2007-09-06 00:00:00+05:30,153.44072846344244,154.41495531082938,151.0051613449751,152.32037353515625,525906,0.0,0.0,PARSVNATH.NS,Parsvnath Developers Limited,Real Estate,Real Estate - Development,8037194752,,0.017,,26.19,11.15
2007-09-07 00:00:00+05:30,153.19716185539443,154.36623102363504,151.2487082864864,151.9306640625,609560,0.0,0.0,PARSVNATH.NS,Parsvnath Developers Limited,Real Estate,Real Estate - Development,8037194752,,0.017,,26.19,11.15
2007-09-10 00:00:00+05:30,151.2487090028069,153.6355616629193,148.5695853328699,152.68569946289062,554424,0.0,0.0,PARSVNATH.NS,Parsvnath Developers Limited,Real Estate,Real Estate - Development,8037194752,,0.017,,26.19,11.15
2007-09-11 00:00:00+05:30,153.19716369378676,155.87628738318526,152.46649359667808,153.65992736816406,603348,0.0,0.0,PARSVNATH.NS,Parsvnath Developers Limited,Real Estate,Real Estate - Development,8037194752,,0.017,,26.19,11.15
2007-09-12 00:00:00+05:30,155.38918482946133,158.31186542186498,154.31752933270442,155.77886962890625,704088,0.0,0.0,PARSVNATH.NS,Parsvnath Developers Limited,Real Estate,Real Estate - Development,8037194752,,0.017,,26.19,11.15
2007-09-13 00:00:00+05:30,156.38775296170746,159.87062570505623,155.3891764261804,156.89923095703125,1108024,0.0,0.0,PARSVNATH.NS,Parsvnath Developers Limited,Real Estate,Real Estate - Development,8037194752,,0.017,,26.19,11.15
2007-09-14 00:00:00+05:30,158.31186801250823,161.23454865273916,153.92784705216187,155.36483764648438,709768,0.0,0.0,PARSVNATH.NS,Parsvnath Developers Limited,Real Estate,Real Estate - Development,8037194752,,0.017,,26.19,11.15
2007-09-17 00:00:00+05:30,156.31469683396128,157.24020937856773,153.29460248495482,154.26882934570312,309910,0.0,0.0,PARSVNATH.NS,Parsvnath Developers Limited,Real Estate,Real Estate - Development,8037194752,,0.017,,26.19,11.15
2007-09-18 00:00:00+05:30,153.7086265246674,157.14278489389193,153.4650698260921,156.0224151611328,371996,0.0,0.0,PARSVNATH.NS,Parsvnath Developers Limited,Real Estate,Real Estate - Development,8037194752,,0.017,,26.19,11.15
2007-09-19 00:00:00+05:30,161.23454186616613,165.0827349073902,158.36057566401254,164.44949340820312,1437548,0.0,0.0,PARSVNATH.NS,Parsvnath Developers Limited,Real Estate,Real Estate - Development,8037194752,,0.017,,26.19,11.15
2007-09-20 00:00:00+05:30,165.618567015264,171.39086416228278,163.42655656947375,165.4480743408203,2024670,0.0,0.0,PARSVNATH.NS,Parsvnath Developers Limited,Real Estate,Real Estate - Development,8037194752,,0.017,,26.19,11.15
2007-09-21 00:00:00+05:30,165.13144555727246,169.51546623578412,164.64433214854895,166.78762817382812,713858,0.0,0.0,PARSVNATH.NS,Parsvnath Developers Limited,Real Estate,Real Estate - Development,8037194752,,0.017,,26.19,11.15
2007-09-24 00:00:00+05:30,168.5412344583651,171.1716438149579,166.10566748642339,169.75901794433594,799970,0.0,0.0,PARSVNATH.NS,Parsvnath Developers Limited,Real Estate,Real Estate - Development,8037194752,,0.017,,26.19,11.15
2007-09-25 00:00:00+05:30,170.44098572097943,171.36649826236132,163.35349127993786,165.54550170898438,514904,0.0,0.0,PARSVNATH.NS,Parsvnath Developers Limited,Real Estate,Real Estate - Development,8037194752,,0.017,,26.19,11.15
2007-09-26 00:00:00+05:30,163.18299331202786,167.2991075970026,162.23311621071934,163.036865234375,568920,0.0,0.0,PARSVNATH.NS,Parsvnath Developers Limited,Real Estate,Real Estate - Development,8037194752,,0.017,,26.19,11.15
2007-09-27 00:00:00+05:30,163.18298763529873,167.07989480270885,158.6771887229808,162.35488891601562,978188,0.0,0.0,PARSVNATH.NS,Parsvnath Developers Limited,Real Estate,Real Estate - Development,8037194752,,0.017,,26.19,11.15
2007-09-28 00:00:00+05:30,163.1830016055664,167.56702254422342,162.37926740658378,164.81483459472656,958262,0.0,0.0,PARSVNATH.NS,Parsvnath Developers Limited,Real Estate,Real Estate - Development,8037194752,,0.017,,26.19,11.15
2007-10-01 00:00:00+05:30,164.8148250286555,174.28917192131382,164.8148250286555,173.3393096923828,1512584,0.0,0.0,PARSVNATH.NS,Parsvnath Developers Limited,Real Estate,Real Estate - Development,8037194752,,0.017,,26.19,11.15
2007-10-03 00:00:00+05:30,173.6072174348063,180.6703619239048,166.105673847075,177.96688842773438,1666516,0.0,0.0,PARSVNATH.NS,Parsvnath Developers Limited,Real Estate,Real Estate - Development,8037194752,,0.017,,26.19,11.15
2007-10-04 00:00:00+05:30,178.1860811524173,183.54432871415838,173.41237563452938,181.8394317626953,1697760,0.0,0.0,PARSVNATH.NS,Parsvnath Developers Limited,Real Estate,Real Estate - Development,8037194752,,0.017,,26.19,11.15
2007-10-05 00:00:00+05:30,184.12886679571977,189.43839992862962,172.02409572771168,177.40670776367188,1520496,0.0,0.0,PARSVNATH.NS,Parsvnath Developers Limited,Real Estate,Real Estate - Development,8037194752,,0.017,,26.19,11.15
2007-10-08 00:00:00+05:30,179.67179342559777,179.98841418516002,163.91367083438797,169.3206329345703,1352854,0.0,0.0,PARSVNATH.NS,Parsvnath Developers Limited,Real Estate,Real Estate - Development,8037194752,,0.017,,26.19,11.15
2007-10-09 00:00:00+05:30,170.0025851179084,182.08299209698365,163.5726819695323,180.03712463378906,856980,0.0,0.0,PARSVNATH.NS,Parsvnath Developers Limited,Real Estate,Real Estate - Development,8037194752,,0.017,,26.19,11.15
2007-10-10 00:00:00+05:30,179.7448442186303,188.70772778650925,179.7448442186303,185.66326904296875,1465268,0.0,0.0,PARSVNATH.NS,Parsvnath Developers Limited,Real Estate,Real Estate - Development,8037194752,,0.017,,26.19,11.15
2007-10-11 00:00:00+05:30,188.41546541619772,195.3324819449974,182.18041956964845,191.09458923339844,1168012,0.0,0.0,PARSVNATH.NS,Parsvnath Developers Limited,Real Estate,Real Estate - Development,8037194752,,0.017,,26.19,11.15
2007-10-12 00:00:00+05:30,190.09601090345095,195.94137190496642,180.2319642133936,182.0586395263672,1321742,0.0,0.0,PARSVNATH.NS,Parsvnath Developers Limited,Real Estate,Real Estate - Development,8037194752,,0.017,,26.19,11.15
2007-10-15 00:00:00+05:30,185.05438551638304,191.14330327399978,183.66610929454205,187.97706604003906,1061404,0.0,0.0,PARSVNATH.NS,Parsvnath Developers Limited,Real Estate,Real Estate - Development,8037194752,,0.017,,26.19,11.15
2007-10-16 00:00:00+05:30,187.0515496972437,202.6391788386807,185.10309605456408,191.38685607910156,2417484,0.0,0.0,PARSVNATH.NS,Parsvnath Developers Limited,Real Estate,Real Estate - Development,8037194752,,0.017,,26.19,11.15
2007-10-17 00:00:00+05:30,170.4896929446974,182.66752815503293,158.92074949487863,180.96263122558594,1988644,0.0,0.0,PARSVNATH.NS,Parsvnath Developers Limited,Real Estate,Real Estate - Development,8037194752,,0.017,,26.19,11.15
2007-10-18 00:00:00+05:30,184.46985962426945,191.1433046140913,159.87063171103455,167.46958923339844,1943780,0.0,0.0,PARSVNATH.NS,Parsvnath Developers Limited,Real Estate,Real Estate - Development,8037194752,,0.017,,26.19,11.15
2007-10-19 00:00:00+05:30,165.86212126586932,170.19742777665988,157.3376363256264,160.9179229736328,908612,0.0,0.0,PARSVNATH.NS,Parsvnath Developers Limited,Real Estate,Real Estate - Development,8037194752,,0.017,,26.19,11.15
2007-10-22 00:00:00+05:30,155.8762860681808,163.67010037158985,151.56532955850346,160.8448486328125,380536,0.0,0.0,PARSVNATH.NS,Parsvnath Developers Limited,Real Estate,Real Estate - Development,8037194752,,0.017,,26.19,11.15
2007-10-23 00:00:00+05:30,161.96520655720698,172.92525812874732,161.96520655720698,171.39085388183594,741856,0.0,0.0,PARSVNATH.NS,Parsvnath Developers Limited,Real Estate,Real Estate - Development,8037194752,,0.017,,26.19,11.15
2007-10-24 00:00:00+05:30,175.2147024333849,175.2147024333849,166.3492322779279,169.71031188964844,994612,0.0,0.0,PARSVNATH.NS,Parsvnath Developers Limited,Real Estate,Real Estate - Development,8037194752,,0.017,,26.19,11.15
2007-10-25 00:00:00+05:30,170.00258666667852,172.14588278048925,165.61856580707936,167.37217712402344,550008,0.0,0.0,PARSVNATH.NS,Parsvnath Developers Limited,Real Estate,Real Estate - Development,8037194752,,0.017,,26.19,11.15
2007-10-26 00:00:00+05:30,167.32345505895364,175.31211194892606,165.1314447306704,172.36508178710938,692864,0.0,0.0,PARSVNATH.NS,Parsvnath Developers Limited,Real Estate,Real Estate - Development,8037194752,,0.017,,26.19,11.15
2007-10-29 00:00:00+05:30,174.82500714444316,177.5284956016567,170.48970058830218,171.24472045898438,508384,0.0,0.0,PARSVNATH.NS,Parsvnath Developers Limited,Real Estate,Real Estate - Development,8037194752,,0.017,,26.19,11.15
2007-10-30 00:00:00+05:30,174.82500246918963,174.82500246918963,162.5010389595888,164.23028564453125,1200404,0.0,0.0,PARSVNATH.NS,Parsvnath Developers Limited,Real Estate,Real Estate - Development,8037194752,,0.017,,26.19,11.15
2007-10-31 00:00:00+05:30,164.6443397721942,169.46675976874872,164.1572263409155,165.2288818359375,1238800,0.0,0.0,PARSVNATH.NS,Parsvnath Developers Limited,Real Estate,Real Estate - Development,8037194752,,0.017,,26.19,11.15
2007-11-01 00:00:00+05:30,170.48969147437225,170.48969147437225,158.79896977327243,160.3333740234375,652412,0.0,0.0,PARSVNATH.NS,Parsvnath Developers Limited,Real Estate,Real Estate - Development,8037194752,,0.017,,26.19,11.15
2007-11-02 00:00:00+05:30,157.77603536504625,161.57552899889347,156.3634094058239,159.09124755859375,533472,0.0,0.0,PARSVNATH.NS,Parsvnath Developers Limited,Real Estate,Real Estate - Development,8037194752,,0.017,,26.19,11.15
2007-11-05 00:00:00+05:30,160.74742010136706,165.44806138274222,155.38917276465483,156.87486267089844,857460,0.0,0.0,PARSVNATH.NS,Parsvnath Developers Limited,Real Estate,Real Estate - Development,8037194752,,0.017,,26.19,11.15
2007-11-06 00:00:00+05:30,160.01676247957244,164.05979802067085,156.4121260543547,157.6055450439453,911928,0.0,0.0,PARSVNATH.NS,Parsvnath Developers Limited,Real Estate,Real Estate - Development,8037194752,,0.017,,26.19,11.15
2007-11-07 00:00:00+05:30,159.99240811983358,161.6242261780377,154.80463832469397,155.3161163330078,473318,0.0,0.0,PARSVNATH.NS,Parsvnath Developers Limited,Real Estate,Real Estate - Development,8037194752,,0.017,,26.19,11.15
2007-11-08 00:00:00+05:30,153.44072447249843,155.29174948818027,149.98221628112512,153.9034881591797,420056,0.0,0.0,PARSVNATH.NS,Parsvnath Developers Limited,Real Estate,Real Estate - Development,8037194752,,0.017,,26.19,11.15
2007-11-12 00:00:00+05:30,151.8576131282474,154.90207209232614,150.07965206632986,152.3447265625,493092,0.0,0.0,PARSVNATH.NS,Parsvnath Developers Limited,Real Estate,Real Estate - Development,8037194752,,0.017,,26.19,11.15
2007-11-13 00:00:00+05:30,151.97939069642752,157.72732324450658,151.97939069642752,156.314697265625,799272,0.0,0.0,PARSVNATH.NS,Parsvnath Developers Limited,Real Estate,Real Estate - Development,8037194752,,0.017,,26.19,11.15
2007-11-14 00:00:00+05:30,157.82474265698735,160.6987087631307,157.82474265698735,159.57835388183594,444586,0.0,0.0,PARSVNATH.NS,Parsvnath Developers Limited,Real Estate,Real Estate - Development,8037194752,,0.017,,26.19,11.15
2007-11-15 00:00:00+05:30,159.28609106423107,163.9623829493129,158.8233273611078,161.89215087890625,578700,0.0,0.0,PARSVNATH.NS,Parsvnath Developers Limited,Real Estate,Real Estate - Development,8037194752,,0.017,,26.19,11.15
2007-11-16 00:00:00+05:30,161.47810468963556,166.56844606271235,158.79898078075772,164.2790069580078,836576,0.0,0.0,PARSVNATH.NS,Parsvnath Developers Limited,Real Estate,Real Estate - Development,8037194752,,0.017,,26.19,11.15
2007-11-19 00:00:00+05:30,165.66726835924715,169.4667468882281,165.6185540467174,166.86068725585938,550460,0.0,0.0,PARSVNATH.NS,Parsvnath Developers Limited,Real Estate,Real Estate - Development,8037194752,,0.017,,26.19,11.15
2007-11-20 00:00:00+05:30,164.2059314833879,177.79639248369483,164.2059314833879,172.1458740234375,1165436,0.0,0.0,PARSVNATH.NS,Parsvnath Developers Limited,Real Estate,Real Estate - Development,8037194752,,0.017,,26.19,11.15
2007-11-21 00:00:00+05:30,171.95103223710495,176.18892481351978,164.49820307501975,165.27757263183594,562454,0.0,0.0,PARSVNATH.NS,Parsvnath Developers Limited,Real Estate,Real Estate - Development,8037194752,,0.017,,26.19,11.15
2007-11-22 00:00:00+05:30,166.10567805060913,167.49395428601335,159.82191783646175,162.74459838867188,644770,0.0,0.0,PARSVNATH.NS,Parsvnath Developers Limited,Real Estate,Real Estate - Development,8037194752,,0.017,,26.19,11.15
2007-11-23 00:00:00+05:30,166.34922553899864,166.59278223817725,163.28041707555647,165.47242736816406,375092,0.0,0.0,PARSVNATH.NS,Parsvnath Developers Limited,Real Estate,Real Estate - Development,8037194752,,0.017,,26.19,11.15
2007-11-26 00:00:00+05:30,168.05412324152962,169.58852748063063,166.61713276325585,168.80914306640625,317278,0.0,0.0,PARSVNATH.NS,Parsvnath Developers Limited,Real Estate,Real Estate - Development,8037194752,,0.017,,26.19,11.15
2007-11-27 00:00:00+05:30,169.49111227870378,171.53697962493638,166.39793923745373,167.07989501953125,445856,0.0,0.0,PARSVNATH.NS,Parsvnath Developers Limited,Real Estate,Real Estate - Development,8037194752,,0.017,,26.19,11.15
2007-11-28 00:00:00+05:30,170.24613425752818,174.38659818081572,168.1271879825062,169.56417846679688,829460,0.0,0.0,PARSVNATH.NS,Parsvnath Developers Limited,Real Estate,Real Estate - Development,8037194752,,0.017,,26.19,11.15
2007-11-29 00:00:00+05:30,172.43814271368106,173.89948290616988,166.64149625657964,167.8349151611328,562048,0.0,0.0,PARSVNATH.NS,Parsvnath Developers Limited,Real Estate,Real Estate - Development,8037194752,,0.017,,26.19,11.15
2007-11-30 00:00:00+05:30,170.00258406293887,173.4123780126253,169.61289927204058,172.51121520996094,534964,0.0,0.0,PARSVNATH.NS,Parsvnath Developers Limited,Real Estate,Real Estate - Development,8037194752,,0.017,,26.19,11.15
2007-12-03 00:00:00+05:30,176.5786175105006,179.7205050648273,173.24188755823224,173.92384338378906,304952,0.0,0.0,PARSVNATH.NS,Parsvnath Developers Limited,Real Estate,Real Estate - Development,8037194752,,0.017,,26.19,11.15
2007-12-04 00:00:00+05:30,175.84794954658767,183.10593673482438,173.89949581199946,179.52565002441406,1153308,0.0,0.0,PARSVNATH.NS,Parsvnath Developers Limited,Real Estate,Real Estate - Development,8037194752,,0.017,,26.19,11.15
2007-12-05 00:00:00+05:30,182.66753032902744,186.05297450400076,180.23196325797375,182.9110870361328,1036830,0.0,0.0,PARSVNATH.NS,Parsvnath Developers Limited,Real Estate,Real Estate - Development,8037194752,,0.017,,26.19,11.15
2007-12-06 00:00:00+05:30,185.1030977140264,189.0000050343217,183.15464405387874,186.0286102294922,884328,0.0,0.0,PARSVNATH.NS,Parsvnath Developers Limited,Real Estate,Real Estate - Development,8037194752,,0.017,,26.19,11.15
2007-12-07 00:00:00+05:30,188.5128850721775,198.47436000992613,185.10309128534226,194.35824584960938,1530536,0.0,0.0,PARSVNATH.NS,Parsvnath Developers Limited,Real Estate,Real Estate - Development,8037194752,,0.017,,26.19,11.15
2007-12-10 00:00:00+05:30,199.66778465320266,201.56752398735034,194.8453648463596,198.15773010253906,1367272,0.0,0.0,PARSVNATH.NS,Parsvnath Developers Limited,Real Estate,Real Estate - Development,8037194752,,0.017,,26.19,11.15
2007-12-11 00:00:00+05:30,201.61623258004354,207.87564272120272,199.71649329980812,203.2724151611328,1809508,0.0,0.0,PARSVNATH.NS,Parsvnath Developers Limited,Real Estate,Real Estate - Development,8037194752,,0.017,,26.19,11.15
2007-12-12 00:00:00+05:30,186.7105696436304,210.43299936031968,186.7105696436304,208.82553100585938,2163060,0.0,0.0,PARSVNATH.NS,Parsvnath Developers Limited,Real Estate,Real Estate - Development,8037194752,,0.017,,26.19,11.15
2007-12-13 00:00:00+05:30,212.1378867650086,215.547680582127,198.42564745927248,199.7408447265625,2010590,0.0,0.0,PARSVNATH.NS,Parsvnath Developers Limited,Real Estate,Real Estate - Development,8037194752,,0.017,,26.19,11.15
2007-12-14 00:00:00+05:30,198.7909816611919,205.56185495313156,197.88981889741635,202.95579528808594,1161452,0.0,0.0,PARSVNATH.NS,Parsvnath Developers Limited,Real Estate,Real Estate - Development,8037194752,,0.017,,26.19,11.15
2007-12-17 00:00:00+05:30,203.02886567376768,204.6850631792079,185.22487627998083,189.6819610595703,1521406,0.0,0.0,PARSVNATH.NS,Parsvnath Developers Limited,Real Estate,Real Estate - Development,8037194752,,0.017,,26.19,11.15
2007-12-18 00:00:00+05:30,190.46134863399118,191.92268890484021,183.154647279746,188.41546630859375,1428762,0.0,0.0,PARSVNATH.NS,Parsvnath Developers Limited,Real Estate,Real Estate - Development,8037194752,,0.017,,26.19,11.15
2007-12-19 00:00:00+05:30,191.9226841910775,191.9226841910775,180.23196231141796,183.76353454589844,691734,0.0,0.0,PARSVNATH.NS,Parsvnath Developers Limited,Real Estate,Real Estate - Development,8037194752,,0.017,,26.19,11.15
2007-12-20 00:00:00+05:30,185.9798974805038,187.48995205293457,181.20619191916467,181.7420196533203,827260,0.0,0.0,PARSVNATH.NS,Parsvnath Developers Limited,Real Estate,Real Estate - Development,8037194752,,0.017,,26.19,11.15
2007-12-24 00:00:00+05:30,183.617403760568,191.92268136054548,183.617403760568,191.04588317871094,637948,0.0,0.0,PARSVNATH.NS,Parsvnath Developers Limited,Real Estate,Real Estate - Development,8037194752,,0.017,,26.19,11.15
2007-12-26 00:00:00+05:30,193.87113453938937,207.02319643025248,191.92268092592818,205.75669860839844,1879492,0.0,0.0,PARSVNATH.NS,Parsvnath Developers Limited,Real Estate,Real Estate - Development,8037194752,,0.017,,26.19,11.15
2007-12-27 00:00:00+05:30,207.02319713786227,210.26249830820925,202.15206308755964,206.51173400878906,1810204,0.0,0.0,PARSVNATH.NS,Parsvnath Developers Limited,Real Estate,Real Estate - Development,8037194752,,0.017,,26.19,11.15
2007-12-28 00:00:00+05:30,206.04896921727652,227.384530296403,201.2508992304839,223.3658447265625,3508682,0.0,0.0,PARSVNATH.NS,Parsvnath Developers Limited,Real Estate,Real Estate - Development,8037194752,,0.017,,26.19,11.15
2007-12-31 00:00:00+05:30,228.0665091008508,229.9175341499168,218.71392549430647,220.19961547851562,2153592,0.0,0.0,PARSVNATH.NS,Parsvnath Developers Limited,Real Estate,Real Estate - Development,8037194752,,0.017,,26.19,11.15
2008-01-01 00:00:00+05:30,223.5850600276121,235.27578212055911,219.15232492759864,232.2313232421875,2436010,0.0,0.0,PARSVNATH.NS,Parsvnath Developers Limited,Real Estate,Real Estate - Development,8037194752,,0.017,,26.19,11.15
2008-01-02 00:00:00+05:30,234.86173580034387,240.0982051393765,225.38738856670975,231.5006561279297,2744054,0.0,0.0,PARSVNATH.NS,Parsvnath Developers Limited,Real Estate,Real Estate - Development,8037194752,,0.017,,26.19,11.15
2008-01-03 00:00:00+05:30,231.3788766548969,241.1211451456294,226.50774240953066,235.25143432617188,2785000,0.0,0.0,PARSVNATH.NS,Parsvnath Developers Limited,Real Estate,Real Estate - Development,8037194752,,0.017,,26.19,11.15
2008-01-04 00:00:00+05:30,237.3460260546508,262.9438316408623,233.81445357872218,257.2445983886719,6654828,0.0,0.0,PARSVNATH.NS,Parsvnath Developers Limited,Real Estate,Real Estate - Development,8037194752,,0.017,,26.19,11.15
2008-01-07 00:00:00+05:30,257.92656133044954,291.29383130426595,253.29898374283997,279.7492370605469,8448488,0.0,0.0,PARSVNATH.NS,Parsvnath Developers Limited,Real Estate,Real Estate - Development,8037194752,,0.017,,26.19,11.15
2008-01-08 00:00:00+05:30,282.0386690759355,284.23067945735465,253.78609082653264,267.6688232421875,3674592,0.0,0.0,PARSVNATH.NS,Parsvnath Developers Limited,Real Estate,Real Estate - Development,8037194752,,0.017,,26.19,11.15
2008-01-09 00:00:00+05:30,267.912386189713,267.912386189713,241.87616744015838,246.33326721191406,4254468,0.0,0.0,PARSVNATH.NS,Parsvnath Developers Limited,Real Estate,Real Estate - Development,8037194752,,0.017,,26.19,11.15
2008-01-10 00:00:00+05:30,248.47656162791554,258.170115834248,236.27436138473834,242.2415008544922,2447996,0.0,0.0,PARSVNATH.NS,Parsvnath Developers Limited,Real Estate,Real Estate - Development,8037194752,,0.017,,26.19,11.15
2008-01-11 00:00:00+05:30,242.58248721441967,243.53236434550425,221.1738461013961,226.23983764648438,2085736,0.0,0.0,PARSVNATH.NS,Parsvnath Developers Limited,Real Estate,Real Estate - Development,8037194752,,0.017,,26.19,11.15
2008-01-14 00:00:00+05:30,226.020626859011,240.14691603769919,224.5592865991467,229.11380004882812,1502548,0.0,0.0,PARSVNATH.NS,Parsvnath Developers Limited,Real Estate,Real Estate - Development,8037194752,,0.017,,26.19,11.15
2008-01-15 00:00:00+05:30,231.3058050599759,232.79149501008186,207.51031207540763,210.06765747070312,1468682,0.0,0.0,PARSVNATH.NS,Parsvnath Developers Limited,Real Estate,Real Estate - Development,8037194752,,0.017,,26.19,11.15
2008-01-16 00:00:00+05:30,208.48454391124636,217.15515684732776,202.15206944665243,209.45877075195312,1736012,0.0,0.0,PARSVNATH.NS,Parsvnath Developers Limited,Real Estate,Real Estate - Development,8037194752,,0.017,,26.19,11.15
2008-01-17 00:00:00+05:30,212.67371328326465,215.93736414195942,207.51030827331272,211.1149444580078,1021596,0.0,0.0,PARSVNATH.NS,Parsvnath Developers Limited,Real Estate,Real Estate - Development,8037194752,,0.017,,26.19,11.15
2008-01-18 00:00:00+05:30,210.82268713537238,211.16367248351543,196.3067128278125,200.25233459472656,786480,0.0,0.0,PARSVNATH.NS,Parsvnath Developers Limited,Real Estate,Real Estate - Development,8037194752,,0.017,,26.19,11.15
2008-01-21 00:00:00+05:30,196.7938141023911,198.74226770736527,132.00773173699997,140.4591522216797,2939340,0.0,0.0,PARSVNATH.NS,Parsvnath Developers Limited,Real Estate,Real Estate - Development,8037194752,,0.017,,26.19,11.15
2008-01-22 00:00:00+05:30,136.39175809401405,142.57810449662986,107.2136671034347,122.50902557373047,1641396,0.0,0.0,PARSVNATH.NS,Parsvnath Developers Limited,Real Estate,Real Estate - Development,8037194752,,0.017,,26.19,11.15
2008-01-23 00:00:00+05:30,121.77835200871388,148.25296870851258,121.77835200871388,141.11676025390625,2316260,0.0,0.0,PARSVNATH.NS,Parsvnath Developers Limited,Real Estate,Real Estate - Development,8037194752,,0.017,,26.19,11.15
2008-01-24 00:00:00+05:30,146.13403081142954,153.41638262640805,128.597947114058,131.93467712402344,2524464,0.0,0.0,PARSVNATH.NS,Parsvnath Developers Limited,Real Estate,Real Estate - Development,8037194752,,0.017,,26.19,11.15
2008-01-25 00:00:00+05:30,138.53505829731805,145.15980400346663,133.95619496964204,143.43055725097656,1061732,0.0,0.0,PARSVNATH.NS,Parsvnath Developers Limited,Real Estate,Real Estate - Development,8037194752,,0.017,,26.19,11.15
2008-01-28 00:00:00+05:30,140.28865787803107,145.8417476125989,131.52061676065412,143.99072265625,918970,0.0,0.0,PARSVNATH.NS,Parsvnath Developers Limited,Real Estate,Real Estate - Development,8037194752,,0.017,,26.19,11.15
2008-01-29 00:00:00+05:30,147.0351832235274,150.51804107132932,141.2628864423479,142.8216552734375,1220066,0.0,0.0,PARSVNATH.NS,Parsvnath Developers Limited,Real Estate,Real Estate - Development,8037194752,,0.017,,26.19,11.15
2008-01-30 00:00:00+05:30,143.69845604976092,144.67268287043726,133.17680341335208,134.2484588623047,995974,0.0,0.0,PARSVNATH.NS,Parsvnath Developers Limited,Real Estate,Real Estate - Development,8037194752,,0.017,,26.19,11.15
2008-01-31 00:00:00+05:30,136.684031013638,141.2628942685486,129.13377287169834,131.81289672851562,2376932,0.0,0.0,PARSVNATH.NS,Parsvnath Developers Limited,Real Estate,Real Estate - Development,8037194752,,0.017,,26.19,11.15
2008-02-01 00:00:00+05:30,132.98196274737697,138.07230389765195,128.59794199746347,131.25271606445312,1705800,0.0,0.0,PARSVNATH.NS,Parsvnath Developers Limited,Real Estate,Real Estate - Development,8037194752,,0.017,,26.19,11.15
2008-02-04 00:00:00+05:30,137.85309386911877,142.01790754333763,133.9561866219352,139.82589721679688,2525748,0.0,0.0,PARSVNATH.NS,Parsvnath Developers Limited,Real Estate,Real Estate - Development,8037194752,,0.017,,26.19,11.15
2008-02-05 00:00:00+05:30,138.82732163166492,146.5724218653798,138.340208222431,144.23428344726562,1913100,0.0,0.0,PARSVNATH.NS,Parsvnath Developers Limited,Real Estate,Real Estate - Development,8037194752,,0.017,,26.19,11.15
2008-02-06 00:00:00+05:30,141.26288356806194,144.6239629970944,133.95618269385184,143.01649475097656,1440864,0.0,0.0,PARSVNATH.NS,Parsvnath Developers Limited,Real Estate,Real Estate - Development,8037194752,,0.017,,26.19,11.15
2008-02-07 00:00:00+05:30,145.549477427452,149.5438132386672,136.635308187121,137.87744140625,1829092,0.0,0.0,PARSVNATH.NS,Parsvnath Developers Limited,Real Estate,Real Estate - Development,8037194752,,0.017,,26.19,11.15
2008-02-08 00:00:00+05:30,137.9018155577191,139.75284065291441,130.13235037193195,133.3229522705078,1250098,0.0,0.0,PARSVNATH.NS,Parsvnath Developers Limited,Real Estate,Real Estate - Development,8037194752,,0.017,,26.19,11.15
2008-02-11 00:00:00+05:30,133.32294581982254,133.32294581982254,121.77835209500725,124.31134033203125,1185668,0.0,0.0,PARSVNATH.NS,Parsvnath Developers Limited,Real Estate,Real Estate - Development,8037194752,,0.017,,26.19,11.15
2008-02-12 00:00:00+05:30,126.6738349779361,128.59793887319432,122.55773562649706,124.8958740234375,796778,0.0,0.0,PARSVNATH.NS,Parsvnath Developers Limited,Real Estate,Real Estate - Development,8037194752,,0.017,,26.19,11.15
2008-02-13 00:00:00+05:30,127.47758579965384,129.71829560125965,125.79703858292785,126.62513732910156,771738,0.0,0.0,PARSVNATH.NS,Parsvnath Developers Limited,Real Estate,Real Estate - Development,8037194752,,0.017,,26.19,11.15
2008-02-14 00:00:00+05:30,131.49626836752097,134.93041189369717,129.18247971591424,133.37164306640625,916514,0.0,0.0,PARSVNATH.NS,Parsvnath Developers Limited,Real Estate,Real Estate - Development,8037194752,,0.017,,26.19,11.15
2008-02-15 00:00:00+05:30,132.49484322944073,138.82731735437721,127.62370928718187,136.90321350097656,1145012,0.0,0.0,PARSVNATH.NS,Parsvnath Developers Limited,Real Estate,Real Estate - Development,8037194752,,0.017,,26.19,11.15
2008-02-18 00:00:00+05:30,141.1654617126722,141.26289034187528,135.4418790867514,136.51353454589844,679422,0.0,0.0,PARSVNATH.NS,Parsvnath Developers Limited,Real Estate,Real Estate - Development,8037194752,,0.017,,26.19,11.15
2008-02-19 00:00:00+05:30,138.34020508072146,141.26288546975078,136.90321460990688,137.87744140625,1107788,0.0,0.0,PARSVNATH.NS,Parsvnath Developers Limited,Real Estate,Real Estate - Development,8037194752,,0.017,,26.19,11.15
2008-02-20 00:00:00+05:30,137.8774470450582,137.8774470450582,132.98196313943072,133.83441162109375,501186,0.0,0.0,PARSVNATH.NS,Parsvnath Developers Limited,Real Estate,Real Estate - Development,8037194752,,0.017,,26.19,11.15
2008-02-21 00:00:00+05:30,136.26997144509355,137.3659765773597,133.95618283253162,134.8573455810547,387204,0.0,0.0,PARSVNATH.NS,Parsvnath Developers Limited,Real Estate,Real Estate - Development,8037194752,,0.017,,26.19,11.15
2008-02-22 00:00:00+05:30,133.46907334647656,134.44330015922458,132.00773312735456,133.27423095703125,415804,0.0,0.0,PARSVNATH.NS,Parsvnath Developers Limited,Real Estate,Real Estate - Development,8037194752,,0.017,,26.19,11.15
2008-02-25 00:00:00+05:30,133.51778959117487,135.36881461595735,129.1337688704064,131.5693359375,372324,0.0,0.0,PARSVNATH.NS,Parsvnath Developers Limited,Real Estate,Real Estate - Development,8037194752,,0.017,,26.19,11.15
2008-02-26 00:00:00+05:30,133.81006581484448,134.4433073307005,132.05645448525263,132.78712463378906,372812,0.0,0.0,PARSVNATH.NS,Parsvnath Developers Limited,Real Estate,Real Estate - Development,8037194752,,0.017,,26.19,11.15
2008-02-27 00:00:00+05:30,135.4175361493201,138.3402167856364,132.5192052387642,133.44473266601562,703926,0.0,0.0,PARSVNATH.NS,Parsvnath Developers Limited,Real Estate,Real Estate - Development,8037194752,,0.017,,26.19,11.15
2008-02-28 00:00:00+05:30,132.7384124585052,134.93042293947136,129.57217509710966,130.54640197753906,943316,0.0,0.0,PARSVNATH.NS,Parsvnath Developers Limited,Real Estate,Real Estate - Development,8037194752,,0.017,,26.19,11.15
2008-02-29 00:00:00+05:30,129.08506241637366,133.22552668255923,126.72255924432797,130.76560974121094,758148,0.0,0.0,PARSVNATH.NS,Parsvnath Developers Limited,Real Estate,Real Estate - Development,8037194752,,0.017,,26.19,11.15
2008-03-03 00:00:00+05:30,129.08505294636902,129.08505294636902,122.41160075229755,123.28840637207031,393940,0.0,0.0,PARSVNATH.NS,Parsvnath Developers Limited,Real Estate,Real Estate - Development,8037194752,,0.017,,26.19,11.15
2008-03-04 00:00:00+05:30,123.72680612987055,124.21391953983068,115.49459247464884,116.42010498046875,725656,0.0,0.0,PARSVNATH.NS,Parsvnath Developers Limited,Real Estate,Real Estate - Development,8037194752,,0.017,,26.19,11.15
2008-03-05 00:00:00+05:30,115.932989495156,119.29406899060878,114.49600644804967,116.56623840332031,494844,0.0,0.0,PARSVNATH.NS,Parsvnath Developers Limited,Real Estate,Real Estate - Development,8037194752,,0.017,,26.19,11.15
2008-03-07 00:00:00+05:30,115.78685517779601,115.78685517779601,107.16494937381823,109.9171371459961,554658,0.0,0.0,PARSVNATH.NS,Parsvnath Developers Limited,Real Estate,Real Estate - Development,8037194752,,0.017,,26.19,11.15
2008-03-10 00:00:00+05:30,107.16495212529098,109.35696250967193,101.56314780965077,107.89562225341797,969406,0.0,0.0,PARSVNATH.NS,Parsvnath Developers Limited,Real Estate,Real Estate - Development,8037194752,,0.017,,26.19,11.15
2008-03-11 00:00:00+05:30,107.89562196905638,114.42293879001684,104.85116310988437,113.15644836425781,949820,0.0,0.0,PARSVNATH.NS,Parsvnath Developers Limited,Real Estate,Real Estate - Development,8037194752,,0.017,,26.19,11.15
2008-03-12 00:00:00+05:30,116.61494643780324,120.80412470302868,108.65064670836885,110.18505096435547,703140,0.0,0.0,PARSVNATH.NS,Parsvnath Developers Limited,Real Estate,Real Estate - Development,8037194752,,0.017,,26.19,11.15
2008-03-13 00:00:00+05:30,107.16495450826159,108.11482420939623,100.10180977930797,100.92990112304688,784876,0.0,0.0,PARSVNATH.NS,Parsvnath Developers Limited,Real Estate,Real Estate - Development,8037194752,,0.017,,26.19,11.15
2008-03-14 00:00:00+05:30,100.34536127817414,105.16778100727338,98.39690766112221,104.4371109008789,485248,0.0,0.0,PARSVNATH.NS,Parsvnath Developers Limited,Real Estate,Real Estate - Development,8037194752,,0.017,,26.19,11.15
2008-03-17 00:00:00+05:30,98.93273405589557,102.05025682838397,97.4226795497699,97.71495056152344,737710,0.0,0.0,PARSVNATH.NS,Parsvnath Developers Limited,Real Estate,Real Estate - Development,8037194752,,0.017,,26.19,11.15
2008-03-18 00:00:00+05:30,97.42268416062659,100.75941406623242,93.30657724139229,96.08312225341797,688884,0.0,0.0,PARSVNATH.NS,Parsvnath Developers Limited,Real Estate,Real Estate - Development,8037194752,,0.017,,26.19,11.15
2008-03-19 00:00:00+05:30,98.88402685229063,101.73364340709902,92.55155222628187,93.57449340820312,472140,0.0,0.0,PARSVNATH.NS,Parsvnath Developers Limited,Real Estate,Real Estate - Development,8037194752,,0.017,,26.19,11.15
2008-03-24 00:00:00+05:30,94.01288839362638,94.25644509930936,82.34652367796429,84.41675567626953,1439770,0.0,0.0,PARSVNATH.NS,Parsvnath Developers Limited,Real Estate,Real Estate - Development,8037194752,,0.017,,26.19,11.15
2008-03-25 00:00:00+05:30,87.50992035934904,90.84665016143916,85.73195940167984,89.72628784179688,878798,0.0,0.0,PARSVNATH.NS,Parsvnath Developers Limited,Real Estate,Real Estate - Development,8037194752,,0.017,,26.19,11.15
2008-03-26 00:00:00+05:30,91.3337657513106,95.23067309003318,88.82513462511228,94.03724670410156,1505076,0.0,0.0,PARSVNATH.NS,Parsvnath Developers Limited,Real Estate,Real Estate - Development,8037194752,,0.017,,26.19,11.15
2008-03-27 00:00:00+05:30,92.55154676461125,101.07603133503596,91.74781262107548,97.61752319335938,2953220,0.0,0.0,PARSVNATH.NS,Parsvnath Developers Limited,Real Estate,Real Estate - Development,8037194752,,0.017,,26.19,11.15
2008-03-28 00:00:00+05:30,99.85824891288176,107.2867284051815,99.00580044655229,105.41133880615234,1914186,0.0,0.0,PARSVNATH.NS,Parsvnath Developers Limited,Real Estate,Real Estate - Development,8037194752,,0.017,,26.19,11.15
2008-03-31 00:00:00+05:30,103.75515854546668,110.06327585311071,101.31959144346042,102.36688232421875,1519408,0.0,0.0,PARSVNATH.NS,Parsvnath Developers Limited,Real Estate,Real Estate - Development,8037194752,,0.017,,26.19,11.15
2008-04-01 00:00:00+05:30,104.24226924351284,104.68066833732051,99.90696288826543,102.29381561279297,789216,0.0,0.0,PARSVNATH.NS,Parsvnath Developers Limited,Real Estate,Real Estate - Development,8037194752,,0.017,,26.19,11.15
2008-04-02 00:00:00+05:30,105.60619199087509,106.87268243579062,101.36830668135899,101.7823486328125,372158,0.0,0.0,PARSVNATH.NS,Parsvnath Developers Limited,Real Estate,Real Estate - Development,8037194752,,0.017,,26.19,11.15
2008-04-03 00:00:00+05:30,102.78093092098305,103.17062314088493,99.85825042086032,100.8568344116211,368832,0.0,0.0,PARSVNATH.NS,Parsvnath Developers Limited,Real Estate,Real Estate - Development,8037194752,,0.017,,26.19,11.15
2008-04-04 00:00:00+05:30,100.83247450883579,102.70786408512372,97.690594543301,98.4212646484375,355236,0.0,0.0,PARSVNATH.NS,Parsvnath Developers Limited,Real Estate,Real Estate - Development,8037194752,,0.017,,26.19,11.15
2008-04-07 00:00:00+05:30,90.74922771392181,101.24652294819168,90.74922771392181,99.00579833984375,398008,0.0,0.0,PARSVNATH.NS,Parsvnath Developers Limited,Real Estate,Real Estate - Development,8037194752,,0.017,,26.19,11.15
2008-04-08 00:00:00+05:30,99.00580428858731,100.73505844537068,97.66624236094344,98.08029174804688,487584,0.0,0.0,PARSVNATH.NS,Parsvnath Developers Limited,Real Estate,Real Estate - Development,8037194752,,0.017,,26.19,11.15
2008-04-09 00:00:00+05:30,98.39691255733729,99.22500389923792,95.98570257280625,97.8123779296875,387712,0.0,0.0,PARSVNATH.NS,Parsvnath Developers Limited,Real Estate,Real Estate - Development,8037194752,,0.017,,26.19,11.15
2008-04-10 00:00:00+05:30,97.42268021568809,100.19922511528307,96.93556681460964,97.39832305908203,396688,0.0,0.0,PARSVNATH.NS,Parsvnath Developers Limited,Real Estate,Real Estate - Development,8037194752,,0.017,,26.19,11.15
2008-04-11 00:00:00+05:30,97.90979768315331,98.88402452577175,94.88969595758834,95.54729461669922,705728,0.0,0.0,PARSVNATH.NS,Parsvnath Developers Limited,Real Estate,Real Estate - Development,8037194752,,0.017,,26.19,11.15
2008-04-15 00:00:00+05:30,95.96134598062646,98.39691313749515,94.98711911787898,98.03157806396484,507376,0.0,0.0,PARSVNATH.NS,Parsvnath Developers Limited,Real Estate,Real Estate - Development,8037194752,,0.017,,26.19,11.15
2008-04-16 00:00:00+05:30,98.85966585708476,103.46288613154452,98.85966585708476,100.63763427734375,751930,0.0,0.0,PARSVNATH.NS,Parsvnath Developers Limited,Real Estate,Real Estate - Development,8037194752,,0.017,,26.19,11.15
2008-04-17 00:00:00+05:30,102.61043859540746,105.89845416904836,102.07461829491511,103.7064437866211,853912,0.0,0.0,PARSVNATH.NS,Parsvnath Developers Limited,Real Estate,Real Estate - Development,8037194752,,0.017,,26.19,11.15
2008-04-21 00:00:00+05:30,107.14059432991377,107.14059432991377,104.24227099215145,105.58183288574219,689898,0.0,0.0,PARSVNATH.NS,Parsvnath Developers Limited,Real Estate,Real Estate - Development,8037194752,,0.017,,26.19,11.15
2008-04-22 00:00:00+05:30,105.70361220675329,109.33260570149287,104.266629103398,107.09188842773438,1606132,0.0,0.0,PARSVNATH.NS,Parsvnath Developers Limited,Real Estate,Real Estate - Development,8037194752,,0.017,,26.19,11.15
2008-04-23 00:00:00+05:30,109.40567252999952,111.88994640845608,107.16494791859732,110.282470703125,1432136,0.0,0.0,PARSVNATH.NS,Parsvnath Developers Limited,Real Estate,Real Estate - Development,8037194752,,0.017,,26.19,11.15
2008-04-24 00:00:00+05:30,111.79252871542775,113.47306851021861,109.62487550575486,110.57474517822266,1846796,0.0,0.0,PARSVNATH.NS,Parsvnath Developers Limited,Real Estate,Real Estate - Development,8037194752,,0.017,,26.19,11.15
2008-04-25 00:00:00+05:30,112.76675954157808,113.83840760574496,108.1878962525191,109.52745819091797,866634,0.0,0.0,PARSVNATH.NS,Parsvnath Developers Limited,Real Estate,Real Estate - Development,8037194752,,0.017,,26.19,11.15
2008-04-28 00:00:00+05:30,102.31817713465054,112.37706645925253,102.31817713465054,109.57616424560547,670704,0.0,0.0,PARSVNATH.NS,Parsvnath Developers Limited,Real Estate,Real Estate - Development,8037194752,,0.017,,26.19,11.15
2008-04-29 00:00:00+05:30,107.28672877396401,114.22809488079255,107.28672877396401,113.52178192138672,960528,0.0,0.0,PARSVNATH.NS,Parsvnath Developers Limited,Real Estate,Real Estate - Development,8037194752,,0.017,,26.19,11.15
2008-04-30 00:00:00+05:30,114.4716525139784,117.27255464995872,112.13350663565134,112.93724822998047,975994,0.0,0.0,PARSVNATH.NS,Parsvnath Developers Limited,Real Estate,Real Estate - Development,8037194752,,0.017,,26.19,11.15
2008-05-02 00:00:00+05:30,114.47165523376782,115.93299551334783,113.76534225185635,115.10490417480469,615860,0.0,0.0,PARSVNATH.NS,Parsvnath Developers Limited,Real Estate,Real Estate - Development,8037194752,,0.017,,26.19,11.15
2008-05-05 00:00:00+05:30,116.42010285765907,119.31842610752147,115.10489816130041,116.83415222167969,1032448,0.0,0.0,PARSVNATH.NS,Parsvnath Developers Limited,Real Estate,Real Estate - Development,8037194752,,0.017,,26.19,11.15
2008-05-06 00:00:00+05:30,112.06044128009755,117.36997446760896,111.13492134290257,112.23092651367188,537152,0.0,0.0,PARSVNATH.NS,Parsvnath Developers Limited,Real Estate,Real Estate - Development,8037194752,,0.017,,26.19,11.15
2008-05-07 00:00:00+05:30,107.91997945625342,112.47448546383545,107.91997945625342,109.9902114868164,483106,0.0,0.0,PARSVNATH.NS,Parsvnath Developers Limited,Real Estate,Real Estate - Development,8037194752,,0.017,,26.19,11.15
2008-05-08 00:00:00+05:30,104.99730194728973,110.57474926739695,104.99730194728973,108.72371673583984,415532,0.0,0.0,PARSVNATH.NS,Parsvnath Developers Limited,Real Estate,Real Estate - Development,8037194752,,0.017,,26.19,11.15
2008-05-09 00:00:00+05:30,105.3382735099821,111.06185600127593,104.77809606904485,105.5087661743164,495224,0.0,0.0,PARSVNATH.NS,Parsvnath Developers Limited,Real Estate,Real Estate - Development,8037194752,,0.017,,26.19,11.15
2008-05-12 00:00:00+05:30,103.26804759306067,105.70361475327437,100.85683759100132,103.51160430908203,445652,0.0,0.0,PARSVNATH.NS,Parsvnath Developers Limited,Real Estate,Real Estate - Development,8037194752,,0.017,,26.19,11.15
2008-05-13 00:00:00+05:30,105.21649906023043,106.43428261416828,100.95425662144794,102.0989761352539,664004,0.0,0.0,PARSVNATH.NS,Parsvnath Developers Limited,Real Estate,Real Estate - Development,8037194752,,0.017,,26.19,11.15
2008-05-14 00:00:00+05:30,100.34536455434667,103.26804507534706,100.34536455434667,102.63479614257812,271296,0.0,0.0,PARSVNATH.NS,Parsvnath Developers Limited,Real Estate,Real Estate - Development,8037194752,,0.017,,26.19,11.15
2008-05-15 00:00:00+05:30,102.63479783450065,109.08905075810743,102.63479783450065,107.7494888305664,628860,0.0,0.0,PARSVNATH.NS,Parsvnath Developers Limited,Real Estate,Real Estate - Development,8037194752,,0.017,,26.19,11.15
2008-05-16 00:00:00+05:30,108.72371527589057,109.55180661414192,107.16495379810668,108.82113647460938,627108,0.0,0.0,PARSVNATH.NS,Parsvnath Developers Limited,Real Estate,Real Estate - Development,8037194752,,0.017,,26.19,11.15
2008-05-20 00:00:00+05:30,108.38273379106302,111.2810570957775,107.65206367561765,109.33260345458984,733256,0.0,0.0,PARSVNATH.NS,Parsvnath Developers Limited,Real Estate,Real Estate - Development,8037194752,,0.017,,26.19,11.15
2008-05-21 00:00:00+05:30,108.62628905017313,110.57474266542287,106.6778354349234,109.43002319335938,396896,0.0,0.0,PARSVNATH.NS,Parsvnath Developers Limited,Real Estate,Real Estate - Development,8037194752,,0.017,,26.19,11.15
2008-05-22 00:00:00+05:30,108.62629331741931,108.77242883085592,106.92139633710107,107.31108856201172,297140,0.0,0.0,PARSVNATH.NS,Parsvnath Developers Limited,Real Estate,Real Estate - Development,8037194752,,0.017,,26.19,11.15
2008-05-23 00:00:00+05:30,107.65206484206165,108.57757735854969,103.17062290532438,103.48724365234375,387208,0.0,0.0,PARSVNATH.NS,Parsvnath Developers Limited,Real Estate,Real Estate - Development,8037194752,,0.017,,26.19,11.15
2008-05-26 00:00:00+05:30,101.31958903194818,102.29381584956307,98.39690857910352,99.39549255371094,399416,0.0,0.0,PARSVNATH.NS,Parsvnath Developers Limited,Real Estate,Real Estate - Development,8037194752,,0.017,,26.19,11.15
2008-05-27 00:00:00+05:30,101.12474831817093,102.09897515193843,97.64188292779559,98.2264175415039,350116,0.0,0.0,PARSVNATH.NS,Parsvnath Developers Limited,Real Estate,Real Estate - Development,8037194752,,0.017,,26.19,11.15
2008-05-28 00:00:00+05:30,99.37113999224256,101.58750759136686,96.52152344583116,100.12616729736328,632788,0.0,0.0,PARSVNATH.NS,Parsvnath Developers Limited,Real Estate,Real Estate - Development,8037194752,,0.017,,26.19,11.15
2008-05-29 00:00:00+05:30,101.22216926073953,101.90412506955946,96.69201300854759,97.20348358154297,447258,0.0,0.0,PARSVNATH.NS,Parsvnath Developers Limited,Real Estate,Real Estate - Development,8037194752,,0.017,,26.19,11.15
2008-05-30 00:00:00+05:30,99.03015778505655,99.03015778505655,95.62036391348974,96.22925567626953,354312,0.0,0.0,PARSVNATH.NS,Parsvnath Developers Limited,Real Estate,Real Estate - Development,8037194752,,0.017,,26.19,11.15
2008-06-02 00:00:00+05:30,97.81237365041324,98.39690825248975,92.55154736620322,93.379638671875,334442,0.0,0.0,PARSVNATH.NS,Parsvnath Developers Limited,Real Estate,Real Estate - Development,8037194752,,0.017,,26.19,11.15
2008-06-03 00:00:00+05:30,92.55154777583866,93.18479669454129,89.8724240244328,92.04007720947266,355848,0.0,0.0,PARSVNATH.NS,Parsvnath Developers Limited,Real Estate,Real Estate - Development,8037194752,,0.017,,26.19,11.15
2008-06-04 00:00:00+05:30,93.30657525209287,93.47706048608265,88.67899785312322,89.40966796875,296048,0.0,0.0,PARSVNATH.NS,Parsvnath Developers Limited,Real Estate,Real Estate - Development,8037194752,,0.017,,26.19,11.15
2008-06-05 00:00:00+05:30,89.21482289823149,90.11598572862218,86.24343539602552,89.33660125732422,310788,0.0,0.0,PARSVNATH.NS,Parsvnath Developers Limited,Real Estate,Real Estate - Development,8037194752,,0.017,,26.19,11.15
2008-06-06 00:00:00+05:30,90.11598027939549,91.0902070932268,85.78067393095048,86.82796478271484,346948,0.0,0.0,PARSVNATH.NS,Parsvnath Developers Limited,Real Estate,Real Estate - Development,8037194752,,0.017,,26.19,11.15
2008-06-09 00:00:00+05:30,83.90528775019138,84.27062282022125,80.15451585110368,82.39523315429688,422994,0.0,0.0,PARSVNATH.NS,Parsvnath Developers Limited,Real Estate,Real Estate - Development,8037194752,,0.017,,26.19,11.15
2008-06-10 00:00:00+05:30,82.27345557768355,84.27062361922039,79.64304602163314,80.51985168457031,389246,0.0,0.0,PARSVNATH.NS,Parsvnath Developers Limited,Real Estate,Real Estate - Development,8037194752,,0.017,,26.19,11.15
2008-06-11 00:00:00+05:30,81.83505298818022,83.68608543517931,80.42242707041713,82.59008026123047,533422,0.0,0.0,PARSVNATH.NS,Parsvnath Developers Limited,Real Estate,Real Estate - Development,8037194752,,0.017,,26.19,11.15
2008-06-12 00:00:00+05:30,81.20180473314369,83.24767958805957,78.54703810993375,82.27345275878906,473956,0.0,0.0,PARSVNATH.NS,Parsvnath Developers Limited,Real Estate,Real Estate - Development,8037194752,,0.017,,26.19,11.15
2008-06-13 00:00:00+05:30,82.80927697372105,83.27203321143386,79.64303991296113,80.42242431640625,386556,0.0,0.0,PARSVNATH.NS,Parsvnath Developers Limited,Real Estate,Real Estate - Development,8037194752,,0.017,,26.19,11.15
2008-06-16 00:00:00+05:30,82.61443907524543,84.17320053401666,80.93389182860987,81.42100524902344,773336,0.0,0.0,PARSVNATH.NS,Parsvnath Developers Limited,Real Estate,Real Estate - Development,8037194752,,0.017,,26.19,11.15
2008-06-17 00:00:00+05:30,82.61444107406598,84.58724452826331,80.42243062917018,83.90528869628906,597500,0.0,0.0,PARSVNATH.NS,Parsvnath Developers Limited,Real Estate,Real Estate - Development,8037194752,,0.017,,26.19,11.15
2008-06-18 00:00:00+05:30,85.24484781363812,85.53711883638923,81.37229764237074,82.00554656982422,641800,0.0,0.0,PARSVNATH.NS,Parsvnath Developers Limited,Real Estate,Real Estate - Development,8037194752,,0.017,,26.19,11.15
2008-06-19 00:00:00+05:30,81.39665848505918,81.39665848505918,78.62010594149449,79.13157653808594,505572,0.0,0.0,PARSVNATH.NS,Parsvnath Developers Limited,Real Estate,Real Estate - Development,8037194752,,0.017,,26.19,11.15
2008-06-20 00:00:00+05:30,78.42525681614394,80.22757489617402,73.70025835787247,74.08995056152344,1374344,0.0,0.0,PARSVNATH.NS,Parsvnath Developers Limited,Real Estate,Real Estate - Development,8037194752,,0.017,,26.19,11.15
2008-06-23 00:00:00+05:30,72.57989637803298,74.91804217743449,69.68157314344889,70.1199722290039,1020836,0.0,0.0,PARSVNATH.NS,Parsvnath Developers Limited,Real Estate,Real Estate - Development,8037194752,,0.017,,26.19,11.15
2008-06-24 00:00:00+05:30,70.89936064171762,71.04549615607161,67.73312337267897,68.80477142333984,466936,0.0,0.0,PARSVNATH.NS,Parsvnath Developers Limited,Real Estate,Real Estate - Development,8037194752,,0.017,,26.19,11.15
2008-06-25 00:00:00+05:30,66.73454140694474,71.60567581621078,65.32191540136209,70.48531341552734,884224,0.0,0.0,PARSVNATH.NS,Parsvnath Developers Limited,Real Estate,Real Estate - Development,8037194752,,0.017,,26.19,11.15
2008-06-26 00:00:00+05:30,71.50824958718287,72.0440698748745,65.27319649512614,66.36920166015625,1706660,0.0,0.0,PARSVNATH.NS,Parsvnath Developers Limited,Real Estate,Real Estate - Development,8037194752,,0.017,,26.19,11.15
2008-06-27 00:00:00+05:30,65.07835400620932,67.3190712138604,63.373457085431866,64.27461242675781,913860,0.0,0.0,PARSVNATH.NS,Parsvnath Developers Limited,Real Estate,Real Estate - Development,8037194752,,0.017,,26.19,11.15
2008-06-30 00:00:00+05:30,63.32474289817448,65.27319652581062,58.45360882908413,59.281700134277344,823640,0.0,0.0,PARSVNATH.NS,Parsvnath Developers Limited,Real Estate,Real Estate - Development,8037194752,,0.017,,26.19,11.15
2008-07-01 00:00:00+05:30,60.402063974974794,60.402063974974794,55.53092978344457,56.04240036010742,593642,0.0,0.0,PARSVNATH.NS,Parsvnath Developers Limited,Real Estate,Real Estate - Development,8037194752,,0.017,,26.19,11.15
2008-07-02 00:00:00+05:30,56.01804416272093,61.717269777941205,51.487887800400856,59.11121368408203,1302580,0.0,0.0,PARSVNATH.NS,Parsvnath Developers Limited,Real Estate,Real Estate - Development,8037194752,,0.017,,26.19,11.15
2008-07-03 00:00:00+05:30,58.89201265215673,58.9407232504099,53.704254036013985,55.01945877075195,976932,0.0,0.0,PARSVNATH.NS,Parsvnath Developers Limited,Real Estate,Real Estate - Development,8037194752,,0.017,,26.19,11.15
2008-07-04 00:00:00+05:30,54.55670088098404,58.940721487491686,53.87474137669568,57.23582458496094,1397572,0.0,0.0,PARSVNATH.NS,Parsvnath Developers Limited,Real Estate,Real Estate - Development,8037194752,,0.017,,26.19,11.15
2008-07-07 00:00:00+05:30,56.0180417956943,59.64703519068931,56.0180417956943,57.18711471557617,916570,0.0,0.0,PARSVNATH.NS,Parsvnath Developers Limited,Real Estate,Real Estate - Development,8037194752,,0.017,,26.19,11.15
2008-07-08 00:00:00+05:30,55.96933219089174,57.284536926346206,54.55670254249742,56.06675338745117,684310,0.0,0.0,PARSVNATH.NS,Parsvnath Developers Limited,Real Estate,Real Estate - Development,8037194752,,0.017,,26.19,11.15
2008-07-09 00:00:00+05:30,57.47938388064826,59.81752979624377,57.47938388064826,58.89201354980469,1353100,0.0,0.0,PARSVNATH.NS,Parsvnath Developers Limited,Real Estate,Real Estate - Development,8037194752,,0.017,,26.19,11.15
2008-07-10 00:00:00+05:30,60.25592928838869,61.619848367259685,58.015208272855354,59.647037506103516,1322822,0.0,0.0,PARSVNATH.NS,Parsvnath Developers Limited,Real Estate,Real Estate - Development,8037194752,,0.017,,26.19,11.15
2008-07-11 00:00:00+05:30,59.42783592615753,62.64278740018511,55.628349847605136,56.11546325683594,1043052,0.0,0.0,PARSVNATH.NS,Parsvnath Developers Limited,Real Estate,Real Estate - Development,8037194752,,0.017,,26.19,11.15
2008-07-14 00:00:00+05:30,55.92062331218515,56.99227137281405,54.55670422012969,55.16559600830078,645632,0.0,0.0,PARSVNATH.NS,Parsvnath Developers Limited,Real Estate,Real Estate - Development,8037194752,,0.017,,26.19,11.15
2008-07-15 00:00:00+05:30,54.06958811277605,54.84896881977423,52.29162343606185,52.73002624511719,824480,0.0,0.0,PARSVNATH.NS,Parsvnath Developers Limited,Real Estate,Real Estate - Development,8037194752,,0.017,,26.19,11.15
2008-07-16 00:00:00+05:30,52.6082493570091,54.069589616926024,48.540853043516435,50.270103454589844,2253592,0.0,0.0,PARSVNATH.NS,Parsvnath Developers Limited,Real Estate,Real Estate - Development,8037194752,,0.017,,26.19,11.15
2008-07-17 00:00:00+05:30,52.6082482077621,54.26443454276402,51.68273198675688,52.70566940307617,1185228,0.0,0.0,PARSVNATH.NS,Parsvnath Developers Limited,Real Estate,Real Estate - Development,8037194752,,0.017,,26.19,11.15
2008-07-18 00:00:00+05:30,53.5094078505124,56.529513250859445,52.12113536217905,54.24007797241211,1173222,0.0,0.0,PARSVNATH.NS,Parsvnath Developers Limited,Real Estate,Real Estate - Development,8037194752,,0.017,,26.19,11.15
2008-07-21 00:00:00+05:30,54.995103737040985,55.14123552756824,52.80309343170935,54.605411529541016,727440,0.0,0.0,PARSVNATH.NS,Parsvnath Developers Limited,Real Estate,Real Estate - Development,8037194752,,0.017,,26.19,11.15
2008-07-22 00:00:00+05:30,54.069588294721775,56.13982027897914,53.58247488666122,54.288787841796875,991820,0.0,0.0,PARSVNATH.NS,Parsvnath Developers Limited,Real Estate,Real Estate - Development,8037194752,,0.017,,26.19,11.15
2008-07-23 00:00:00+05:30,56.01804310423324,59.13556972461449,56.01804310423324,58.40489959716797,1065296,0.0,0.0,PARSVNATH.NS,Parsvnath Developers Limited,Real Estate,Real Estate - Development,8037194752,,0.017,,26.19,11.15
2008-07-24 00:00:00+05:30,59.9149515827363,60.88917843774014,57.55245220262809,59.11121368408203,1157184,0.0,0.0,PARSVNATH.NS,Parsvnath Developers Limited,Real Estate,Real Estate - Development,8037194752,,0.017,,26.19,11.15
2008-07-25 00:00:00+05:30,56.55386709733895,59.69575087386806,56.55386709733895,57.35760498046875,980650,0.0,0.0,PARSVNATH.NS,Parsvnath Developers Limited,Real Estate,Real Estate - Development,8037194752,,0.017,,26.19,11.15
2008-07-28 00:00:00+05:30,57.52809551013746,58.69716848887668,56.26160133166188,56.72435760498047,618736,0.0,0.0,PARSVNATH.NS,Parsvnath Developers Limited,Real Estate,Real Estate - Development,8037194752,,0.017,,26.19,11.15
2008-07-29 00:00:00+05:30,55.77448457644927,57.381960290968934,54.06958766799885,54.337501525878906,1029138,0.0,0.0,PARSVNATH.NS,Parsvnath Developers Limited,Real Estate,Real Estate - Development,8037194752,,0.017,,26.19,11.15
2008-07-30 00:00:00+05:30,55.969332902509706,55.969332902509706,54.629770992693416,54.97074890136719,624944,0.0,0.0,PARSVNATH.NS,Parsvnath Developers Limited,Real Estate,Real Estate - Development,8037194752,,0.017,,26.19,11.15
2008-07-31 00:00:00+05:30,55.33608241240315,55.530928518903444,53.07100432164548,54.288787841796875,1525132,0.0,0.0,PARSVNATH.NS,Parsvnath Developers Limited,Real Estate,Real Estate - Development,8037194752,,0.017,,26.19,11.15
2008-08-01 00:00:00+05:30,53.48505454289087,57.96649648182427,52.16984609036576,57.11404800415039,1215016,0.0,0.0,PARSVNATH.NS,Parsvnath Developers Limited,Real Estate,Real Estate - Development,8037194752,,0.017,,26.19,11.15
2008-08-04 00:00:00+05:30,56.84613253406643,60.353351258739984,56.62693298969072,59.0625,1094068,0.0,0.0,PARSVNATH.NS,Parsvnath Developers Limited,Real Estate,Real Estate - Development,8037194752,,0.017,,26.19,11.15
2008-08-05 00:00:00+05:30,59.232990152393214,62.59407343826895,58.45360943651575,61.8634033203125,1822618,0.0,0.0,PARSVNATH.NS,Parsvnath Developers Limited,Real Estate,Real Estate - Development,8037194752,,0.017,,26.19,11.15
2008-08-06 00:00:00+05:30,64.25025602605233,64.29897034032355,60.40206304697061,60.81610870361328,1251024,0.0,0.0,PARSVNATH.NS,Parsvnath Developers Limited,Real Estate,Real Estate - Development,8037194752,,0.017,,26.19,11.15
2008-08-07 00:00:00+05:30,60.35335296442988,63.69007911957917,59.69575059633746,62.618431091308594,1436544,0.0,0.0,PARSVNATH.NS,Parsvnath Developers Limited,Real Estate,Real Estate - Development,8037194752,,0.017,,26.19,11.15
2008-08-08 00:00:00+05:30,61.9121149147505,63.56830128538529,61.01095583137553,62.058250427246094,703648,0.0,0.0,PARSVNATH.NS,Parsvnath Developers Limited,Real Estate,Real Estate - Development,8037194752,,0.017,,26.19,11.15
2008-08-11 00:00:00+05:30,63.324743766493086,64.54252730046412,62.76456631397075,63.15425109863281,975240,0.0,0.0,PARSVNATH.NS,Parsvnath Developers Limited,Real Estate,Real Estate - Development,8037194752,,0.017,,26.19,11.15
2008-08-12 00:00:00+05:30,64.10412690831173,64.25025498323207,61.376288874134794,61.93647003173828,636930,0.0,0.0,PARSVNATH.NS,Parsvnath Developers Limited,Real Estate,Real Estate - Development,8037194752,,0.017,,26.19,11.15
2008-08-13 00:00:00+05:30,61.81469162462372,62.20438011745177,59.81752741428651,60.88917541503906,785380,0.0,0.0,PARSVNATH.NS,Parsvnath Developers Limited,Real Estate,Real Estate - Development,8037194752,,0.017,,26.19,11.15
2008-08-14 00:00:00+05:30,60.37770701825887,61.35193385980483,56.65129232244993,57.333248138427734,837096,0.0,0.0,PARSVNATH.NS,Parsvnath Developers Limited,Real Estate,Real Estate - Development,8037194752,,0.017,,26.19,11.15
2008-08-18 00:00:00+05:30,57.4793827947253,58.42925246452665,56.01804255418144,56.87049102783203,857504,0.0,0.0,PARSVNATH.NS,Parsvnath Developers Limited,Real Estate,Real Estate - Development,8037194752,,0.017,,26.19,11.15
2008-08-19 00:00:00+05:30,56.091111854093505,57.64987333371252,55.18995275755187,56.23724365234375,647288,0.0,0.0,PARSVNATH.NS,Parsvnath Developers Limited,Real Estate,Real Estate - Development,8037194752,,0.017,,26.19,11.15
2008-08-20 00:00:00+05:30,56.72435760087698,58.453611768926606,55.57964178034494,57.77165222167969,580560,0.0,0.0,PARSVNATH.NS,Parsvnath Developers Limited,Real Estate,Real Estate - Development,8037194752,,0.017,,26.19,11.15
2008-08-21 00:00:00+05:30,57.47938346005666,57.72294016963317,55.77448649302108,56.04240036010742,465348,0.0,0.0,PARSVNATH.NS,Parsvnath Developers Limited,Real Estate,Real Estate - Development,8037194752,,0.017,,26.19,11.15
2008-08-22 00:00:00+05:30,55.96933370266791,56.96791400170603,54.87332848805841,55.701419830322266,672800,0.0,0.0,PARSVNATH.NS,Parsvnath Developers Limited,Real Estate,Real Estate - Development,8037194752,,0.017,,26.19,11.15
2008-08-25 00:00:00+05:30,56.82178007410532,57.430671837187504,55.55528595017046,55.84755325317383,424076,0.0,0.0,PARSVNATH.NS,Parsvnath Developers Limited,Real Estate,Real Estate - Development,8037194752,,0.017,,26.19,11.15
2008-08-26 00:00:00+05:30,54.556702730948466,55.77448627404999,54.36185662077613,55.53092956542969,524360,0.0,0.0,PARSVNATH.NS,Parsvnath Developers Limited,Real Estate,Real Estate - Development,8037194752,,0.017,,26.19,11.15
2008-08-27 00:00:00+05:30,55.969331885875135,56.01804248388939,54.62977000039082,54.775901794433594,405218,0.0,0.0,PARSVNATH.NS,Parsvnath Developers Limited,Real Estate,Real Estate - Development,8037194752,,0.017,,26.19,11.15
2008-08-28 00:00:00+05:30,55.2630168913995,55.96933359146166,53.85039092403622,55.1899528503418,1076458,0.0,0.0,PARSVNATH.NS,Parsvnath Developers Limited,Real Estate,Real Estate - Development,8037194752,,0.017,,26.19,11.15
2008-08-29 00:00:00+05:30,56.505157470703125,56.96791373929892,56.01804404423155,56.505157470703125,336700,0.0,0.0,PARSVNATH.NS,Parsvnath Developers Limited,Real Estate,Real Estate - Development,8037194752,,0.017,,26.19,11.15
2008-09-01 00:00:00+05:30,56.01804170782315,58.89201154741363,55.5796388990076,58.5023193359375,582938,0.0,0.0,PARSVNATH.NS,Parsvnath Developers Limited,Real Estate,Real Estate - Development,8037194752,,0.017,,26.19,11.15
2008-09-02 00:00:00+05:30,58.940723824599054,61.230155412225514,58.45361040456105,60.7430419921875,715972,0.0,0.0,PARSVNATH.NS,Parsvnath Developers Limited,Real Estate,Real Estate - Development,8037194752,,0.017,,26.19,11.15
2008-09-04 00:00:00+05:30,60.4020650145496,60.499486213504724,58.940724731939525,60.15850830078125,392000,0.0,0.0,PARSVNATH.NS,Parsvnath Developers Limited,Real Estate,Real Estate - Development,8037194752,,0.017,,26.19,11.15
2008-09-05 00:00:00+05:30,58.57538812094889,61.692914718479216,58.45360976726708,59.74446105957031,572664,0.0,0.0,PARSVNATH.NS,Parsvnath Developers Limited,Real Estate,Real Estate - Development,8037194752,,0.017,,26.19,11.15
2008-09-08 00:00:00+05:30,60.402061738163596,62.5940720431776,60.280283387885035,60.6456184387207,418870,0.0,0.0,PARSVNATH.NS,Parsvnath Developers Limited,Real Estate,Real Estate - Development,8037194752,,0.017,,26.19,11.15
2008-09-09 00:00:00+05:30,60.353352952525526,60.88917696655513,59.914950135090244,60.25592803955078,212956,0.0,0.0,PARSVNATH.NS,Parsvnath Developers Limited,Real Estate,Real Estate - Development,8037194752,,0.017,,26.19,11.15
2008-09-10 00:00:00+05:30,59.42783710495435,60.84046676302034,58.697166976614746,59.18428039550781,266004,0.0,0.0,PARSVNATH.NS,Parsvnath Developers Limited,Real Estate,Real Estate - Development,8037194752,,0.017,,26.19,11.15
2008-09-11 00:00:00+05:30,58.45361150411932,58.94072493332032,57.01662837452861,57.52809524536133,256430,0.0,0.0,PARSVNATH.NS,Parsvnath Developers Limited,Real Estate,Real Estate - Development,8037194752,,0.017,,26.19,11.15
2008-09-12 00:00:00+05:30,58.35618707380019,58.35618707380019,56.529511815434745,56.70000076293945,291596,0.0,0.0,PARSVNATH.NS,Parsvnath Developers Limited,Real Estate,Real Estate - Development,8037194752,,0.017,,26.19,11.15
2008-09-15 00:00:00+05:30,56.95000076293945,57.0,52.5,54.474998474121094,655362,129.79875,0.0,PARSVNATH.NS,Parsvnath Developers Limited,Real Estate,Real Estate - Development,8037194752,,0.017,,26.19,11.15
2008-09-16 00:00:00+05:30,51.67499923706055,53.375,50.75,52.29999923706055,559312,0.0,0.0,PARSVNATH.NS,Parsvnath Developers Limited,Real Estate,Real Estate - Development,8037194752,,0.017,,26.19,11.15
2008-09-17 00:00:00+05:30,52.95000076293945,53.5,50.525001525878906,51.20000076293945,304028,0.0,0.0,PARSVNATH.NS,Parsvnath Developers Limited,Real Estate,Real Estate - Development,8037194752,,0.017,,26.19,11.15
2008-09-18 00:00:00+05:30,48.5,52.45000076293945,47.17499923706055,51.474998474121094,548764,0.0,0.0,PARSVNATH.NS,Parsvnath Developers Limited,Real Estate,Real Estate - Development,8037194752,,0.017,,26.19,11.15
2008-09-19 00:00:00+05:30,54.45000076293945,54.650001525878906,52.32500076293945,54.17499923706055,493602,0.0,0.0,PARSVNATH.NS,Parsvnath Developers Limited,Real Estate,Real Estate - Development,8037194752,,0.017,,26.19,11.15
2008-09-22 00:00:00+05:30,54.95000076293945,55.5,52.0,53.29999923706055,302210,0.0,0.0,PARSVNATH.NS,Parsvnath Developers Limited,Real Estate,Real Estate - Development,8037194752,,0.017,,26.19,11.15
2008-09-23 00:00:00+05:30,52.5,53.0,50.54999923706055,51.400001525878906,284016,0.0,0.0,PARSVNATH.NS,Parsvnath Developers Limited,Real Estate,Real Estate - Development,8037194752,,0.017,,26.19,11.15
2008-09-24 00:00:00+05:30,52.349998474121094,52.92499923706055,50.625,51.849998474121094,296316,0.0,0.0,PARSVNATH.NS,Parsvnath Developers Limited,Real Estate,Real Estate - Development,8037194752,,0.017,,26.19,11.15
2008-09-25 00:00:00+05:30,52.400001525878906,52.400001525878906,49.099998474121094,50.0,1223354,0.0,0.0,PARSVNATH.NS,Parsvnath Developers Limited,Real Estate,Real Estate - Development,8037194752,,0.017,,26.19,11.15
2008-09-26 00:00:00+05:30,49.45000076293945,50.849998474121094,47.625,48.400001525878906,457136,0.0,0.0,PARSVNATH.NS,Parsvnath Developers Limited,Real Estate,Real Estate - Development,8037194752,,0.017,,26.19,11.15
2008-09-29 00:00:00+05:30,48.0,48.849998474121094,43.25,44.75,870252,0.0,0.0,PARSVNATH.NS,Parsvnath Developers Limited,Real Estate,Real Estate - Development,8037194752,,0.017,,26.19,11.15
2008-09-30 00:00:00+05:30,43.0,46.70000076293945,40.525001525878906,45.375,992060,0.0,0.0,PARSVNATH.NS,Parsvnath Developers Limited,Real Estate,Real Estate - Development,8037194752,,0.017,,26.19,11.15
2008-10-01 00:00:00+05:30,46.0,46.775001525878906,45.0,45.599998474121094,290388,0.0,0.0,PARSVNATH.NS,Parsvnath Developers Limited,Real Estate,Real Estate - Development,8037194752,,0.017,,26.19,11.15
2008-10-03 00:00:00+05:30,45.5,45.599998474121094,43.5,43.75,366784,0.0,0.0,PARSVNATH.NS,Parsvnath Developers Limited,Real Estate,Real Estate - Development,8037194752,,0.017,,26.19,11.15
2008-10-06 00:00:00+05:30,43.349998474121094,43.349998474121094,39.0,39.400001525878906,432966,0.0,0.0,PARSVNATH.NS,Parsvnath Developers Limited,Real Estate,Real Estate - Development,8037194752,,0.017,,26.19,11.15
2008-10-07 00:00:00+05:30,39.5,41.75,38.025001525878906,38.775001525878906,546912,0.0,0.0,PARSVNATH.NS,Parsvnath Developers Limited,Real Estate,Real Estate - Development,8037194752,,0.017,,26.19,11.15
2008-10-08 00:00:00+05:30,37.5,37.5,34.0,36.025001525878906,758916,0.0,0.0,PARSVNATH.NS,Parsvnath Developers Limited,Real Estate,Real Estate - Development,8037194752,,0.017,,26.19,11.15
2008-10-10 00:00:00+05:30,34.5,35.875,31.25,35.07500076293945,808602,0.0,0.0,PARSVNATH.NS,Parsvnath Developers Limited,Real Estate,Real Estate - Development,8037194752,,0.017,,26.19,11.15
2008-10-13 00:00:00+05:30,35.07500076293945,40.95000076293945,35.07500076293945,39.724998474121094,717552,0.0,0.0,PARSVNATH.NS,Parsvnath Developers Limited,Real Estate,Real Estate - Development,8037194752,,0.017,,26.19,11.15
2008-10-14 00:00:00+05:30,42.5,43.474998474121094,41.04999923706055,42.650001525878906,852542,0.0,0.0,PARSVNATH.NS,Parsvnath Developers Limited,Real Estate,Real Estate - Development,8037194752,,0.017,,26.19,11.15
2008-10-15 00:00:00+05:30,42.5,42.5,38.32500076293945,39.224998474121094,434404,0.0,0.0,PARSVNATH.NS,Parsvnath Developers Limited,Real Estate,Real Estate - Development,8037194752,,0.017,,26.19,11.15
2008-10-16 00:00:00+05:30,38.70000076293945,40.849998474121094,35.150001525878906,39.375,464336,0.0,0.0,PARSVNATH.NS,Parsvnath Developers Limited,Real Estate,Real Estate - Development,8037194752,,0.017,,26.19,11.15
2008-10-17 00:00:00+05:30,40.0,41.5,34.150001525878906,35.04999923706055,389912,0.0,0.0,PARSVNATH.NS,Parsvnath Developers Limited,Real Estate,Real Estate - Development,8037194752,,0.017,,26.19,11.15
2008-10-20 00:00:00+05:30,36.5,36.5,31.549999237060547,32.25,525084,0.0,0.0,PARSVNATH.NS,Parsvnath Developers Limited,Real Estate,Real Estate - Development,8037194752,,0.017,,26.19,11.15
2008-10-21 00:00:00+05:30,34.0,34.20000076293945,32.25,33.57500076293945,599264,0.0,0.0,PARSVNATH.NS,Parsvnath Developers Limited,Real Estate,Real Estate - Development,8037194752,,0.017,,26.19,11.15
2008-10-22 00:00:00+05:30,32.5,33.375,30.325000762939453,30.700000762939453,381366,0.0,0.0,PARSVNATH.NS,Parsvnath Developers Limited,Real Estate,Real Estate - Development,8037194752,,0.017,,26.19,11.15
2008-10-23 00:00:00+05:30,30.0,30.625,28.0,28.625,478576,0.0,0.0,PARSVNATH.NS,Parsvnath Developers Limited,Real Estate,Real Estate - Development,8037194752,,0.017,,26.19,11.15
2008-10-24 00:00:00+05:30,28.049999237060547,28.5,21.049999237060547,22.424999237060547,782416,0.0,0.0,PARSVNATH.NS,Parsvnath Developers Limited,Real Estate,Real Estate - Development,8037194752,,0.017,,26.19,11.15
2008-10-27 00:00:00+05:30,21.0,24.0,18.274999618530273,21.725000381469727,1487414,0.0,0.0,PARSVNATH.NS,Parsvnath Developers Limited,Real Estate,Real Estate - Development,8037194752,,0.017,,26.19,11.15
2008-10-29 00:00:00+05:30,25.850000381469727,26.950000762939453,18.774999618530273,19.725000381469727,3848740,0.0,0.0,PARSVNATH.NS,Parsvnath Developers Limited,Real Estate,Real Estate - Development,8037194752,,0.017,,26.19,11.15
2008-10-31 00:00:00+05:30,20.75,22.0,19.700000762939453,20.100000381469727,1809664,0.0,0.0,PARSVNATH.NS,Parsvnath Developers Limited,Real Estate,Real Estate - Development,8037194752,,0.017,,26.19,11.15
2008-11-03 00:00:00+05:30,21.225000381469727,23.725000381469727,21.125,22.549999237060547,2841886,0.0,0.0,PARSVNATH.NS,Parsvnath Developers Limited,Real Estate,Real Estate - Development,8037194752,,0.017,,26.19,11.15
2008-11-04 00:00:00+05:30,23.049999237060547,25.149999618530273,21.799999237060547,25.0,1844472,0.0,0.0,PARSVNATH.NS,Parsvnath Developers Limited,Real Estate,Real Estate - Development,8037194752,,0.017,,26.19,11.15
2008-11-05 00:00:00+05:30,26.975000381469727,27.450000762939453,24.0,24.25,2123088,0.0,0.0,PARSVNATH.NS,Parsvnath Developers Limited,Real Estate,Real Estate - Development,8037194752,,0.017,,26.19,11.15
2008-11-06 00:00:00+05:30,23.0,24.649999618530273,22.0,23.524999618530273,1209952,0.0,0.0,PARSVNATH.NS,Parsvnath Developers Limited,Real Estate,Real Estate - Development,8037194752,,0.017,,26.19,11.15
2008-11-07 00:00:00+05:30,23.0,24.0,23.0,23.649999618530273,771188,0.0,0.0,PARSVNATH.NS,Parsvnath Developers Limited,Real Estate,Real Estate - Development,8037194752,,0.017,,26.19,11.15
2008-11-10 00:00:00+05:30,24.0,25.700000762939453,23.75,25.325000762939453,1520412,0.0,0.0,PARSVNATH.NS,Parsvnath Developers Limited,Real Estate,Real Estate - Development,8037194752,,0.017,,26.19,11.15
2008-11-11 00:00:00+05:30,25.100000381469727,25.149999618530273,22.524999618530273,22.825000762939453,878660,0.0,0.0,PARSVNATH.NS,Parsvnath Developers Limited,Real Estate,Real Estate - Development,8037194752,,0.017,,26.19,11.15
2008-11-12 00:00:00+05:30,22.524999618530273,23.350000381469727,21.75,22.375,879182,0.0,0.0,PARSVNATH.NS,Parsvnath Developers Limited,Real Estate,Real Estate - Development,8037194752,,0.017,,26.19,11.15
2008-11-14 00:00:00+05:30,23.75,23.75,21.674999237060547,21.825000762939453,674786,0.0,0.0,PARSVNATH.NS,Parsvnath Developers Limited,Real Estate,Real Estate - Development,8037194752,,0.017,,26.19,11.15
2008-11-17 00:00:00+05:30,22.5,22.5,19.875,20.450000762939453,761090,0.0,0.0,PARSVNATH.NS,Parsvnath Developers Limited,Real Estate,Real Estate - Development,8037194752,,0.017,,26.19,11.15
2008-11-18 00:00:00+05:30,20.0,20.299999237060547,19.174999237060547,19.424999237060547,805594,0.0,0.0,PARSVNATH.NS,Parsvnath Developers Limited,Real Estate,Real Estate - Development,8037194752,,0.017,,26.19,11.15
2008-11-19 00:00:00+05:30,19.5,20.399999618530273,18.600000381469727,18.799999237060547,584572,0.0,0.0,PARSVNATH.NS,Parsvnath Developers Limited,Real Estate,Real Estate - Development,8037194752,,0.017,,26.19,11.15
2008-11-20 00:00:00+05:30,18.799999237060547,18.799999237060547,18.799999237060547,18.799999237060547,0,0.0,0.0,PARSVNATH.NS,Parsvnath Developers Limited,Real Estate,Real Estate - Development,8037194752,,0.017,,26.19,11.15
2008-11-21 00:00:00+05:30,17.5,17.950000762939453,16.75,17.399999618530273,1008704,0.0,0.0,PARSVNATH.NS,Parsvnath Developers Limited,Real Estate,Real Estate - Development,8037194752,,0.017,,26.19,11.15
2008-11-24 00:00:00+05:30,17.450000762939453,18.024999618530273,16.5,16.75,668836,0.0,0.0,PARSVNATH.NS,Parsvnath Developers Limited,Real Estate,Real Estate - Development,8037194752,,0.017,,26.19,11.15
2008-11-25 00:00:00+05:30,17.549999237060547,17.549999237060547,16.674999237060547,16.850000381469727,572888,0.0,0.0,PARSVNATH.NS,Parsvnath Developers Limited,Real Estate,Real Estate - Development,8037194752,,0.017,,26.19,11.15
2008-11-26 00:00:00+05:30,17.0,17.149999618530273,16.100000381469727,16.75,540546,0.0,0.0,PARSVNATH.NS,Parsvnath Developers Limited,Real Estate,Real Estate - Development,8037194752,,0.017,,26.19,11.15
2008-11-27 00:00:00+05:30,16.75,16.75,16.75,16.75,0,0.0,0.0,PARSVNATH.NS,Parsvnath Developers Limited,Real Estate,Real Estate - Development,8037194752,,0.017,,26.19,11.15
2008-11-28 00:00:00+05:30,16.75,18.424999237060547,15.850000381469727,17.625,598828,0.0,0.0,PARSVNATH.NS,Parsvnath Developers Limited,Real Estate,Real Estate - Development,8037194752,,0.017,,26.19,11.15
2008-12-01 00:00:00+05:30,17.950000762939453,18.424999237060547,16.674999237060547,16.825000762939453,487420,0.0,0.0,PARSVNATH.NS,Parsvnath Developers Limited,Real Estate,Real Estate - Development,8037194752,,0.017,,26.19,11.15
2008-12-02 00:00:00+05:30,16.325000762939453,16.600000381469727,15.5,16.399999618530273,298348,0.0,0.0,PARSVNATH.NS,Parsvnath Developers Limited,Real Estate,Real Estate - Development,8037194752,,0.017,,26.19,11.15
2008-12-03 00:00:00+05:30,17.049999237060547,17.5,16.600000381469727,17.200000762939453,421544,0.0,0.0,PARSVNATH.NS,Parsvnath Developers Limited,Real Estate,Real Estate - Development,8037194752,,0.017,,26.19,11.15
2008-12-04 00:00:00+05:30,17.5,19.5,17.049999237060547,19.350000381469727,949108,0.0,0.0,PARSVNATH.NS,Parsvnath Developers Limited,Real Estate,Real Estate - Development,8037194752,,0.017,,26.19,11.15
2008-12-05 00:00:00+05:30,19.5,20.700000762939453,19.200000762939453,19.899999618530273,831636,0.0,0.0,PARSVNATH.NS,Parsvnath Developers Limited,Real Estate,Real Estate - Development,8037194752,,0.017,,26.19,11.15
2008-12-08 00:00:00+05:30,21.350000381469727,22.475000381469727,20.100000381469727,20.325000762939453,862896,0.0,0.0,PARSVNATH.NS,Parsvnath Developers Limited,Real Estate,Real Estate - Development,8037194752,,0.017,,26.19,11.15
2008-12-10 00:00:00+05:30,20.75,21.575000762939453,20.25,21.299999237060547,891004,0.0,0.0,PARSVNATH.NS,Parsvnath Developers Limited,Real Estate,Real Estate - Development,8037194752,,0.017,,26.19,11.15
2008-12-11 00:00:00+05:30,21.424999237060547,22.399999618530273,21.0,21.5,989608,0.0,0.0,PARSVNATH.NS,Parsvnath Developers Limited,Real Estate,Real Estate - Development,8037194752,,0.017,,26.19,11.15
2008-12-12 00:00:00+05:30,21.100000381469727,22.25,20.049999237060547,21.875,637100,0.0,0.0,PARSVNATH.NS,Parsvnath Developers Limited,Real Estate,Real Estate - Development,8037194752,,0.017,,26.19,11.15
2008-12-15 00:00:00+05:30,22.575000762939453,24.0,22.5,23.375,1086570,0.0,0.0,PARSVNATH.NS,Parsvnath Developers Limited,Real Estate,Real Estate - Development,8037194752,,0.017,,26.19,11.15
2008-12-16 00:00:00+05:30,23.5,24.450000762939453,23.049999237060547,23.950000762939453,862424,0.0,0.0,PARSVNATH.NS,Parsvnath Developers Limited,Real Estate,Real Estate - Development,8037194752,,0.017,,26.19,11.15
2008-12-17 00:00:00+05:30,24.5,24.799999237060547,22.049999237060547,22.424999237060547,727876,0.0,0.0,PARSVNATH.NS,Parsvnath Developers Limited,Real Estate,Real Estate - Development,8037194752,,0.017,,26.19,11.15
2008-12-18 00:00:00+05:30,22.5,23.5,21.75,23.25,599380,0.0,0.0,PARSVNATH.NS,Parsvnath Developers Limited,Real Estate,Real Estate - Development,8037194752,,0.017,,26.19,11.15
2008-12-19 00:00:00+05:30,23.299999237060547,25.399999618530273,23.024999618530273,25.075000762939453,1815284,0.0,0.0,PARSVNATH.NS,Parsvnath Developers Limited,Real Estate,Real Estate - Development,8037194752,,0.017,,26.19,11.15
2008-12-22 00:00:00+05:30,25.399999618530273,26.799999237060547,24.649999618530273,25.024999618530273,1430730,0.0,0.0,PARSVNATH.NS,Parsvnath Developers Limited,Real Estate,Real Estate - Development,8037194752,,0.017,,26.19,11.15
2008-12-23 00:00:00+05:30,24.549999237060547,24.975000381469727,23.700000762939453,23.899999618530273,729478,0.0,0.0,PARSVNATH.NS,Parsvnath Developers Limited,Real Estate,Real Estate - Development,8037194752,,0.017,,26.19,11.15
2008-12-24 00:00:00+05:30,23.600000381469727,23.649999618530273,22.700000762939453,23.024999618530273,442214,0.0,0.0,PARSVNATH.NS,Parsvnath Developers Limited,Real Estate,Real Estate - Development,8037194752,,0.017,,26.19,11.15
2008-12-26 00:00:00+05:30,23.25,23.899999618530273,22.049999237060547,22.325000762939453,394776,0.0,0.0,PARSVNATH.NS,Parsvnath Developers Limited,Real Estate,Real Estate - Development,8037194752,,0.017,,26.19,11.15
2008-12-29 00:00:00+05:30,22.25,22.850000381469727,21.549999237060547,22.549999237060547,367894,0.0,0.0,PARSVNATH.NS,Parsvnath Developers Limited,Real Estate,Real Estate - Development,8037194752,,0.017,,26.19,11.15
2008-12-30 00:00:00+05:30,23.899999618530273,23.899999618530273,22.799999237060547,23.549999237060547,357072,0.0,0.0,PARSVNATH.NS,Parsvnath Developers Limited,Real Estate,Real Estate - Development,8037194752,,0.017,,26.19,11.15
2008-12-31 00:00:00+05:30,24.0,24.5,23.5,23.674999237060547,437484,0.0,0.0,PARSVNATH.NS,Parsvnath Developers Limited,Real Estate,Real Estate - Development,8037194752,,0.017,,26.19,11.15
2009-01-02 00:00:00+05:30,26.0,26.975000381469727,25.299999237060547,26.350000381469727,1598020,0.0,0.0,PARSVNATH.NS,Parsvnath Developers Limited,Real Estate,Real Estate - Development,8037194752,,0.017,,26.19,11.15
2009-01-05 00:00:00+05:30,26.950000762939453,27.5,25.549999237060547,26.125,1110498,0.0,0.0,PARSVNATH.NS,Parsvnath Developers Limited,Real Estate,Real Estate - Development,8037194752,,0.017,,26.19,11.15
2009-01-06 00:00:00+05:30,26.0,26.375,25.049999237060547,25.549999237060547,642700,0.0,0.0,PARSVNATH.NS,Parsvnath Developers Limited,Real Estate,Real Estate - Development,8037194752,,0.017,,26.19,11.15
2009-01-07 00:00:00+05:30,26.0,26.0,21.0,21.375,989616,0.0,0.0,PARSVNATH.NS,Parsvnath Developers Limited,Real Estate,Real Estate - Development,8037194752,,0.017,,26.19,11.15
2009-01-09 00:00:00+05:30,21.0,21.75,18.049999237060547,20.75,804488,0.0,0.0,PARSVNATH.NS,Parsvnath Developers Limited,Real Estate,Real Estate - Development,8037194752,,0.017,,26.19,11.15
2009-01-12 00:00:00+05:30,21.0,21.0,19.350000381469727,19.975000381469727,319128,0.0,0.0,PARSVNATH.NS,Parsvnath Developers Limited,Real Estate,Real Estate - Development,8037194752,,0.017,,26.19,11.15
2009-01-13 00:00:00+05:30,20.0,21.0,19.149999618530273,19.924999237060547,465380,0.0,0.0,PARSVNATH.NS,Parsvnath Developers Limited,Real Estate,Real Estate - Development,8037194752,,0.017,,26.19,11.15
2009-01-14 00:00:00+05:30,21.25,21.25,18.225000381469727,20.049999237060547,515046,0.0,0.0,PARSVNATH.NS,Parsvnath Developers Limited,Real Estate,Real Estate - Development,8037194752,,0.017,,26.19,11.15
2009-01-15 00:00:00+05:30,20.0,20.0,18.149999618530273,19.475000381469727,252124,0.0,0.0,PARSVNATH.NS,Parsvnath Developers Limited,Real Estate,Real Estate - Development,8037194752,,0.017,,26.19,11.15
2009-01-16 00:00:00+05:30,19.899999618530273,20.25,18.5,19.649999618530273,297352,0.0,0.0,PARSVNATH.NS,Parsvnath Developers Limited,Real Estate,Real Estate - Development,8037194752,,0.017,,26.19,11.15
2009-01-19 00:00:00+05:30,20.200000762939453,21.0,19.325000762939453,20.549999237060547,357120,0.0,0.0,PARSVNATH.NS,Parsvnath Developers Limited,Real Estate,Real Estate - Development,8037194752,,0.017,,26.19,11.15
2009-01-20 00:00:00+05:30,19.975000381469727,20.350000381469727,19.274999618530273,20.049999237060547,190232,0.0,0.0,PARSVNATH.NS,Parsvnath Developers Limited,Real Estate,Real Estate - Development,8037194752,,0.017,,26.19,11.15
2009-01-21 00:00:00+05:30,19.875,19.924999237060547,18.549999237060547,19.100000381469727,228752,0.0,0.0,PARSVNATH.NS,Parsvnath Developers Limited,Real Estate,Real Estate - Development,8037194752,,0.017,,26.19,11.15
2009-01-22 00:00:00+05:30,19.5,19.549999237060547,18.125,18.700000762939453,271358,0.0,0.0,PARSVNATH.NS,Parsvnath Developers Limited,Real Estate,Real Estate - Development,8037194752,,0.017,,26.19,11.15
2009-01-23 00:00:00+05:30,18.5,18.975000381469727,17.5,17.774999618530273,285400,0.0,0.0,PARSVNATH.NS,Parsvnath Developers Limited,Real Estate,Real Estate - Development,8037194752,,0.017,,26.19,11.15
2009-01-27 00:00:00+05:30,18.0,18.450000762939453,17.575000762939453,18.174999237060547,201942,0.0,0.0,PARSVNATH.NS,Parsvnath Developers Limited,Real Estate,Real Estate - Development,8037194752,,0.017,,26.19,11.15
2009-01-28 00:00:00+05:30,18.450000762939453,19.25,18.0,19.075000762939453,331788,0.0,0.0,PARSVNATH.NS,Parsvnath Developers Limited,Real Estate,Real Estate - Development,8037194752,,0.017,,26.19,11.15
2009-01-29 00:00:00+05:30,19.075000762939453,19.649999618530273,18.125,18.975000381469727,512848,0.0,0.0,PARSVNATH.NS,Parsvnath Developers Limited,Real Estate,Real Estate - Development,8037194752,,0.017,,26.19,11.15
2009-01-30 00:00:00+05:30,19.350000381469727,19.600000381469727,18.75,19.375,289344,0.0,0.0,PARSVNATH.NS,Parsvnath Developers Limited,Real Estate,Real Estate - Development,8037194752,,0.017,,26.19,11.15
2009-02-02 00:00:00+05:30,19.25,19.924999237060547,18.5,18.975000381469727,611246,0.0,0.0,PARSVNATH.NS,Parsvnath Developers Limited,Real Estate,Real Estate - Development,8037194752,,0.017,,26.19,11.15
2009-02-03 00:00:00+05:30,19.200000762939453,19.725000381469727,18.25,18.450000762939453,279308,0.0,0.0,PARSVNATH.NS,Parsvnath Developers Limited,Real Estate,Real Estate - Development,8037194752,,0.017,,26.19,11.15
2009-02-04 00:00:00+05:30,18.899999618530273,18.899999618530273,18.299999237060547,18.399999618530273,163174,0.0,0.0,PARSVNATH.NS,Parsvnath Developers Limited,Real Estate,Real Estate - Development,8037194752,,0.017,,26.19,11.15
2009-02-05 00:00:00+05:30,18.774999618530273,18.774999618530273,18.0,18.274999618530273,83656,0.0,0.0,PARSVNATH.NS,Parsvnath Developers Limited,Real Estate,Real Estate - Development,8037194752,,0.017,,26.19,11.15
2009-02-06 00:00:00+05:30,18.5,25.0,18.25,20.475000381469727,2909616,0.0,0.0,PARSVNATH.NS,Parsvnath Developers Limited,Real Estate,Real Estate - Development,8037194752,,0.017,,26.19,11.15
2009-02-09 00:00:00+05:30,20.5,21.350000381469727,19.825000762939453,20.125,877340,0.0,0.0,PARSVNATH.NS,Parsvnath Developers Limited,Real Estate,Real Estate - Development,8037194752,,0.017,,26.19,11.15
2009-02-10 00:00:00+05:30,20.25,21.0,19.799999237060547,20.450000762939453,836216,0.0,0.0,PARSVNATH.NS,Parsvnath Developers Limited,Real Estate,Real Estate - Development,8037194752,,0.017,,26.19,11.15
2009-02-11 00:00:00+05:30,19.5,20.5,19.5,20.049999237060547,540032,0.0,0.0,PARSVNATH.NS,Parsvnath Developers Limited,Real Estate,Real Estate - Development,8037194752,,0.017,,26.19,11.15
2009-02-12 00:00:00+05:30,19.75,20.899999618530273,19.549999237060547,20.049999237060547,576648,0.0,0.0,PARSVNATH.NS,Parsvnath Developers Limited,Real Estate,Real Estate - Development,8037194752,,0.017,,26.19,11.15
2009-02-13 00:00:00+05:30,20.049999237060547,20.575000762939453,20.0,20.174999237060547,420260,0.0,0.0,PARSVNATH.NS,Parsvnath Developers Limited,Real Estate,Real Estate - Development,8037194752,,0.017,,26.19,11.15
2009-02-16 00:00:00+05:30,20.399999618530273,21.600000381469727,19.5,19.700000762939453,1144736,0.0,0.0,PARSVNATH.NS,Parsvnath Developers Limited,Real Estate,Real Estate - Development,8037194752,,0.017,,26.19,11.15
2009-02-17 00:00:00+05:30,19.700000762939453,19.700000762939453,18.149999618530273,18.899999618530273,222708,0.0,0.0,PARSVNATH.NS,Parsvnath Developers Limited,Real Estate,Real Estate - Development,8037194752,,0.017,,26.19,11.15
2009-02-18 00:00:00+05:30,18.5,19.200000762939453,18.274999618530273,18.825000762939453,252944,0.0,0.0,PARSVNATH.NS,Parsvnath Developers Limited,Real Estate,Real Estate - Development,8037194752,,0.017,,26.19,11.15
2009-02-19 00:00:00+05:30,18.899999618530273,19.225000381469727,18.549999237060547,18.774999618530273,260160,0.0,0.0,PARSVNATH.NS,Parsvnath Developers Limited,Real Estate,Real Estate - Development,8037194752,,0.017,,26.19,11.15
2009-02-20 00:00:00+05:30,18.5,18.950000762939453,18.25,18.350000381469727,195244,0.0,0.0,PARSVNATH.NS,Parsvnath Developers Limited,Real Estate,Real Estate - Development,8037194752,,0.017,,26.19,11.15
2009-02-24 00:00:00+05:30,17.75,18.125,17.200000762939453,17.674999237060547,285660,0.0,0.0,PARSVNATH.NS,Parsvnath Developers Limited,Real Estate,Real Estate - Development,8037194752,,0.017,,26.19,11.15
2009-02-25 00:00:00+05:30,18.25,18.450000762939453,17.625,17.75,227892,0.0,0.0,PARSVNATH.NS,Parsvnath Developers Limited,Real Estate,Real Estate - Development,8037194752,,0.017,,26.19,11.15
2009-02-26 00:00:00+05:30,18.475000381469727,18.475000381469727,17.5,17.649999618530273,459050,0.0,0.0,PARSVNATH.NS,Parsvnath Developers Limited,Real Estate,Real Estate - Development,8037194752,,0.017,,26.19,11.15
2009-02-27 00:00:00+05:30,18.25,18.25,17.200000762939453,17.274999618530273,172504,0.0,0.0,PARSVNATH.NS,Parsvnath Developers Limited,Real Estate,Real Estate - Development,8037194752,,0.017,,26.19,11.15
2009-03-02 00:00:00+05:30,17.25,19.875,16.549999237060547,16.975000381469727,662434,0.0,0.0,PARSVNATH.NS,Parsvnath Developers Limited,Real Estate,Real Estate - Development,8037194752,,0.017,,26.19,11.15
2009-03-03 00:00:00+05:30,17.450000762939453,17.899999618530273,16.200000762939453,16.450000762939453,433574,0.0,0.0,PARSVNATH.NS,Parsvnath Developers Limited,Real Estate,Real Estate - Development,8037194752,,0.017,,26.19,11.15
2009-03-04 00:00:00+05:30,16.649999618530273,16.75,16.25,16.399999618530273,233208,0.0,0.0,PARSVNATH.NS,Parsvnath Developers Limited,Real Estate,Real Estate - Development,8037194752,,0.017,,26.19,11.15
2009-03-05 00:00:00+05:30,16.774999618530273,19.5,16.024999618530273,16.174999237060547,343424,0.0,0.0,PARSVNATH.NS,Parsvnath Developers Limited,Real Estate,Real Estate - Development,8037194752,,0.017,,26.19,11.15
2009-03-06 00:00:00+05:30,16.0,16.149999618530273,15.574999809265137,15.899999618530273,178212,0.0,0.0,PARSVNATH.NS,Parsvnath Developers Limited,Real Estate,Real Estate - Development,8037194752,,0.017,,26.19,11.15
2009-03-09 00:00:00+05:30,15.75,16.575000762939453,15.524999618530273,15.625,196632,0.0,0.0,PARSVNATH.NS,Parsvnath Developers Limited,Real Estate,Real Estate - Development,8037194752,,0.017,,26.19,11.15
2009-03-12 00:00:00+05:30,15.949999809265137,16.25,15.5,15.625,144244,0.0,0.0,PARSVNATH.NS,Parsvnath Developers Limited,Real Estate,Real Estate - Development,8037194752,,0.017,,26.19,11.15
2009-03-13 00:00:00+05:30,16.0,16.625,15.800000190734863,16.149999618530273,228716,0.0,0.0,PARSVNATH.NS,Parsvnath Developers Limited,Real Estate,Real Estate - Development,8037194752,,0.017,,26.19,11.15
2009-03-16 00:00:00+05:30,16.5,17.399999618530273,16.100000381469727,17.174999237060547,447876,0.0,0.0,PARSVNATH.NS,Parsvnath Developers Limited,Real Estate,Real Estate - Development,8037194752,,0.017,,26.19,11.15
2009-03-17 00:00:00+05:30,17.450000762939453,17.75,17.0,17.200000762939453,287756,0.0,0.0,PARSVNATH.NS,Parsvnath Developers Limited,Real Estate,Real Estate - Development,8037194752,,0.017,,26.19,11.15
2009-03-18 00:00:00+05:30,18.200000762939453,18.674999237060547,17.200000762939453,17.875,533128,0.0,0.0,PARSVNATH.NS,Parsvnath Developers Limited,Real Estate,Real Estate - Development,8037194752,,0.017,,26.19,11.15
2009-03-19 00:00:00+05:30,18.625,18.625,17.674999237060547,17.899999618530273,303220,0.0,0.0,PARSVNATH.NS,Parsvnath Developers Limited,Real Estate,Real Estate - Development,8037194752,,0.017,,26.19,11.15
2009-03-20 00:00:00+05:30,18.0,18.0,17.25,17.450000762939453,180972,0.0,0.0,PARSVNATH.NS,Parsvnath Developers Limited,Real Estate,Real Estate - Development,8037194752,,0.017,,26.19,11.15
2009-03-23 00:00:00+05:30,17.950000762939453,18.0,16.075000762939453,17.024999618530273,694052,0.0,0.0,PARSVNATH.NS,Parsvnath Developers Limited,Real Estate,Real Estate - Development,8037194752,,0.017,,26.19,11.15
2009-03-24 00:00:00+05:30,17.450000762939453,18.375,17.149999618530273,17.350000381469727,828072,0.0,0.0,PARSVNATH.NS,Parsvnath Developers Limited,Real Estate,Real Estate - Development,8037194752,,0.017,,26.19,11.15
2009-03-25 00:00:00+05:30,17.399999618530273,18.5,17.024999618530273,18.200000762939453,696316,0.0,0.0,PARSVNATH.NS,Parsvnath Developers Limited,Real Estate,Real Estate - Development,8037194752,,0.017,,26.19,11.15
2009-03-26 00:00:00+05:30,18.799999237060547,19.049999237060547,18.174999237060547,18.700000762939453,958872,0.0,0.0,PARSVNATH.NS,Parsvnath Developers Limited,Real Estate,Real Estate - Development,8037194752,,0.017,,26.19,11.15
2009-03-27 00:00:00+05:30,18.950000762939453,19.350000381469727,18.25,19.075000762939453,575886,0.0,0.0,PARSVNATH.NS,Parsvnath Developers Limited,Real Estate,Real Estate - Development,8037194752,,0.017,,26.19,11.15
2009-03-30 00:00:00+05:30,18.399999618530273,18.725000381469727,17.649999618530273,17.950000762939453,249618,0.0,0.0,PARSVNATH.NS,Parsvnath Developers Limited,Real Estate,Real Estate - Development,8037194752,,0.017,,26.19,11.15
2009-03-31 00:00:00+05:30,18.350000381469727,18.774999618530273,17.700000762939453,18.200000762939453,279492,0.0,0.0,PARSVNATH.NS,Parsvnath Developers Limited,Real Estate,Real Estate - Development,8037194752,,0.017,,26.19,11.15
2009-04-01 00:00:00+05:30,18.450000762939453,19.700000762939453,18.049999237060547,19.375,585620,0.0,0.0,PARSVNATH.NS,Parsvnath Developers Limited,Real Estate,Real Estate - Development,8037194752,,0.017,,26.19,11.15
2009-04-02 00:00:00+05:30,19.950000762939453,20.924999237060547,19.649999618530273,19.950000762939453,809360,0.0,0.0,PARSVNATH.NS,Parsvnath Developers Limited,Real Estate,Real Estate - Development,8037194752,,0.017,,26.19,11.15
2009-04-06 00:00:00+05:30,20.700000762939453,21.100000381469727,20.049999237060547,20.524999618530273,602936,0.0,0.0,PARSVNATH.NS,Parsvnath Developers Limited,Real Estate,Real Estate - Development,8037194752,,0.017,,26.19,11.15
2009-04-08 00:00:00+05:30,19.700000762939453,22.575000762939453,19.5,22.225000381469727,1268746,0.0,0.0,PARSVNATH.NS,Parsvnath Developers Limited,Real Estate,Real Estate - Development,8037194752,,0.017,,26.19,11.15
2009-04-09 00:00:00+05:30,22.75,24.350000381469727,22.25,22.799999237060547,1231176,0.0,0.0,PARSVNATH.NS,Parsvnath Developers Limited,Real Estate,Real Estate - Development,8037194752,,0.017,,26.19,11.15
2009-04-13 00:00:00+05:30,23.25,26.100000381469727,22.75,24.774999618530273,1421422,0.0,0.0,PARSVNATH.NS,Parsvnath Developers Limited,Real Estate,Real Estate - Development,8037194752,,0.017,,26.19,11.15
2009-04-15 00:00:00+05:30,24.5,26.700000762939453,22.899999618530273,26.25,1500038,0.0,0.0,PARSVNATH.NS,Parsvnath Developers Limited,Real Estate,Real Estate - Development,8037194752,,0.017,,26.19,11.15
2009-04-16 00:00:00+05:30,26.75,28.024999618530273,22.774999618530273,23.424999237060547,1449822,0.0,0.0,PARSVNATH.NS,Parsvnath Developers Limited,Real Estate,Real Estate - Development,8037194752,,0.017,,26.19,11.15
2009-04-17 00:00:00+05:30,24.25,27.299999237060547,24.0,25.524999618530273,2282326,0.0,0.0,PARSVNATH.NS,Parsvnath Developers Limited,Real Estate,Real Estate - Development,8037194752,,0.017,,26.19,11.15
2009-04-20 00:00:00+05:30,26.0,26.799999237060547,25.100000381469727,26.325000762939453,1138396,0.0,0.0,PARSVNATH.NS,Parsvnath Developers Limited,Real Estate,Real Estate - Development,8037194752,,0.017,,26.19,11.15
2009-04-21 00:00:00+05:30,25.5,26.924999237060547,25.125,26.475000381469727,1092360,0.0,0.0,PARSVNATH.NS,Parsvnath Developers Limited,Real Estate,Real Estate - Development,8037194752,,0.017,,26.19,11.15
2009-04-22 00:00:00+05:30,26.774999618530273,27.950000762939453,25.024999618530273,25.424999237060547,998252,0.0,0.0,PARSVNATH.NS,Parsvnath Developers Limited,Real Estate,Real Estate - Development,8037194752,,0.017,,26.19,11.15
2009-04-23 00:00:00+05:30,24.049999237060547,26.350000381469727,24.049999237060547,25.774999618530273,957938,0.0,0.0,PARSVNATH.NS,Parsvnath Developers Limited,Real Estate,Real Estate - Development,8037194752,,0.017,,26.19,11.15
2009-04-24 00:00:00+05:30,25.649999618530273,26.350000381469727,25.274999618530273,25.674999237060547,660904,0.0,0.0,PARSVNATH.NS,Parsvnath Developers Limited,Real Estate,Real Estate - Development,8037194752,,0.017,,26.19,11.15
2009-04-27 00:00:00+05:30,25.325000762939453,26.524999618530273,25.0,25.25,535616,0.0,0.0,PARSVNATH.NS,Parsvnath Developers Limited,Real Estate,Real Estate - Development,8037194752,,0.017,,26.19,11.15
2009-04-28 00:00:00+05:30,25.450000762939453,25.475000381469727,23.549999237060547,23.825000762939453,339668,0.0,0.0,PARSVNATH.NS,Parsvnath Developers Limited,Real Estate,Real Estate - Development,8037194752,,0.017,,26.19,11.15
2009-04-29 00:00:00+05:30,24.75,24.75,23.774999618530273,24.225000381469727,310620,0.0,0.0,PARSVNATH.NS,Parsvnath Developers Limited,Real Estate,Real Estate - Development,8037194752,,0.017,,26.19,11.15
2009-04-30 00:00:00+05:30,24.225000381469727,24.225000381469727,24.225000381469727,24.225000381469727,0,0.0,0.0,PARSVNATH.NS,Parsvnath Developers Limited,Real Estate,Real Estate - Development,8037194752,,0.017,,26.19,11.15
2009-05-04 00:00:00+05:30,24.75,25.5,24.524999618530273,24.975000381469727,641036,0.0,0.0,PARSVNATH.NS,Parsvnath Developers Limited,Real Estate,Real Estate - Development,8037194752,,0.017,,26.19,11.15
2009-05-05 00:00:00+05:30,25.0,26.149999618530273,25.0,25.5,1175574,0.0,0.0,PARSVNATH.NS,Parsvnath Developers Limited,Real Estate,Real Estate - Development,8037194752,,0.017,,26.19,11.15
2009-05-06 00:00:00+05:30,25.799999237060547,26.450000762939453,24.524999618530273,24.774999618530273,905544,0.0,0.0,PARSVNATH.NS,Parsvnath Developers Limited,Real Estate,Real Estate - Development,8037194752,,0.017,,26.19,11.15
2009-05-07 00:00:00+05:30,25.350000381469727,25.600000381469727,24.799999237060547,25.125,495188,0.0,0.0,PARSVNATH.NS,Parsvnath Developers Limited,Real Estate,Real Estate - Development,8037194752,,0.017,,26.19,11.15
2009-05-08 00:00:00+05:30,25.125,26.75,25.0,25.774999618530273,2189100,0.0,0.0,PARSVNATH.NS,Parsvnath Developers Limited,Real Estate,Real Estate - Development,8037194752,,0.017,,26.19,11.15
2009-05-11 00:00:00+05:30,26.0,26.450000762939453,24.200000762939453,24.475000381469727,575928,0.0,0.0,PARSVNATH.NS,Parsvnath Developers Limited,Real Estate,Real Estate - Development,8037194752,,0.017,,26.19,11.15
2009-05-12 00:00:00+05:30,24.5,24.674999237060547,23.524999618530273,24.5,775848,0.0,0.0,PARSVNATH.NS,Parsvnath Developers Limited,Real Estate,Real Estate - Development,8037194752,,0.017,,26.19,11.15
2009-05-13 00:00:00+05:30,24.924999237060547,25.450000762939453,23.549999237060547,24.0,1026542,0.0,0.0,PARSVNATH.NS,Parsvnath Developers Limited,Real Estate,Real Estate - Development,8037194752,,0.017,,26.19,11.15
2009-05-14 00:00:00+05:30,23.0,23.850000381469727,23.0,23.600000381469727,882120,0.0,0.0,PARSVNATH.NS,Parsvnath Developers Limited,Real Estate,Real Estate - Development,8037194752,,0.017,,26.19,11.15
2009-05-15 00:00:00+05:30,24.149999618530273,24.549999237060547,23.575000762939453,23.75,682848,0.0,0.0,PARSVNATH.NS,Parsvnath Developers Limited,Real Estate,Real Estate - Development,8037194752,,0.017,,26.19,11.15
2009-05-18 00:00:00+05:30,26.0,28.5,26.0,28.299999237060547,16496,0.0,0.0,PARSVNATH.NS,Parsvnath Developers Limited,Real Estate,Real Estate - Development,8037194752,,0.017,,26.19,11.15
2009-05-19 00:00:00+05:30,29.174999237060547,33.974998474121094,27.25,31.424999237060547,3944856,0.0,0.0,PARSVNATH.NS,Parsvnath Developers Limited,Real Estate,Real Estate - Development,8037194752,,0.017,,26.19,11.15
2009-05-20 00:00:00+05:30,31.200000762939453,37.724998474121094,30.5,37.54999923706055,3851052,0.0,0.0,PARSVNATH.NS,Parsvnath Developers Limited,Real Estate,Real Estate - Development,8037194752,,0.017,,26.19,11.15
2009-05-21 00:00:00+05:30,38.5,41.32500076293945,37.75,40.275001525878906,2520626,0.0,0.0,PARSVNATH.NS,Parsvnath Developers Limited,Real Estate,Real Estate - Development,8037194752,,0.017,,26.19,11.15
2009-05-22 00:00:00+05:30,40.75,42.70000076293945,39.025001525878906,40.5,2225344,0.0,0.0,PARSVNATH.NS,Parsvnath Developers Limited,Real Estate,Real Estate - Development,8037194752,,0.017,,26.19,11.15
2009-05-25 00:00:00+05:30,41.0,44.54999923706055,41.0,44.54999923706055,3652614,0.0,0.0,PARSVNATH.NS,Parsvnath Developers Limited,Real Estate,Real Estate - Development,8037194752,,0.017,,26.19,11.15
2009-05-26 00:00:00+05:30,45.974998474121094,49.0,45.099998474121094,46.375,4616852,0.0,0.0,PARSVNATH.NS,Parsvnath Developers Limited,Real Estate,Real Estate - Development,8037194752,,0.017,,26.19,11.15
2009-05-27 00:00:00+05:30,48.0,49.25,46.625,47.650001525878906,1417012,0.0,0.0,PARSVNATH.NS,Parsvnath Developers Limited,Real Estate,Real Estate - Development,8037194752,,0.017,,26.19,11.15
2009-05-28 00:00:00+05:30,48.0,48.650001525878906,45.54999923706055,46.125,976748,0.0,0.0,PARSVNATH.NS,Parsvnath Developers Limited,Real Estate,Real Estate - Development,8037194752,,0.017,,26.19,11.15
2009-05-29 00:00:00+05:30,47.0,48.45000076293945,46.5,48.45000076293945,970532,0.0,0.0,PARSVNATH.NS,Parsvnath Developers Limited,Real Estate,Real Estate - Development,8037194752,,0.017,,26.19,11.15
2009-06-01 00:00:00+05:30,50.875,50.875,48.5,50.875,2612968,0.0,0.0,PARSVNATH.NS,Parsvnath Developers Limited,Real Estate,Real Estate - Development,8037194752,,0.017,,26.19,11.15
2009-06-02 00:00:00+05:30,51.95000076293945,52.20000076293945,48.5,50.150001525878906,1684834,0.0,0.0,PARSVNATH.NS,Parsvnath Developers Limited,Real Estate,Real Estate - Development,8037194752,,0.017,,26.19,11.15
2009-06-03 00:00:00+05:30,51.0,52.0,49.75,50.42499923706055,1378458,0.0,0.0,PARSVNATH.NS,Parsvnath Developers Limited,Real Estate,Real Estate - Development,8037194752,,0.017,,26.19,11.15
2009-06-04 00:00:00+05:30,50.5,52.95000076293945,48.650001525878906,52.95000076293945,2146096,0.0,0.0,PARSVNATH.NS,Parsvnath Developers Limited,Real Estate,Real Estate - Development,8037194752,,0.017,,26.19,11.15
2009-06-05 00:00:00+05:30,54.5,55.599998474121094,53.04999923706055,53.79999923706055,2587096,0.0,0.0,PARSVNATH.NS,Parsvnath Developers Limited,Real Estate,Real Estate - Development,8037194752,,0.017,,26.19,11.15
2009-06-08 00:00:00+05:30,54.0,55.25,51.125,51.125,654304,0.0,0.0,PARSVNATH.NS,Parsvnath Developers Limited,Real Estate,Real Estate - Development,8037194752,,0.017,,26.19,11.15
2009-06-09 00:00:00+05:30,49.0,51.900001525878906,48.57500076293945,50.900001525878906,1496898,0.0,0.0,PARSVNATH.NS,Parsvnath Developers Limited,Real Estate,Real Estate - Development,8037194752,,0.017,,26.19,11.15
2009-06-10 00:00:00+05:30,51.900001525878906,52.625,48.5,48.900001525878906,894352,0.0,0.0,PARSVNATH.NS,Parsvnath Developers Limited,Real Estate,Real Estate - Development,8037194752,,0.017,,26.19,11.15
2009-06-11 00:00:00+05:30,49.0,51.07500076293945,46.474998474121094,48.5,1344896,0.0,0.0,PARSVNATH.NS,Parsvnath Developers Limited,Real Estate,Real Estate - Development,8037194752,,0.017,,26.19,11.15
2009-06-12 00:00:00+05:30,48.5,50.0,46.07500076293945,46.92499923706055,788312,0.0,0.0,PARSVNATH.NS,Parsvnath Developers Limited,Real Estate,Real Estate - Development,8037194752,,0.017,,26.19,11.15
2009-06-15 00:00:00+05:30,46.5,46.849998474121094,44.599998474121094,45.150001525878906,438422,0.0,0.0,PARSVNATH.NS,Parsvnath Developers Limited,Real Estate,Real Estate - Development,8037194752,,0.017,,26.19,11.15
2009-06-16 00:00:00+05:30,43.0,47.42499923706055,43.0,47.025001525878906,1449440,0.0,0.0,PARSVNATH.NS,Parsvnath Developers Limited,Real Estate,Real Estate - Development,8037194752,,0.017,,26.19,11.15
2009-06-17 00:00:00+05:30,47.0,47.5,44.67499923706055,44.67499923706055,660488,0.0,0.0,PARSVNATH.NS,Parsvnath Developers Limited,Real Estate,Real Estate - Development,8037194752,,0.017,,26.19,11.15
2009-06-18 00:00:00+05:30,45.0,45.0,42.45000076293945,42.5,426888,0.0,0.0,PARSVNATH.NS,Parsvnath Developers Limited,Real Estate,Real Estate - Development,8037194752,,0.017,,26.19,11.15
2009-06-19 00:00:00+05:30,42.5,43.79999923706055,40.625,41.849998474121094,626344,0.0,0.0,PARSVNATH.NS,Parsvnath Developers Limited,Real Estate,Real Estate - Development,8037194752,,0.017,,26.19,11.15
2009-06-22 00:00:00+05:30,42.900001525878906,43.0,40.349998474121094,40.775001525878906,508580,0.0,0.0,PARSVNATH.NS,Parsvnath Developers Limited,Real Estate,Real Estate - Development,8037194752,,0.017,,26.19,11.15
2009-06-23 00:00:00+05:30,40.5,40.5,38.75,39.625,534786,0.0,0.0,PARSVNATH.NS,Parsvnath Developers Limited,Real Estate,Real Estate - Development,8037194752,,0.017,,26.19,11.15
2009-06-24 00:00:00+05:30,39.0,41.625,39.0,40.650001525878906,558848,0.0,0.0,PARSVNATH.NS,Parsvnath Developers Limited,Real Estate,Real Estate - Development,8037194752,,0.017,,26.19,11.15
2009-06-25 00:00:00+05:30,41.45000076293945,41.724998474121094,40.54999923706055,40.79999923706055,344874,0.0,0.0,PARSVNATH.NS,Parsvnath Developers Limited,Real Estate,Real Estate - Development,8037194752,,0.017,,26.19,11.15
2009-06-26 00:00:00+05:30,41.45000076293945,42.849998474121094,40.32500076293945,41.974998474121094,536254,0.0,0.0,PARSVNATH.NS,Parsvnath Developers Limited,Real Estate,Real Estate - Development,8037194752,,0.017,,26.19,11.15
2009-06-29 00:00:00+05:30,42.79999923706055,44.07500076293945,42.275001525878906,44.07500076293945,949118,0.0,0.0,PARSVNATH.NS,Parsvnath Developers Limited,Real Estate,Real Estate - Development,8037194752,,0.017,,26.19,11.15
2009-06-30 00:00:00+05:30,44.474998474121094,45.5,41.875,41.875,404998,0.0,0.0,PARSVNATH.NS,Parsvnath Developers Limited,Real Estate,Real Estate - Development,8037194752,,0.017,,26.19,11.15
2009-07-01 00:00:00+05:30,42.900001525878906,42.900001525878906,40.25,41.75,310088,0.0,0.0,PARSVNATH.NS,Parsvnath Developers Limited,Real Estate,Real Estate - Development,8037194752,,0.017,,26.19,11.15
2009-07-02 00:00:00+05:30,42.400001525878906,43.099998474121094,41.29999923706055,42.5,351990,0.0,0.0,PARSVNATH.NS,Parsvnath Developers Limited,Real Estate,Real Estate - Development,8037194752,,0.017,,26.19,11.15
2009-07-03 00:00:00+05:30,42.474998474121094,44.625,41.525001525878906,43.25,374460,0.0,0.0,PARSVNATH.NS,Parsvnath Developers Limited,Real Estate,Real Estate - Development,8037194752,,0.017,,26.19,11.15
2009-07-06 00:00:00+05:30,43.900001525878906,44.95000076293945,41.099998474121094,41.099998474121094,559132,0.0,0.0,PARSVNATH.NS,Parsvnath Developers Limited,Real Estate,Real Estate - Development,8037194752,,0.017,,26.19,11.15
2009-07-07 00:00:00+05:30,41.42499923706055,42.20000076293945,38.25,41.07500076293945,660400,0.0,0.0,PARSVNATH.NS,Parsvnath Developers Limited,Real Estate,Real Estate - Development,8037194752,,0.017,,26.19,11.15
2009-07-08 00:00:00+05:30,41.0,41.0,37.04999923706055,37.70000076293945,734190,0.0,0.0,PARSVNATH.NS,Parsvnath Developers Limited,Real Estate,Real Estate - Development,8037194752,,0.017,,26.19,11.15
2009-07-09 00:00:00+05:30,37.75,40.400001525878906,35.17499923706055,39.224998474121094,967646,0.0,0.0,PARSVNATH.NS,Parsvnath Developers Limited,Real Estate,Real Estate - Development,8037194752,,0.017,,26.19,11.15
2009-07-10 00:00:00+05:30,39.5,42.150001525878906,37.5,38.650001525878906,924486,0.0,0.0,PARSVNATH.NS,Parsvnath Developers Limited,Real Estate,Real Estate - Development,8037194752,,0.017,,26.19,11.15
2009-07-13 00:00:00+05:30,37.5,37.5,35.75,36.275001525878906,312696,0.0,0.0,PARSVNATH.NS,Parsvnath Developers Limited,Real Estate,Real Estate - Development,8037194752,,0.017,,26.19,11.15
2009-07-14 00:00:00+05:30,37.5,40.20000076293945,37.025001525878906,39.875,843944,0.0,0.0,PARSVNATH.NS,Parsvnath Developers Limited,Real Estate,Real Estate - Development,8037194752,,0.017,,26.19,11.15
2009-07-15 00:00:00+05:30,40.5,43.07500076293945,40.0,42.79999923706055,737452,0.0,0.0,PARSVNATH.NS,Parsvnath Developers Limited,Real Estate,Real Estate - Development,8037194752,,0.017,,26.19,11.15
2009-07-16 00:00:00+05:30,43.5,44.150001525878906,41.525001525878906,42.75,549028,0.0,0.0,PARSVNATH.NS,Parsvnath Developers Limited,Real Estate,Real Estate - Development,8037194752,,0.017,,26.19,11.15
2009-07-17 00:00:00+05:30,43.0,43.5,42.525001525878906,42.974998474121094,548036,0.0,0.0,PARSVNATH.NS,Parsvnath Developers Limited,Real Estate,Real Estate - Development,8037194752,,0.017,,26.19,11.15
2009-07-20 00:00:00+05:30,42.42499923706055,46.0,42.42499923706055,45.275001525878906,741620,0.0,0.0,PARSVNATH.NS,Parsvnath Developers Limited,Real Estate,Real Estate - Development,8037194752,,0.017,,26.19,11.15
2009-07-21 00:00:00+05:30,45.900001525878906,50.125,44.5,49.45000076293945,2480394,0.0,0.0,PARSVNATH.NS,Parsvnath Developers Limited,Real Estate,Real Estate - Development,8037194752,,0.017,,26.19,11.15
2009-07-22 00:00:00+05:30,50.0,52.5,48.29999923706055,50.275001525878906,2419966,0.0,0.0,PARSVNATH.NS,Parsvnath Developers Limited,Real Estate,Real Estate - Development,8037194752,,0.017,,26.19,11.15
2009-07-23 00:00:00+05:30,50.95000076293945,52.79999923706055,50.275001525878906,51.82500076293945,1509458,0.0,0.0,PARSVNATH.NS,Parsvnath Developers Limited,Real Estate,Real Estate - Development,8037194752,,0.017,,26.19,11.15
2009-07-24 00:00:00+05:30,52.5,57.400001525878906,47.5,56.29999923706055,4691116,0.0,0.0,PARSVNATH.NS,Parsvnath Developers Limited,Real Estate,Real Estate - Development,8037194752,,0.017,,26.19,11.15
2009-07-27 00:00:00+05:30,56.625,59.974998474121094,55.599998474121094,59.5,3534348,0.0,0.0,PARSVNATH.NS,Parsvnath Developers Limited,Real Estate,Real Estate - Development,8037194752,,0.017,,26.19,11.15
2009-07-28 00:00:00+05:30,59.70000076293945,61.67499923706055,58.04999923706055,60.849998474121094,4051094,0.0,0.0,PARSVNATH.NS,Parsvnath Developers Limited,Real Estate,Real Estate - Development,8037194752,,0.017,,26.19,11.15
2009-07-29 00:00:00+05:30,60.5,61.0,55.17499923706055,57.599998474121094,2463384,0.0,0.0,PARSVNATH.NS,Parsvnath Developers Limited,Real Estate,Real Estate - Development,8037194752,,0.017,,26.19,11.15
2009-07-30 00:00:00+05:30,57.5,59.150001525878906,56.04999923706055,58.474998474121094,1061752,0.0,0.0,PARSVNATH.NS,Parsvnath Developers Limited,Real Estate,Real Estate - Development,8037194752,,0.017,,26.19,11.15
2009-07-31 00:00:00+05:30,59.650001525878906,61.724998474121094,58.25,60.82500076293945,2103980,0.0,0.0,PARSVNATH.NS,Parsvnath Developers Limited,Real Estate,Real Estate - Development,8037194752,,0.017,,26.19,11.15
2009-08-03 00:00:00+05:30,60.900001525878906,63.45000076293945,59.32500076293945,62.92499923706055,1699684,0.0,0.0,PARSVNATH.NS,Parsvnath Developers Limited,Real Estate,Real Estate - Development,8037194752,,0.017,,26.19,11.15
2009-08-04 00:00:00+05:30,63.45000076293945,64.1500015258789,60.5,62.67499923706055,1273100,0.0,0.0,PARSVNATH.NS,Parsvnath Developers Limited,Real Estate,Real Estate - Development,8037194752,,0.017,,26.19,11.15
2009-08-05 00:00:00+05:30,61.5,63.75,61.025001525878906,63.32500076293945,911270,0.0,0.0,PARSVNATH.NS,Parsvnath Developers Limited,Real Estate,Real Estate - Development,8037194752,,0.017,,26.19,11.15
2009-08-06 00:00:00+05:30,63.0,63.224998474121094,59.099998474121094,61.17499923706055,1281568,0.0,0.0,PARSVNATH.NS,Parsvnath Developers Limited,Real Estate,Real Estate - Development,8037194752,,0.017,,26.19,11.15
2009-08-07 00:00:00+05:30,59.974998474121094,60.25,56.79999923706055,58.42499923706055,1091570,0.0,0.0,PARSVNATH.NS,Parsvnath Developers Limited,Real Estate,Real Estate - Development,8037194752,,0.017,,26.19,11.15
2009-08-10 00:00:00+05:30,60.0,60.75,56.79999923706055,58.5,632352,0.0,0.0,PARSVNATH.NS,Parsvnath Developers Limited,Real Estate,Real Estate - Development,8037194752,,0.017,,26.19,11.15
2009-08-11 00:00:00+05:30,57.95000076293945,57.95000076293945,53.25,55.79999923706055,1719364,0.0,0.0,PARSVNATH.NS,Parsvnath Developers Limited,Real Estate,Real Estate - Development,8037194752,,0.017,,26.19,11.15
2009-08-12 00:00:00+05:30,54.900001525878906,56.650001525878906,53.125,54.775001525878906,782574,0.0,0.0,PARSVNATH.NS,Parsvnath Developers Limited,Real Estate,Real Estate - Development,8037194752,,0.017,,26.19,11.15
2009-08-13 00:00:00+05:30,56.349998474121094,60.275001525878906,55.5,60.275001525878906,1738430,0.0,0.0,PARSVNATH.NS,Parsvnath Developers Limited,Real Estate,Real Estate - Development,8037194752,,0.017,,26.19,11.15
2009-08-14 00:00:00+05:30,60.775001525878906,61.20000076293945,58.150001525878906,59.75,1720226,0.0,0.0,PARSVNATH.NS,Parsvnath Developers Limited,Real Estate,Real Estate - Development,8037194752,,0.017,,26.19,11.15
2009-08-17 00:00:00+05:30,58.5,58.724998474121094,54.04999923706055,54.95000076293945,1052848,0.0,0.0,PARSVNATH.NS,Parsvnath Developers Limited,Real Estate,Real Estate - Development,8037194752,,0.017,,26.19,11.15
2009-08-18 00:00:00+05:30,53.95000076293945,56.92499923706055,53.25,55.849998474121094,662834,0.0,0.0,PARSVNATH.NS,Parsvnath Developers Limited,Real Estate,Real Estate - Development,8037194752,,0.017,,26.19,11.15
2009-08-19 00:00:00+05:30,56.04999923706055,57.25,54.599998474121094,55.224998474121094,611712,0.0,0.0,PARSVNATH.NS,Parsvnath Developers Limited,Real Estate,Real Estate - Development,8037194752,,0.017,,26.19,11.15
2009-08-20 00:00:00+05:30,55.5,56.95000076293945,54.79999923706055,55.42499923706055,377504,0.0,0.0,PARSVNATH.NS,Parsvnath Developers Limited,Real Estate,Real Estate - Development,8037194752,,0.017,,26.19,11.15
2009-08-21 00:00:00+05:30,54.79999923706055,58.150001525878906,54.0,56.875,1159300,0.0,0.0,PARSVNATH.NS,Parsvnath Developers Limited,Real Estate,Real Estate - Development,8037194752,,0.017,,26.19,11.15
2009-08-24 00:00:00+05:30,57.900001525878906,59.775001525878906,57.349998474121094,59.07500076293945,1151814,0.0,0.0,PARSVNATH.NS,Parsvnath Developers Limited,Real Estate,Real Estate - Development,8037194752,,0.017,,26.19,11.15
2009-08-25 00:00:00+05:30,59.0,60.25,58.349998474121094,59.125,1225524,0.0,0.0,PARSVNATH.NS,Parsvnath Developers Limited,Real Estate,Real Estate - Development,8037194752,,0.017,,26.19,11.15
2009-08-26 00:00:00+05:30,59.25,61.0,59.25,60.474998474121094,862264,0.0,0.0,PARSVNATH.NS,Parsvnath Developers Limited,Real Estate,Real Estate - Development,8037194752,,0.017,,26.19,11.15
2009-08-27 00:00:00+05:30,59.900001525878906,63.5,59.5,63.099998474121094,1785708,0.0,0.0,PARSVNATH.NS,Parsvnath Developers Limited,Real Estate,Real Estate - Development,8037194752,,0.017,,26.19,11.15
2009-08-28 00:00:00+05:30,63.5,64.0,60.25,61.82500076293945,1399596,0.0,0.0,PARSVNATH.NS,Parsvnath Developers Limited,Real Estate,Real Estate - Development,8037194752,,0.017,,26.19,11.15
2009-08-31 00:00:00+05:30,60.0,65.0,60.0,62.20000076293945,2282866,0.0,0.0,PARSVNATH.NS,Parsvnath Developers Limited,Real Estate,Real Estate - Development,8037194752,,0.017,,26.19,11.15
2009-09-01 00:00:00+05:30,63.0,63.57500076293945,58.92499923706055,59.42499923706055,947168,0.0,0.0,PARSVNATH.NS,Parsvnath Developers Limited,Real Estate,Real Estate - Development,8037194752,,0.017,,26.19,11.15
2009-09-02 00:00:00+05:30,59.224998474121094,59.900001525878906,57.5,58.525001525878906,372672,0.0,0.0,PARSVNATH.NS,Parsvnath Developers Limited,Real Estate,Real Estate - Development,8037194752,,0.017,,26.19,11.15
2009-09-03 00:00:00+05:30,58.95000076293945,60.849998474121094,58.70000076293945,60.07500076293945,576040,0.0,0.0,PARSVNATH.NS,Parsvnath Developers Limited,Real Estate,Real Estate - Development,8037194752,,0.017,,26.19,11.15
2009-09-04 00:00:00+05:30,59.0,60.724998474121094,58.724998474121094,60.0,385990,0.0,0.0,PARSVNATH.NS,Parsvnath Developers Limited,Real Estate,Real Estate - Development,8037194752,,0.017,,26.19,11.15
2009-09-07 00:00:00+05:30,60.5,62.29999923706055,60.125,61.849998474121094,635976,0.0,0.0,PARSVNATH.NS,Parsvnath Developers Limited,Real Estate,Real Estate - Development,8037194752,,0.017,,26.19,11.15
2009-09-08 00:00:00+05:30,62.5,62.5,60.07500076293945,61.07500076293945,448194,0.0,0.0,PARSVNATH.NS,Parsvnath Developers Limited,Real Estate,Real Estate - Development,8037194752,,0.017,,26.19,11.15
2009-09-09 00:00:00+05:30,60.95000076293945,62.375,59.70000076293945,61.099998474121094,460324,0.0,0.0,PARSVNATH.NS,Parsvnath Developers Limited,Real Estate,Real Estate - Development,8037194752,,0.017,,26.19,11.15
2009-09-10 00:00:00+05:30,61.125,62.45000076293945,59.75,60.099998474121094,415576,0.0,0.0,PARSVNATH.NS,Parsvnath Developers Limited,Real Estate,Real Estate - Development,8037194752,,0.017,,26.19,11.15
2009-09-11 00:00:00+05:30,60.625,61.25,58.5,59.599998474121094,338034,0.0,0.0,PARSVNATH.NS,Parsvnath Developers Limited,Real Estate,Real Estate - Development,8037194752,,0.017,,26.19,11.15
2009-09-14 00:00:00+05:30,58.599998474121094,60.0,58.07500076293945,58.79999923706055,282216,0.0,0.0,PARSVNATH.NS,Parsvnath Developers Limited,Real Estate,Real Estate - Development,8037194752,,0.017,,26.19,11.15
2009-09-15 00:00:00+05:30,58.875,60.75,58.875,60.54999923706055,338548,0.0,0.0,PARSVNATH.NS,Parsvnath Developers Limited,Real Estate,Real Estate - Development,8037194752,,0.017,,26.19,11.15
2009-09-16 00:00:00+05:30,61.5,61.5,60.0,60.54999923706055,241972,0.0,0.0,PARSVNATH.NS,Parsvnath Developers Limited,Real Estate,Real Estate - Development,8037194752,,0.017,,26.19,11.15
2009-09-17 00:00:00+05:30,61.45000076293945,61.45000076293945,59.0,60.25,523838,0.0,0.0,PARSVNATH.NS,Parsvnath Developers Limited,Real Estate,Real Estate - Development,8037194752,,0.017,,26.19,11.15
2009-09-18 00:00:00+05:30,60.5,61.5,59.75,61.224998474121094,676504,0.0,0.0,PARSVNATH.NS,Parsvnath Developers Limited,Real Estate,Real Estate - Development,8037194752,,0.017,,26.19,11.15
2009-09-22 00:00:00+05:30,61.0,63.900001525878906,61.0,62.900001525878906,856080,0.0,0.0,PARSVNATH.NS,Parsvnath Developers Limited,Real Estate,Real Estate - Development,8037194752,,0.017,,26.19,11.15
2009-09-23 00:00:00+05:30,63.45000076293945,63.900001525878906,61.54999923706055,62.0,559636,0.0,0.0,PARSVNATH.NS,Parsvnath Developers Limited,Real Estate,Real Estate - Development,8037194752,,0.017,,26.19,11.15
2009-09-24 00:00:00+05:30,65.1500015258789,65.9000015258789,60.125,65.05000305175781,2364544,0.0,0.0,PARSVNATH.NS,Parsvnath Developers Limited,Real Estate,Real Estate - Development,8037194752,,0.017,,26.19,11.15
2009-09-25 00:00:00+05:30,64.5,64.67500305175781,62.54999923706055,63.150001525878906,1393966,0.0,0.0,PARSVNATH.NS,Parsvnath Developers Limited,Real Estate,Real Estate - Development,8037194752,,0.017,,26.19,11.15
2009-09-29 00:00:00+05:30,63.70000076293945,64.5,61.775001525878906,62.625,660594,0.0,0.0,PARSVNATH.NS,Parsvnath Developers Limited,Real Estate,Real Estate - Development,8037194752,,0.017,,26.19,11.15
2009-09-30 00:00:00+05:30,62.45000076293945,74.0,61.0,71.9000015258789,10018468,0.0,0.0,PARSVNATH.NS,Parsvnath Developers Limited,Real Estate,Real Estate - Development,8037194752,,0.017,,26.19,11.15
2009-10-01 00:00:00+05:30,72.80000305175781,75.75,71.125,73.7750015258789,6556672,0.0,0.0,PARSVNATH.NS,Parsvnath Developers Limited,Real Estate,Real Estate - Development,8037194752,,0.017,,26.19,11.15
2009-10-05 00:00:00+05:30,72.5,73.8499984741211,70.05000305175781,70.3499984741211,1317018,0.0,0.0,PARSVNATH.NS,Parsvnath Developers Limited,Real Estate,Real Estate - Development,8037194752,,0.017,,26.19,11.15
2009-10-06 00:00:00+05:30,71.25,71.25,65.5,69.4749984741211,1559014,0.0,0.0,PARSVNATH.NS,Parsvnath Developers Limited,Real Estate,Real Estate - Development,8037194752,,0.017,,26.19,11.15
2009-10-07 00:00:00+05:30,70.19999694824219,71.125,67.5,68.17500305175781,834404,0.0,0.0,PARSVNATH.NS,Parsvnath Developers Limited,Real Estate,Real Estate - Development,8037194752,,0.017,,26.19,11.15
2009-10-08 00:00:00+05:30,68.25,69.94999694824219,67.2750015258789,68.1500015258789,760198,0.0,0.0,PARSVNATH.NS,Parsvnath Developers Limited,Real Estate,Real Estate - Development,8037194752,,0.017,,26.19,11.15
2009-10-09 00:00:00+05:30,68.94999694824219,71.25,67.69999694824219,68.625,1157804,0.0,0.0,PARSVNATH.NS,Parsvnath Developers Limited,Real Estate,Real Estate - Development,8037194752,,0.017,,26.19,11.15
2009-10-12 00:00:00+05:30,69.125,69.94999694824219,68.0,69.57499694824219,430320,0.0,0.0,PARSVNATH.NS,Parsvnath Developers Limited,Real Estate,Real Estate - Development,8037194752,,0.017,,26.19,11.15
2009-10-13 00:00:00+05:30,69.57499694824219,69.57499694824219,69.57499694824219,69.57499694824219,0,0.0,0.0,PARSVNATH.NS,Parsvnath Developers Limited,Real Estate,Real Estate - Development,8037194752,,0.017,,26.19,11.15
2009-10-14 00:00:00+05:30,70.5,70.67500305175781,66.57499694824219,68.1500015258789,1857664,0.0,0.0,PARSVNATH.NS,Parsvnath Developers Limited,Real Estate,Real Estate - Development,8037194752,,0.017,,26.19,11.15
2009-10-15 00:00:00+05:30,70.0,70.42500305175781,65.25,65.9000015258789,1256478,0.0,0.0,PARSVNATH.NS,Parsvnath Developers Limited,Real Estate,Real Estate - Development,8037194752,,0.017,,26.19,11.15
2009-10-16 00:00:00+05:30,65.55000305175781,70.1500015258789,65.55000305175781,69.30000305175781,3400992,0.0,0.0,PARSVNATH.NS,Parsvnath Developers Limited,Real Estate,Real Estate - Development,8037194752,,0.017,,26.19,11.15
2009-10-20 00:00:00+05:30,68.9000015258789,69.125,66.0999984741211,66.5250015258789,1381692,0.0,0.0,PARSVNATH.NS,Parsvnath Developers Limited,Real Estate,Real Estate - Development,8037194752,,0.017,,26.19,11.15
2009-10-21 00:00:00+05:30,66.42500305175781,66.42500305175781,62.150001525878906,62.849998474121094,3337580,0.0,0.0,PARSVNATH.NS,Parsvnath Developers Limited,Real Estate,Real Estate - Development,8037194752,,0.017,,26.19,11.15
2009-10-22 00:00:00+05:30,62.5,62.75,59.57500076293945,60.70000076293945,2932764,0.0,0.0,PARSVNATH.NS,Parsvnath Developers Limited,Real Estate,Real Estate - Development,8037194752,,0.017,,26.19,11.15
2009-10-23 00:00:00+05:30,61.099998474121094,62.224998474121094,60.17499923706055,60.599998474121094,2056404,0.0,0.0,PARSVNATH.NS,Parsvnath Developers Limited,Real Estate,Real Estate - Development,8037194752,,0.017,,26.19,11.15
2009-10-26 00:00:00+05:30,61.400001525878906,63.0,60.5,61.79999923706055,1799346,0.0,0.0,PARSVNATH.NS,Parsvnath Developers Limited,Real Estate,Real Estate - Development,8037194752,,0.017,,26.19,11.15
2009-10-27 00:00:00+05:30,61.400001525878906,61.400001525878906,55.54999923706055,57.099998474121094,1166200,0.0,0.0,PARSVNATH.NS,Parsvnath Developers Limited,Real Estate,Real Estate - Development,8037194752,,0.017,,26.19,11.15
2009-10-28 00:00:00+05:30,55.54999923706055,57.400001525878906,52.650001525878906,54.349998474121094,2072444,0.0,0.0,PARSVNATH.NS,Parsvnath Developers Limited,Real Estate,Real Estate - Development,8037194752,,0.017,,26.19,11.15
2009-10-29 00:00:00+05:30,50.025001525878906,53.724998474121094,50.0,52.150001525878906,875280,0.0,0.0,PARSVNATH.NS,Parsvnath Developers Limited,Real Estate,Real Estate - Development,8037194752,,0.017,,26.19,11.15
2009-10-30 00:00:00+05:30,53.95000076293945,55.5,51.5,52.5,779534,0.0,0.0,PARSVNATH.NS,Parsvnath Developers Limited,Real Estate,Real Estate - Development,8037194752,,0.017,,26.19,11.15
2009-11-03 00:00:00+05:30,51.0,52.20000076293945,46.275001525878906,48.20000076293945,917454,0.0,0.0,PARSVNATH.NS,Parsvnath Developers Limited,Real Estate,Real Estate - Development,8037194752,,0.017,,26.19,11.15
2009-11-04 00:00:00+05:30,49.25,52.07500076293945,48.54999923706055,51.025001525878906,1796088,0.0,0.0,PARSVNATH.NS,Parsvnath Developers Limited,Real Estate,Real Estate - Development,8037194752,,0.017,,26.19,11.15
2009-11-05 00:00:00+05:30,51.0,54.20000076293945,49.625,53.04999923706055,1115746,0.0,0.0,PARSVNATH.NS,Parsvnath Developers Limited,Real Estate,Real Estate - Development,8037194752,,0.017,,26.19,11.15
2009-11-06 00:00:00+05:30,53.224998474121094,56.5,53.224998474121094,56.025001525878906,1089168,0.0,0.0,PARSVNATH.NS,Parsvnath Developers Limited,Real Estate,Real Estate - Development,8037194752,,0.017,,26.19,11.15
2009-11-09 00:00:00+05:30,56.0,58.375,54.525001525878906,57.849998474121094,1198322,0.0,0.0,PARSVNATH.NS,Parsvnath Developers Limited,Real Estate,Real Estate - Development,8037194752,,0.017,,26.19,11.15
2009-11-10 00:00:00+05:30,59.29999923706055,59.92499923706055,56.04999923706055,56.70000076293945,1321850,0.0,0.0,PARSVNATH.NS,Parsvnath Developers Limited,Real Estate,Real Estate - Development,8037194752,,0.017,,26.19,11.15
2009-11-11 00:00:00+05:30,55.5,60.0,55.04999923706055,59.349998474121094,1215228,0.0,0.0,PARSVNATH.NS,Parsvnath Developers Limited,Real Estate,Real Estate - Development,8037194752,,0.017,,26.19,11.15
2009-11-12 00:00:00+05:30,58.599998474121094,58.95000076293945,56.0,56.525001525878906,799268,0.0,0.0,PARSVNATH.NS,Parsvnath Developers Limited,Real Estate,Real Estate - Development,8037194752,,0.017,,26.19,11.15
2009-11-13 00:00:00+05:30,56.20000076293945,58.900001525878906,54.900001525878906,58.375,2071816,0.0,0.0,PARSVNATH.NS,Parsvnath Developers Limited,Real Estate,Real Estate - Development,8037194752,,0.017,,26.19,11.15
2009-11-16 00:00:00+05:30,58.54999923706055,59.20000076293945,57.29999923706055,58.400001525878906,1174964,0.0,0.0,PARSVNATH.NS,Parsvnath Developers Limited,Real Estate,Real Estate - Development,8037194752,,0.017,,26.19,11.15
2009-11-17 00:00:00+05:30,57.875,58.95000076293945,57.099998474121094,57.57500076293945,514092,0.0,0.0,PARSVNATH.NS,Parsvnath Developers Limited,Real Estate,Real Estate - Development,8037194752,,0.017,,26.19,11.15
2009-11-18 00:00:00+05:30,57.099998474121094,58.25,56.775001525878906,57.17499923706055,449172,0.0,0.0,PARSVNATH.NS,Parsvnath Developers Limited,Real Estate,Real Estate - Development,8037194752,,0.017,,26.19,11.15
2009-11-19 00:00:00+05:30,57.5,57.849998474121094,55.0,55.625,364382,0.0,0.0,PARSVNATH.NS,Parsvnath Developers Limited,Real Estate,Real Estate - Development,8037194752,,0.017,,26.19,11.15
2009-11-20 00:00:00+05:30,55.25,56.724998474121094,54.29999923706055,56.275001525878906,932148,0.0,0.0,PARSVNATH.NS,Parsvnath Developers Limited,Real Estate,Real Estate - Development,8037194752,,0.017,,26.19,11.15
2009-11-23 00:00:00+05:30,56.650001525878906,57.0,55.150001525878906,55.79999923706055,806864,0.0,0.0,PARSVNATH.NS,Parsvnath Developers Limited,Real Estate,Real Estate - Development,8037194752,,0.017,,26.19,11.15
2009-11-24 00:00:00+05:30,56.79999923706055,58.20000076293945,55.57500076293945,55.974998474121094,917976,0.0,0.0,PARSVNATH.NS,Parsvnath Developers Limited,Real Estate,Real Estate - Development,8037194752,,0.017,,26.19,11.15
2009-11-25 00:00:00+05:30,56.20000076293945,56.474998474121094,54.5,54.974998474121094,257164,0.0,0.0,PARSVNATH.NS,Parsvnath Developers Limited,Real Estate,Real Estate - Development,8037194752,,0.017,,26.19,11.15
2009-11-26 00:00:00+05:30,54.5,55.125,53.5,53.82500076293945,497582,0.0,0.0,PARSVNATH.NS,Parsvnath Developers Limited,Real Estate,Real Estate - Development,8037194752,,0.017,,26.19,11.15
2009-11-27 00:00:00+05:30,52.5,52.75,47.525001525878906,52.32500076293945,724414,0.0,0.0,PARSVNATH.NS,Parsvnath Developers Limited,Real Estate,Real Estate - Development,8037194752,,0.017,,26.19,11.15
2009-11-30 00:00:00+05:30,53.0,53.974998474121094,52.5,52.849998474121094,338412,0.0,0.0,PARSVNATH.NS,Parsvnath Developers Limited,Real Estate,Real Estate - Development,8037194752,,0.017,,26.19,11.15
2009-12-01 00:00:00+05:30,53.5,55.0,53.0,54.625,609068,0.0,0.0,PARSVNATH.NS,Parsvnath Developers Limited,Real Estate,Real Estate - Development,8037194752,,0.017,,26.19,11.15
2009-12-02 00:00:00+05:30,55.25,56.0,55.0,55.79999923706055,450928,0.0,0.0,PARSVNATH.NS,Parsvnath Developers Limited,Real Estate,Real Estate - Development,8037194752,,0.017,,26.19,11.15
2009-12-03 00:00:00+05:30,56.25,56.5,55.0,55.375,548414,0.0,0.0,PARSVNATH.NS,Parsvnath Developers Limited,Real Estate,Real Estate - Development,8037194752,,0.017,,26.19,11.15
2009-12-04 00:00:00+05:30,54.95000076293945,56.5,53.875,54.95000076293945,334954,0.0,0.0,PARSVNATH.NS,Parsvnath Developers Limited,Real Estate,Real Estate - Development,8037194752,,0.017,,26.19,11.15
2009-12-07 00:00:00+05:30,55.25,55.79999923706055,53.775001525878906,54.224998474121094,189124,0.0,0.0,PARSVNATH.NS,Parsvnath Developers Limited,Real Estate,Real Estate - Development,8037194752,,0.017,,26.19,11.15
2009-12-08 00:00:00+05:30,54.54999923706055,58.625,53.5,58.25,2815104,0.0,0.0,PARSVNATH.NS,Parsvnath Developers Limited,Real Estate,Real Estate - Development,8037194752,,0.017,,26.19,11.15
2009-12-09 00:00:00+05:30,57.25,61.849998474121094,56.75,61.42499923706055,3762042,0.0,0.0,PARSVNATH.NS,Parsvnath Developers Limited,Real Estate,Real Estate - Development,8037194752,,0.017,,26.19,11.15
2009-12-10 00:00:00+05:30,60.95000076293945,62.474998474121094,58.54999923706055,62.099998474121094,1988172,0.0,0.0,PARSVNATH.NS,Parsvnath Developers Limited,Real Estate,Real Estate - Development,8037194752,,0.017,,26.19,11.15
2009-12-11 00:00:00+05:30,62.099998474121094,62.70000076293945,59.5,60.32500076293945,775260,0.0,0.0,PARSVNATH.NS,Parsvnath Developers Limited,Real Estate,Real Estate - Development,8037194752,,0.017,,26.19,11.15
2009-12-14 00:00:00+05:30,60.5,64.44999694824219,59.5,62.400001525878906,2132428,0.0,0.0,PARSVNATH.NS,Parsvnath Developers Limited,Real Estate,Real Estate - Development,8037194752,,0.017,,26.19,11.15
2009-12-15 00:00:00+05:30,62.5,64.0,59.75,60.349998474121094,1310504,0.0,0.0,PARSVNATH.NS,Parsvnath Developers Limited,Real Estate,Real Estate - Development,8037194752,,0.017,,26.19,11.15
2009-12-16 00:00:00+05:30,60.0,61.5,59.0,60.900001525878906,899308,0.0,0.0,PARSVNATH.NS,Parsvnath Developers Limited,Real Estate,Real Estate - Development,8037194752,,0.017,,26.19,11.15
2009-12-17 00:00:00+05:30,60.5,61.5,59.54999923706055,60.45000076293945,554028,0.0,0.0,PARSVNATH.NS,Parsvnath Developers Limited,Real Estate,Real Estate - Development,8037194752,,0.017,,26.19,11.15
2009-12-18 00:00:00+05:30,59.5,62.625,59.25,60.224998474121094,1034448,0.0,0.0,PARSVNATH.NS,Parsvnath Developers Limited,Real Estate,Real Estate - Development,8037194752,,0.017,,26.19,11.15
2009-12-21 00:00:00+05:30,60.70000076293945,61.099998474121094,58.5,59.95000076293945,423906,0.0,0.0,PARSVNATH.NS,Parsvnath Developers Limited,Real Estate,Real Estate - Development,8037194752,,0.017,,26.19,11.15
2009-12-22 00:00:00+05:30,60.25,63.0,60.025001525878906,62.525001525878906,846416,0.0,0.0,PARSVNATH.NS,Parsvnath Developers Limited,Real Estate,Real Estate - Development,8037194752,,0.017,,26.19,11.15
2009-12-23 00:00:00+05:30,63.099998474121094,64.5,61.775001525878906,63.400001525878906,1303836,0.0,0.0,PARSVNATH.NS,Parsvnath Developers Limited,Real Estate,Real Estate - Development,8037194752,,0.017,,26.19,11.15
2009-12-24 00:00:00+05:30,63.349998474121094,64.8499984741211,62.70000076293945,63.224998474121094,838136,0.0,0.0,PARSVNATH.NS,Parsvnath Developers Limited,Real Estate,Real Estate - Development,8037194752,,0.017,,26.19,11.15
2009-12-29 00:00:00+05:30,63.0,63.5,61.75,63.17499923706055,443616,0.0,0.0,PARSVNATH.NS,Parsvnath Developers Limited,Real Estate,Real Estate - Development,8037194752,,0.017,,26.19,11.15
2009-12-30 00:00:00+05:30,63.0,63.974998474121094,62.5,63.20000076293945,416028,0.0,0.0,PARSVNATH.NS,Parsvnath Developers Limited,Real Estate,Real Estate - Development,8037194752,,0.017,,26.19,11.15
2009-12-31 00:00:00+05:30,63.5,64.0999984741211,61.775001525878906,62.07500076293945,335112,0.0,0.0,PARSVNATH.NS,Parsvnath Developers Limited,Real Estate,Real Estate - Development,8037194752,,0.017,,26.19,11.15
2010-01-04 00:00:00+05:30,62.5,63.099998474121094,60.849998474121094,61.349998474121094,560748,0.0,0.0,PARSVNATH.NS,Parsvnath Developers Limited,Real Estate,Real Estate - Development,8037194752,,0.017,,26.19,11.15
2010-01-05 00:00:00+05:30,62.45000076293945,64.8499984741211,62.0,64.375,932634,0.0,0.0,PARSVNATH.NS,Parsvnath Developers Limited,Real Estate,Real Estate - Development,8037194752,,0.017,,26.19,11.15
2010-01-06 00:00:00+05:30,65.0,66.4000015258789,64.05000305175781,64.5,693208,0.0,0.0,PARSVNATH.NS,Parsvnath Developers Limited,Real Estate,Real Estate - Development,8037194752,,0.017,,26.19,11.15
2010-01-07 00:00:00+05:30,64.9000015258789,66.44999694824219,64.55000305175781,65.44999694824219,733172,0.0,0.0,PARSVNATH.NS,Parsvnath Developers Limited,Real Estate,Real Estate - Development,8037194752,,0.017,,26.19,11.15
2010-01-08 00:00:00+05:30,65.75,67.69999694824219,65.0250015258789,66.55000305175781,1328808,0.0,0.0,PARSVNATH.NS,Parsvnath Developers Limited,Real Estate,Real Estate - Development,8037194752,,0.017,,26.19,11.15
2010-01-11 00:00:00+05:30,67.4749984741211,67.92500305175781,66.32499694824219,66.8499984741211,630756,0.0,0.0,PARSVNATH.NS,Parsvnath Developers Limited,Real Estate,Real Estate - Development,8037194752,,0.017,,26.19,11.15
2010-01-12 00:00:00+05:30,66.9000015258789,67.44999694824219,64.07499694824219,64.57499694824219,279098,0.0,0.0,PARSVNATH.NS,Parsvnath Developers Limited,Real Estate,Real Estate - Development,8037194752,,0.017,,26.19,11.15
2010-01-13 00:00:00+05:30,63.25,64.9000015258789,62.5,64.32499694824219,496000,0.0,0.0,PARSVNATH.NS,Parsvnath Developers Limited,Real Estate,Real Estate - Development,8037194752,,0.017,,26.19,11.15
2010-01-14 00:00:00+05:30,65.25,65.92500305175781,64.5,64.92500305175781,337520,0.0,0.0,PARSVNATH.NS,Parsvnath Developers Limited,Real Estate,Real Estate - Development,8037194752,,0.017,,26.19,11.15
2010-01-15 00:00:00+05:30,65.5,68.30000305175781,64.0,66.0250015258789,1150904,0.0,0.0,PARSVNATH.NS,Parsvnath Developers Limited,Real Estate,Real Estate - Development,8037194752,,0.017,,26.19,11.15
2010-01-18 00:00:00+05:30,65.4000015258789,67.19999694824219,65.0,66.6500015258789,499968,0.0,0.0,PARSVNATH.NS,Parsvnath Developers Limited,Real Estate,Real Estate - Development,8037194752,,0.017,,26.19,11.15
2010-01-19 00:00:00+05:30,66.5,67.6500015258789,65.0250015258789,65.55000305175781,388594,0.0,0.0,PARSVNATH.NS,Parsvnath Developers Limited,Real Estate,Real Estate - Development,8037194752,,0.017,,26.19,11.15
2010-01-20 00:00:00+05:30,66.0,66.3499984741211,63.07500076293945,64.32499694824219,389772,0.0,0.0,PARSVNATH.NS,Parsvnath Developers Limited,Real Estate,Real Estate - Development,8037194752,,0.017,,26.19,11.15
2010-01-21 00:00:00+05:30,65.3499984741211,67.8499984741211,62.875,63.45000076293945,1696316,0.0,0.0,PARSVNATH.NS,Parsvnath Developers Limited,Real Estate,Real Estate - Development,8037194752,,0.017,,26.19,11.15
2010-01-22 00:00:00+05:30,62.54999923706055,64.9749984741211,60.0,64.44999694824219,661908,0.0,0.0,PARSVNATH.NS,Parsvnath Developers Limited,Real Estate,Real Estate - Development,8037194752,,0.017,,26.19,11.15
2010-01-25 00:00:00+05:30,64.0,64.75,62.25,62.57500076293945,243560,0.0,0.0,PARSVNATH.NS,Parsvnath Developers Limited,Real Estate,Real Estate - Development,8037194752,,0.017,,26.19,11.15
2010-01-27 00:00:00+05:30,61.5,63.875,59.5,60.45000076293945,1001168,0.0,0.0,PARSVNATH.NS,Parsvnath Developers Limited,Real Estate,Real Estate - Development,8037194752,,0.017,,26.19,11.15
2010-01-28 00:00:00+05:30,61.95000076293945,65.0,59.775001525878906,60.45000076293945,424656,0.0,0.0,PARSVNATH.NS,Parsvnath Developers Limited,Real Estate,Real Estate - Development,8037194752,,0.017,,26.19,11.15
2010-01-29 00:00:00+05:30,59.849998474121094,64.82499694824219,57.5,64.3499984741211,1063048,0.0,0.0,PARSVNATH.NS,Parsvnath Developers Limited,Real Estate,Real Estate - Development,8037194752,,0.017,,26.19,11.15
2010-02-01 00:00:00+05:30,64.80000305175781,66.1500015258789,63.75,65.2750015258789,797840,0.0,0.0,PARSVNATH.NS,Parsvnath Developers Limited,Real Estate,Real Estate - Development,8037194752,,0.017,,26.19,11.15
2010-02-02 00:00:00+05:30,65.5,66.82499694824219,63.04999923706055,64.07499694824219,604814,0.0,0.0,PARSVNATH.NS,Parsvnath Developers Limited,Real Estate,Real Estate - Development,8037194752,,0.017,,26.19,11.15
2010-02-03 00:00:00+05:30,64.55000305175781,64.94999694824219,62.45000076293945,63.04999923706055,486080,0.0,0.0,PARSVNATH.NS,Parsvnath Developers Limited,Real Estate,Real Estate - Development,8037194752,,0.017,,26.19,11.15
2010-02-04 00:00:00+05:30,63.349998474121094,63.849998474121094,61.775001525878906,62.474998474121094,345884,0.0,0.0,PARSVNATH.NS,Parsvnath Developers Limited,Real Estate,Real Estate - Development,8037194752,,0.017,,26.19,11.15
2010-02-05 00:00:00+05:30,61.0,61.0,58.57500076293945,59.900001525878906,510564,0.0,0.0,PARSVNATH.NS,Parsvnath Developers Limited,Real Estate,Real Estate - Development,8037194752,,0.017,,26.19,11.15
2010-02-06 00:00:00+05:30,59.525001525878906,60.29999923706055,59.525001525878906,59.79999923706055,54160,0.0,0.0,PARSVNATH.NS,Parsvnath Developers Limited,Real Estate,Real Estate - Development,8037194752,,0.017,,26.19,11.15
2010-02-08 00:00:00+05:30,59.79999923706055,62.75,59.0,62.04999923706055,370712,0.0,0.0,PARSVNATH.NS,Parsvnath Developers Limited,Real Estate,Real Estate - Development,8037194752,,0.017,,26.19,11.15
2010-02-09 00:00:00+05:30,60.599998474121094,61.70000076293945,60.07500076293945,60.349998474121094,215918,0.0,0.0,PARSVNATH.NS,Parsvnath Developers Limited,Real Estate,Real Estate - Development,8037194752,,0.017,,26.19,11.15
2010-02-10 00:00:00+05:30,61.45000076293945,61.599998474121094,59.375,59.625,366534,0.0,0.0,PARSVNATH.NS,Parsvnath Developers Limited,Real Estate,Real Estate - Development,8037194752,,0.017,,26.19,11.15
2010-02-11 00:00:00+05:30,60.29999923706055,60.849998474121094,57.75,59.900001525878906,146732,0.0,0.0,PARSVNATH.NS,Parsvnath Developers Limited,Real Estate,Real Estate - Development,8037194752,,0.017,,26.19,11.15
2010-02-15 00:00:00+05:30,60.32500076293945,60.75,58.54999923706055,59.099998474121094,198764,0.0,0.0,PARSVNATH.NS,Parsvnath Developers Limited,Real Estate,Real Estate - Development,8037194752,,0.017,,26.19,11.15
2010-02-16 00:00:00+05:30,59.95000076293945,60.45000076293945,58.75,59.150001525878906,181704,0.0,0.0,PARSVNATH.NS,Parsvnath Developers Limited,Real Estate,Real Estate - Development,8037194752,,0.017,,26.19,11.15
2010-02-17 00:00:00+05:30,59.95000076293945,60.5,59.0,59.224998474121094,199998,0.0,0.0,PARSVNATH.NS,Parsvnath Developers Limited,Real Estate,Real Estate - Development,8037194752,,0.017,,26.19,11.15
2010-02-18 00:00:00+05:30,59.42499923706055,60.42499923706055,58.45000076293945,59.25,304974,0.0,0.0,PARSVNATH.NS,Parsvnath Developers Limited,Real Estate,Real Estate - Development,8037194752,,0.017,,26.19,11.15
2010-02-19 00:00:00+05:30,58.099998474121094,58.92499923706055,56.875,57.474998474121094,272144,0.0,0.0,PARSVNATH.NS,Parsvnath Developers Limited,Real Estate,Real Estate - Development,8037194752,,0.017,,26.19,11.15
2010-02-22 00:00:00+05:30,58.45000076293945,58.5,57.67499923706055,57.875,208618,0.0,0.0,PARSVNATH.NS,Parsvnath Developers Limited,Real Estate,Real Estate - Development,8037194752,,0.017,,26.19,11.15
2010-02-23 00:00:00+05:30,58.125,58.29999923706055,56.29999923706055,57.25,288420,0.0,0.0,PARSVNATH.NS,Parsvnath Developers Limited,Real Estate,Real Estate - Development,8037194752,,0.017,,26.19,11.15
2010-02-24 00:00:00+05:30,57.0,60.0,56.625,59.04999923706055,1216056,0.0,0.0,PARSVNATH.NS,Parsvnath Developers Limited,Real Estate,Real Estate - Development,8037194752,,0.017,,26.19,11.15
2010-02-25 00:00:00+05:30,59.25,59.75,58.525001525878906,59.25,147452,0.0,0.0,PARSVNATH.NS,Parsvnath Developers Limited,Real Estate,Real Estate - Development,8037194752,,0.017,,26.19,11.15
2010-02-26 00:00:00+05:30,59.724998474121094,62.20000076293945,58.25,60.875,499778,0.0,0.0,PARSVNATH.NS,Parsvnath Developers Limited,Real Estate,Real Estate - Development,8037194752,,0.017,,26.19,11.15
2010-03-02 00:00:00+05:30,61.0,61.025001525878906,59.099998474121094,59.92499923706055,169928,0.0,0.0,PARSVNATH.NS,Parsvnath Developers Limited,Real Estate,Real Estate - Development,8037194752,,0.017,,26.19,11.15
2010-03-03 00:00:00+05:30,60.849998474121094,61.400001525878906,58.275001525878906,61.04999923706055,185340,0.0,0.0,PARSVNATH.NS,Parsvnath Developers Limited,Real Estate,Real Estate - Development,8037194752,,0.017,,26.19,11.15
2010-03-04 00:00:00+05:30,61.0,62.25,60.45000076293945,62.025001525878906,228044,0.0,0.0,PARSVNATH.NS,Parsvnath Developers Limited,Real Estate,Real Estate - Development,8037194752,,0.017,,26.19,11.15
2010-03-05 00:00:00+05:30,62.125,62.900001525878906,61.70000076293945,62.349998474121094,397888,0.0,0.0,PARSVNATH.NS,Parsvnath Developers Limited,Real Estate,Real Estate - Development,8037194752,,0.017,,26.19,11.15
2010-03-08 00:00:00+05:30,62.974998474121094,63.25,61.224998474121094,62.099998474121094,235028,0.0,0.0,PARSVNATH.NS,Parsvnath Developers Limited,Real Estate,Real Estate - Development,8037194752,,0.017,,26.19,11.15
2010-03-09 00:00:00+05:30,64.8499984741211,64.8499984741211,60.54999923706055,60.900001525878906,115664,0.0,0.0,PARSVNATH.NS,Parsvnath Developers Limited,Real Estate,Real Estate - Development,8037194752,,0.017,,26.19,11.15
2010-03-10 00:00:00+05:30,60.849998474121094,61.20000076293945,59.82500076293945,60.349998474121094,136768,0.0,0.0,PARSVNATH.NS,Parsvnath Developers Limited,Real Estate,Real Estate - Development,8037194752,,0.017,,26.19,11.15
2010-03-11 00:00:00+05:30,60.29999923706055,60.70000076293945,58.900001525878906,59.025001525878906,232222,0.0,0.0,PARSVNATH.NS,Parsvnath Developers Limited,Real Estate,Real Estate - Development,8037194752,,0.017,,26.19,11.15
2010-03-12 00:00:00+05:30,59.79999923706055,60.0,58.025001525878906,58.42499923706055,195616,0.0,0.0,PARSVNATH.NS,Parsvnath Developers Limited,Real Estate,Real Estate - Development,8037194752,,0.017,,26.19,11.15
2010-03-15 00:00:00+05:30,58.099998474121094,58.974998474121094,57.650001525878906,57.849998474121094,244092,0.0,0.0,PARSVNATH.NS,Parsvnath Developers Limited,Real Estate,Real Estate - Development,8037194752,,0.017,,26.19,11.15
2010-03-16 00:00:00+05:30,57.54999923706055,58.400001525878906,57.54999923706055,57.900001525878906,213422,0.0,0.0,PARSVNATH.NS,Parsvnath Developers Limited,Real Estate,Real Estate - Development,8037194752,,0.017,,26.19,11.15
2010-03-17 00:00:00+05:30,58.25,60.0,57.5,57.875,491628,0.0,0.0,PARSVNATH.NS,Parsvnath Developers Limited,Real Estate,Real Estate - Development,8037194752,,0.017,,26.19,11.15
2010-03-18 00:00:00+05:30,58.25,59.25,57.525001525878906,57.79999923706055,317792,0.0,0.0,PARSVNATH.NS,Parsvnath Developers Limited,Real Estate,Real Estate - Development,8037194752,,0.017,,26.19,11.15
2010-03-19 00:00:00+05:30,57.95000076293945,58.349998474121094,57.099998474121094,57.29999923706055,392008,0.0,0.0,PARSVNATH.NS,Parsvnath Developers Limited,Real Estate,Real Estate - Development,8037194752,,0.017,,26.19,11.15
2010-03-22 00:00:00+05:30,56.599998474121094,57.5,55.04999923706055,55.82500076293945,295212,0.0,0.0,PARSVNATH.NS,Parsvnath Developers Limited,Real Estate,Real Estate - Development,8037194752,,0.017,,26.19,11.15
2010-03-23 00:00:00+05:30,56.025001525878906,56.400001525878906,55.025001525878906,55.375,161536,0.0,0.0,PARSVNATH.NS,Parsvnath Developers Limited,Real Estate,Real Estate - Development,8037194752,,0.017,,26.19,11.15
2010-03-25 00:00:00+05:30,55.17499923706055,56.375,55.0,56.0,182744,0.0,0.0,PARSVNATH.NS,Parsvnath Developers Limited,Real Estate,Real Estate - Development,8037194752,,0.017,,26.19,11.15
2010-03-26 00:00:00+05:30,56.224998474121094,56.849998474121094,55.349998474121094,55.849998474121094,227696,0.0,0.0,PARSVNATH.NS,Parsvnath Developers Limited,Real Estate,Real Estate - Development,8037194752,,0.017,,26.19,11.15
2010-03-29 00:00:00+05:30,55.900001525878906,57.0,55.5,56.625,1287004,0.0,0.0,PARSVNATH.NS,Parsvnath Developers Limited,Real Estate,Real Estate - Development,8037194752,,0.017,,26.19,11.15
2010-03-30 00:00:00+05:30,56.875,57.375,56.025001525878906,56.349998474121094,461408,0.0,0.0,PARSVNATH.NS,Parsvnath Developers Limited,Real Estate,Real Estate - Development,8037194752,,0.017,,26.19,11.15
2010-03-31 00:00:00+05:30,56.099998474121094,57.400001525878906,55.275001525878906,56.5,196468,0.0,0.0,PARSVNATH.NS,Parsvnath Developers Limited,Real Estate,Real Estate - Development,8037194752,,0.017,,26.19,11.15
2010-04-01 00:00:00+05:30,57.099998474121094,57.625,56.32500076293945,57.099998474121094,371344,0.0,0.0,PARSVNATH.NS,Parsvnath Developers Limited,Real Estate,Real Estate - Development,8037194752,,0.017,,26.19,11.15
2010-04-05 00:00:00+05:30,57.79999923706055,59.5,57.625,58.599998474121094,592134,0.0,0.0,PARSVNATH.NS,Parsvnath Developers Limited,Real Estate,Real Estate - Development,8037194752,,0.017,,26.19,11.15
2010-04-06 00:00:00+05:30,58.5,59.400001525878906,58.150001525878906,58.57500076293945,276612,0.0,0.0,PARSVNATH.NS,Parsvnath Developers Limited,Real Estate,Real Estate - Development,8037194752,,0.017,,26.19,11.15
2010-04-07 00:00:00+05:30,58.95000076293945,59.625,57.625,58.275001525878906,268948,0.0,0.0,PARSVNATH.NS,Parsvnath Developers Limited,Real Estate,Real Estate - Development,8037194752,,0.017,,26.19,11.15
2010-04-08 00:00:00+05:30,59.92499923706055,60.32500076293945,57.45000076293945,58.849998474121094,405478,0.0,0.0,PARSVNATH.NS,Parsvnath Developers Limited,Real Estate,Real Estate - Development,8037194752,,0.017,,26.19,11.15
2010-04-09 00:00:00+05:30,59.25,59.650001525878906,58.400001525878906,59.150001525878906,343678,0.0,0.0,PARSVNATH.NS,Parsvnath Developers Limited,Real Estate,Real Estate - Development,8037194752,,0.017,,26.19,11.15
2010-04-12 00:00:00+05:30,59.0,59.5,58.5,58.67499923706055,122236,0.0,0.0,PARSVNATH.NS,Parsvnath Developers Limited,Real Estate,Real Estate - Development,8037194752,,0.017,,26.19,11.15
2010-04-13 00:00:00+05:30,58.95000076293945,59.75,58.07500076293945,59.375,294480,0.0,0.0,PARSVNATH.NS,Parsvnath Developers Limited,Real Estate,Real Estate - Development,8037194752,,0.017,,26.19,11.15
2010-04-15 00:00:00+05:30,59.95000076293945,64.375,58.79999923706055,63.32500076293945,2230202,0.0,0.0,PARSVNATH.NS,Parsvnath Developers Limited,Real Estate,Real Estate - Development,8037194752,,0.017,,26.19,11.15
2010-04-16 00:00:00+05:30,63.45000076293945,63.974998474121094,61.900001525878906,62.474998474121094,703316,0.0,0.0,PARSVNATH.NS,Parsvnath Developers Limited,Real Estate,Real Estate - Development,8037194752,,0.017,,26.19,11.15
2010-04-19 00:00:00+05:30,61.0,62.29999923706055,59.775001525878906,60.54999923706055,225888,0.0,0.0,PARSVNATH.NS,Parsvnath Developers Limited,Real Estate,Real Estate - Development,8037194752,,0.017,,26.19,11.15
2010-04-20 00:00:00+05:30,61.0,62.849998474121094,60.25,62.07500076293945,335740,0.0,0.0,PARSVNATH.NS,Parsvnath Developers Limited,Real Estate,Real Estate - Development,8037194752,,0.017,,26.19,11.15
2010-04-21 00:00:00+05:30,62.5,63.625,61.5,63.349998474121094,330582,0.0,0.0,PARSVNATH.NS,Parsvnath Developers Limited,Real Estate,Real Estate - Development,8037194752,,0.017,,26.19,11.15
2010-04-22 00:00:00+05:30,63.0,65.69999694824219,62.95000076293945,64.3499984741211,469932,0.0,0.0,PARSVNATH.NS,Parsvnath Developers Limited,Real Estate,Real Estate - Development,8037194752,,0.017,,26.19,11.15
2010-04-23 00:00:00+05:30,64.4749984741211,65.3499984741211,62.82500076293945,64.17500305175781,258576,0.0,0.0,PARSVNATH.NS,Parsvnath Developers Limited,Real Estate,Real Estate - Development,8037194752,,0.017,,26.19,11.15
2010-04-26 00:00:00+05:30,65.25,65.375,62.04999923706055,62.349998474121094,199036,0.0,0.0,PARSVNATH.NS,Parsvnath Developers Limited,Real Estate,Real Estate - Development,8037194752,,0.017,,26.19,11.15
2010-04-27 00:00:00+05:30,63.42499923706055,63.42499923706055,60.099998474121094,60.599998474121094,191948,0.0,0.0,PARSVNATH.NS,Parsvnath Developers Limited,Real Estate,Real Estate - Development,8037194752,,0.017,,26.19,11.15
2010-04-28 00:00:00+05:30,59.25,61.474998474121094,59.0,60.07500076293945,179760,0.0,0.0,PARSVNATH.NS,Parsvnath Developers Limited,Real Estate,Real Estate - Development,8037194752,,0.017,,26.19,11.15
2010-04-29 00:00:00+05:30,61.25,64.4000015258789,60.724998474121094,63.57500076293945,544836,0.0,0.0,PARSVNATH.NS,Parsvnath Developers Limited,Real Estate,Real Estate - Development,8037194752,,0.017,,26.19,11.15
2010-04-30 00:00:00+05:30,64.25,65.3499984741211,61.5,62.275001525878906,738224,0.0,0.0,PARSVNATH.NS,Parsvnath Developers Limited,Real Estate,Real Estate - Development,8037194752,,0.017,,26.19,11.15
2010-05-03 00:00:00+05:30,62.525001525878906,63.650001525878906,61.5,62.125,215004,0.0,0.0,PARSVNATH.NS,Parsvnath Developers Limited,Real Estate,Real Estate - Development,8037194752,,0.017,,26.19,11.15
2010-05-04 00:00:00+05:30,62.75,63.275001525878906,60.5,60.875,149512,0.0,0.0,PARSVNATH.NS,Parsvnath Developers Limited,Real Estate,Real Estate - Development,8037194752,,0.017,,26.19,11.15
2010-05-05 00:00:00+05:30,59.875,61.599998474121094,57.525001525878906,60.125,399662,0.0,0.0,PARSVNATH.NS,Parsvnath Developers Limited,Real Estate,Real Estate - Development,8037194752,,0.017,,26.19,11.15
2010-05-06 00:00:00+05:30,60.5,61.20000076293945,59.29999923706055,59.82500076293945,155532,0.0,0.0,PARSVNATH.NS,Parsvnath Developers Limited,Real Estate,Real Estate - Development,8037194752,,0.017,,26.19,11.15
2010-05-07 00:00:00+05:30,59.099998474121094,59.75,57.775001525878906,58.95000076293945,232212,0.0,0.0,PARSVNATH.NS,Parsvnath Developers Limited,Real Estate,Real Estate - Development,8037194752,,0.017,,26.19,11.15
2010-05-10 00:00:00+05:30,59.75,60.724998474121094,58.775001525878906,60.32500076293945,118002,0.0,0.0,PARSVNATH.NS,Parsvnath Developers Limited,Real Estate,Real Estate - Development,8037194752,,0.017,,26.19,11.15
2010-05-11 00:00:00+05:30,61.32500076293945,61.32500076293945,57.349998474121094,57.974998474121094,262730,0.0,0.0,PARSVNATH.NS,Parsvnath Developers Limited,Real Estate,Real Estate - Development,8037194752,,0.017,,26.19,11.15
2010-05-12 00:00:00+05:30,58.0,59.0,53.57500076293945,57.42499923706055,924716,0.0,0.0,PARSVNATH.NS,Parsvnath Developers Limited,Real Estate,Real Estate - Development,8037194752,,0.017,,26.19,11.15
2010-05-13 00:00:00+05:30,58.25,58.67499923706055,57.375,57.75,195508,0.0,0.0,PARSVNATH.NS,Parsvnath Developers Limited,Real Estate,Real Estate - Development,8037194752,,0.017,,26.19,11.15
2010-05-14 00:00:00+05:30,56.5,57.0,55.150001525878906,56.224998474121094,322592,0.0,0.0,PARSVNATH.NS,Parsvnath Developers Limited,Real Estate,Real Estate - Development,8037194752,,0.017,,26.19,11.15
2010-05-17 00:00:00+05:30,55.5,57.5,54.875,57.17499923706055,291544,0.0,0.0,PARSVNATH.NS,Parsvnath Developers Limited,Real Estate,Real Estate - Development,8037194752,,0.017,,26.19,11.15
2010-05-18 00:00:00+05:30,57.400001525878906,59.70000076293945,56.70000076293945,58.875,424220,0.0,0.0,PARSVNATH.NS,Parsvnath Developers Limited,Real Estate,Real Estate - Development,8037194752,,0.017,,26.19,11.15
2010-05-19 00:00:00+05:30,56.79999923706055,62.5,55.025001525878906,60.474998474121094,1383234,0.0,0.0,PARSVNATH.NS,Parsvnath Developers Limited,Real Estate,Real Estate - Development,8037194752,,0.017,,26.19,11.15
2010-05-20 00:00:00+05:30,59.275001525878906,60.900001525878906,58.5,58.92499923706055,226964,0.0,0.0,PARSVNATH.NS,Parsvnath Developers Limited,Real Estate,Real Estate - Development,8037194752,,0.017,,26.19,11.15
2010-05-21 00:00:00+05:30,56.0,58.25,54.400001525878906,56.25,629514,0.0,0.0,PARSVNATH.NS,Parsvnath Developers Limited,Real Estate,Real Estate - Development,8037194752,,0.017,,26.19,11.15
2010-05-24 00:00:00+05:30,56.099998474121094,57.224998474121094,54.54999923706055,55.099998474121094,265566,0.0,0.0,PARSVNATH.NS,Parsvnath Developers Limited,Real Estate,Real Estate - Development,8037194752,,0.017,,26.19,11.15
2010-05-25 00:00:00+05:30,54.79999923706055,56.724998474121094,54.349998474121094,55.650001525878906,489374,0.0,0.0,PARSVNATH.NS,Parsvnath Developers Limited,Real Estate,Real Estate - Development,8037194752,,0.017,,26.19,11.15
2010-05-26 00:00:00+05:30,56.25,57.0,55.599998474121094,56.04999923706055,134720,0.0,0.0,PARSVNATH.NS,Parsvnath Developers Limited,Real Estate,Real Estate - Development,8037194752,,0.017,,26.19,11.15
2010-05-27 00:00:00+05:30,56.25,56.599998474121094,55.82500076293945,56.17499923706055,104048,0.0,0.0,PARSVNATH.NS,Parsvnath Developers Limited,Real Estate,Real Estate - Development,8037194752,,0.017,,26.19,11.15
2010-05-28 00:00:00+05:30,56.599998474121094,62.875,56.599998474121094,62.275001525878906,951556,0.0,0.0,PARSVNATH.NS,Parsvnath Developers Limited,Real Estate,Real Estate - Development,8037194752,,0.017,,26.19,11.15
2010-05-31 00:00:00+05:30,62.75,65.1500015258789,60.275001525878906,64.57499694824219,1174526,0.0,0.0,PARSVNATH.NS,Parsvnath Developers Limited,Real Estate,Real Estate - Development,8037194752,,0.017,,26.19,11.15
2010-06-01 00:00:00+05:30,64.75,64.8499984741211,61.45000076293945,61.900001525878906,576396,0.0,0.0,PARSVNATH.NS,Parsvnath Developers Limited,Real Estate,Real Estate - Development,8037194752,,0.017,,26.19,11.15
2010-06-02 00:00:00+05:30,61.599998474121094,62.900001525878906,60.79999923706055,61.900001525878906,154424,0.0,0.0,PARSVNATH.NS,Parsvnath Developers Limited,Real Estate,Real Estate - Development,8037194752,,0.017,,26.19,11.15
2010-06-03 00:00:00+05:30,62.5,62.974998474121094,61.275001525878906,61.775001525878906,108432,0.0,0.0,PARSVNATH.NS,Parsvnath Developers Limited,Real Estate,Real Estate - Development,8037194752,,0.017,,26.19,11.15
2010-06-04 00:00:00+05:30,62.150001525878906,64.44999694824219,61.29999923706055,64.17500305175781,782276,0.0,0.0,PARSVNATH.NS,Parsvnath Developers Limited,Real Estate,Real Estate - Development,8037194752,,0.017,,26.19,11.15
2010-06-07 00:00:00+05:30,61.70000076293945,63.125,61.5,62.70000076293945,144254,0.0,0.0,PARSVNATH.NS,Parsvnath Developers Limited,Real Estate,Real Estate - Development,8037194752,,0.017,,26.19,11.15
2010-06-08 00:00:00+05:30,62.724998474121094,63.5,61.5,62.54999923706055,121400,0.0,0.0,PARSVNATH.NS,Parsvnath Developers Limited,Real Estate,Real Estate - Development,8037194752,,0.017,,26.19,11.15
2010-06-09 00:00:00+05:30,62.0,63.0,62.0,62.67499923706055,109536,0.0,0.0,PARSVNATH.NS,Parsvnath Developers Limited,Real Estate,Real Estate - Development,8037194752,,0.017,,26.19,11.15
2010-06-10 00:00:00+05:30,62.900001525878906,63.5,62.0,63.025001525878906,167986,0.0,0.0,PARSVNATH.NS,Parsvnath Developers Limited,Real Estate,Real Estate - Development,8037194752,,0.017,,26.19,11.15
2010-06-11 00:00:00+05:30,63.0,64.94999694824219,63.0,64.625,417096,0.0,0.0,PARSVNATH.NS,Parsvnath Developers Limited,Real Estate,Real Estate - Development,8037194752,,0.017,,26.19,11.15
2010-06-14 00:00:00+05:30,65.0250015258789,66.0,64.0250015258789,64.32499694824219,117936,0.0,0.0,PARSVNATH.NS,Parsvnath Developers Limited,Real Estate,Real Estate - Development,8037194752,,0.017,,26.19,11.15
2010-06-15 00:00:00+05:30,64.9749984741211,64.9749984741211,63.0,63.724998474121094,124594,0.0,0.0,PARSVNATH.NS,Parsvnath Developers Limited,Real Estate,Real Estate - Development,8037194752,,0.017,,26.19,11.15
2010-06-16 00:00:00+05:30,63.79999923706055,64.6500015258789,62.625,63.45000076293945,355684,0.0,0.0,PARSVNATH.NS,Parsvnath Developers Limited,Real Estate,Real Estate - Development,8037194752,,0.017,,26.19,11.15
2010-06-17 00:00:00+05:30,62.974998474121094,63.625,62.5,63.29999923706055,108596,0.0,0.0,PARSVNATH.NS,Parsvnath Developers Limited,Real Estate,Real Estate - Development,8037194752,,0.017,,26.19,11.15
2010-06-18 00:00:00+05:30,63.5,63.599998474121094,62.0,62.974998474121094,260608,0.0,0.0,PARSVNATH.NS,Parsvnath Developers Limited,Real Estate,Real Estate - Development,8037194752,,0.017,,26.19,11.15
2010-06-21 00:00:00+05:30,63.349998474121094,64.25,62.150001525878906,62.875,212684,0.0,0.0,PARSVNATH.NS,Parsvnath Developers Limited,Real Estate,Real Estate - Development,8037194752,,0.017,,26.19,11.15
2010-06-22 00:00:00+05:30,62.599998474121094,63.224998474121094,61.525001525878906,61.82500076293945,124448,0.0,0.0,PARSVNATH.NS,Parsvnath Developers Limited,Real Estate,Real Estate - Development,8037194752,,0.017,,26.19,11.15
2010-06-23 00:00:00+05:30,61.099998474121094,63.224998474121094,60.70000076293945,62.849998474121094,253816,0.0,0.0,PARSVNATH.NS,Parsvnath Developers Limited,Real Estate,Real Estate - Development,8037194752,,0.017,,26.19,11.15
2010-06-24 00:00:00+05:30,62.0,63.150001525878906,62.0,62.375,226024,0.0,0.0,PARSVNATH.NS,Parsvnath Developers Limited,Real Estate,Real Estate - Development,8037194752,,0.017,,26.19,11.15
2010-06-25 00:00:00+05:30,61.54999923706055,63.0,61.25,61.900001525878906,105868,0.0,0.0,PARSVNATH.NS,Parsvnath Developers Limited,Real Estate,Real Estate - Development,8037194752,,0.017,,26.19,11.15
2010-06-28 00:00:00+05:30,61.0,62.5,61.0,62.07500076293945,153284,0.0,0.0,PARSVNATH.NS,Parsvnath Developers Limited,Real Estate,Real Estate - Development,8037194752,,0.017,,26.19,11.15
2010-06-29 00:00:00+05:30,61.95000076293945,63.25,61.125,61.625,618740,0.0,0.0,PARSVNATH.NS,Parsvnath Developers Limited,Real Estate,Real Estate - Development,8037194752,,0.017,,26.19,11.15
2010-06-30 00:00:00+05:30,61.04999923706055,62.099998474121094,61.0,61.82500076293945,351356,0.0,0.0,PARSVNATH.NS,Parsvnath Developers Limited,Real Estate,Real Estate - Development,8037194752,,0.017,,26.19,11.15
2010-07-01 00:00:00+05:30,61.45000076293945,62.20000076293945,61.025001525878906,61.17499923706055,85598,0.0,0.0,PARSVNATH.NS,Parsvnath Developers Limited,Real Estate,Real Estate - Development,8037194752,,0.017,,26.19,11.15
2010-07-02 00:00:00+05:30,61.29999923706055,62.099998474121094,60.5,61.17499923706055,363728,0.0,0.0,PARSVNATH.NS,Parsvnath Developers Limited,Real Estate,Real Estate - Development,8037194752,,0.017,,26.19,11.15
2010-07-05 00:00:00+05:30,61.45000076293945,62.724998474121094,61.025001525878906,61.275001525878906,148358,0.0,0.0,PARSVNATH.NS,Parsvnath Developers Limited,Real Estate,Real Estate - Development,8037194752,,0.017,,26.19,11.15
2010-07-06 00:00:00+05:30,61.42499923706055,61.900001525878906,60.75,61.04999923706055,230098,0.0,0.0,PARSVNATH.NS,Parsvnath Developers Limited,Real Estate,Real Estate - Development,8037194752,,0.017,,26.19,11.15
2010-07-07 00:00:00+05:30,61.45000076293945,62.45000076293945,61.0,61.224998474121094,273050,0.0,0.0,PARSVNATH.NS,Parsvnath Developers Limited,Real Estate,Real Estate - Development,8037194752,,0.017,,26.19,11.15
2010-07-08 00:00:00+05:30,61.900001525878906,62.400001525878906,60.79999923706055,61.099998474121094,102340,0.0,0.0,PARSVNATH.NS,Parsvnath Developers Limited,Real Estate,Real Estate - Development,8037194752,,0.017,,26.19,11.15
2010-07-09 00:00:00+05:30,61.099998474121094,62.0,60.875,61.20000076293945,269502,0.0,0.0,PARSVNATH.NS,Parsvnath Developers Limited,Real Estate,Real Estate - Development,8037194752,,0.017,,26.19,11.15
2010-07-12 00:00:00+05:30,61.45000076293945,62.79999923706055,61.45000076293945,61.900001525878906,323484,0.0,0.0,PARSVNATH.NS,Parsvnath Developers Limited,Real Estate,Real Estate - Development,8037194752,,0.017,,26.19,11.15
2010-07-13 00:00:00+05:30,62.0,67.4749984741211,61.75,66.625,1793796,0.0,0.0,PARSVNATH.NS,Parsvnath Developers Limited,Real Estate,Real Estate - Development,8037194752,,0.017,,26.19,11.15
2010-07-14 00:00:00+05:30,67.25,68.69999694824219,66.0,67.57499694824219,1239222,0.0,0.0,PARSVNATH.NS,Parsvnath Developers Limited,Real Estate,Real Estate - Development,8037194752,,0.017,,26.19,11.15
2010-07-15 00:00:00+05:30,67.30000305175781,68.30000305175781,65.6500015258789,67.80000305175781,414292,0.0,0.0,PARSVNATH.NS,Parsvnath Developers Limited,Real Estate,Real Estate - Development,8037194752,,0.017,,26.19,11.15
2010-07-16 00:00:00+05:30,67.1500015258789,68.19999694824219,66.5250015258789,67.4749984741211,354510,0.0,0.0,PARSVNATH.NS,Parsvnath Developers Limited,Real Estate,Real Estate - Development,8037194752,,0.017,,26.19,11.15
2010-07-19 00:00:00+05:30,68.19999694824219,68.19999694824219,65.25,65.625,236856,0.0,0.0,PARSVNATH.NS,Parsvnath Developers Limited,Real Estate,Real Estate - Development,8037194752,,0.017,,26.19,11.15
2010-07-20 00:00:00+05:30,66.19999694824219,67.4000015258789,65.5250015258789,66.0250015258789,142720,0.0,0.0,PARSVNATH.NS,Parsvnath Developers Limited,Real Estate,Real Estate - Development,8037194752,,0.017,,26.19,11.15
2010-07-21 00:00:00+05:30,66.0250015258789,66.9749984741211,65.80000305175781,66.0999984741211,187868,0.0,0.0,PARSVNATH.NS,Parsvnath Developers Limited,Real Estate,Real Estate - Development,8037194752,,0.017,,26.19,11.15
2010-07-22 00:00:00+05:30,66.0250015258789,66.9000015258789,65.5250015258789,65.9000015258789,129550,0.0,0.0,PARSVNATH.NS,Parsvnath Developers Limited,Real Estate,Real Estate - Development,8037194752,,0.017,,26.19,11.15
2010-07-23 00:00:00+05:30,66.4749984741211,68.7249984741211,64.80000305175781,65.30000305175781,494602,0.0,0.0,PARSVNATH.NS,Parsvnath Developers Limited,Real Estate,Real Estate - Development,8037194752,,0.017,,26.19,11.15
2010-07-26 00:00:00+05:30,65.69999694824219,66.1500015258789,63.79999923706055,64.2750015258789,267576,0.0,0.0,PARSVNATH.NS,Parsvnath Developers Limited,Real Estate,Real Estate - Development,8037194752,,0.017,,26.19,11.15
2010-07-27 00:00:00+05:30,64.94999694824219,65.42500305175781,63.70000076293945,64.1500015258789,354200,0.0,0.0,PARSVNATH.NS,Parsvnath Developers Limited,Real Estate,Real Estate - Development,8037194752,,0.017,,26.19,11.15
2010-07-28 00:00:00+05:30,64.3499984741211,64.75,63.17499923706055,63.474998474121094,96416,0.0,0.0,PARSVNATH.NS,Parsvnath Developers Limited,Real Estate,Real Estate - Development,8037194752,,0.017,,26.19,11.15
2010-07-29 00:00:00+05:30,63.25,64.9749984741211,62.875,64.69999694824219,178824,0.0,0.0,PARSVNATH.NS,Parsvnath Developers Limited,Real Estate,Real Estate - Development,8037194752,,0.017,,26.19,11.15
2010-07-30 00:00:00+05:30,63.95000076293945,65.44999694824219,63.95000076293945,64.94999694824219,196752,0.0,0.0,PARSVNATH.NS,Parsvnath Developers Limited,Real Estate,Real Estate - Development,8037194752,,0.017,,26.19,11.15
2010-08-02 00:00:00+05:30,65.125,66.44999694824219,65.125,65.75,217478,0.0,0.0,PARSVNATH.NS,Parsvnath Developers Limited,Real Estate,Real Estate - Development,8037194752,,0.017,,26.19,11.15
2010-08-03 00:00:00+05:30,65.8499984741211,66.0,64.75,65.125,171772,0.0,0.0,PARSVNATH.NS,Parsvnath Developers Limited,Real Estate,Real Estate - Development,8037194752,,0.017,,26.19,11.15
2010-08-04 00:00:00+05:30,65.0999984741211,65.94999694824219,64.75,65.0999984741211,182366,0.0,0.0,PARSVNATH.NS,Parsvnath Developers Limited,Real Estate,Real Estate - Development,8037194752,,0.017,,26.19,11.15
2010-08-05 00:00:00+05:30,64.94999694824219,66.19999694824219,64.94999694824219,65.125,99904,0.0,0.0,PARSVNATH.NS,Parsvnath Developers Limited,Real Estate,Real Estate - Development,8037194752,,0.017,,26.19,11.15
2010-08-06 00:00:00+05:30,65.44999694824219,67.5,65.44999694824219,65.8499984741211,373104,0.0,0.0,PARSVNATH.NS,Parsvnath Developers Limited,Real Estate,Real Estate - Development,8037194752,,0.017,,26.19,11.15
2010-08-09 00:00:00+05:30,65.25,69.375,65.25,68.80000305175781,669914,0.0,0.0,PARSVNATH.NS,Parsvnath Developers Limited,Real Estate,Real Estate - Development,8037194752,,0.017,,26.19,11.15
2010-08-10 00:00:00+05:30,69.0,70.4000015258789,67.55000305175781,68.57499694824219,1304684,0.0,0.0,PARSVNATH.NS,Parsvnath Developers Limited,Real Estate,Real Estate - Development,8037194752,,0.017,,26.19,11.15
2010-08-11 00:00:00+05:30,68.5999984741211,69.92500305175781,67.05000305175781,67.44999694824219,426822,0.0,0.0,PARSVNATH.NS,Parsvnath Developers Limited,Real Estate,Real Estate - Development,8037194752,,0.017,,26.19,11.15
2010-08-12 00:00:00+05:30,66.17500305175781,69.94999694824219,65.75,68.9749984741211,816004,0.0,0.0,PARSVNATH.NS,Parsvnath Developers Limited,Real Estate,Real Estate - Development,8037194752,,0.017,,26.19,11.15
2010-08-13 00:00:00+05:30,68.75,69.94999694824219,68.07499694824219,69.1500015258789,440540,0.0,0.0,PARSVNATH.NS,Parsvnath Developers Limited,Real Estate,Real Estate - Development,8037194752,,0.017,,26.19,11.15
2010-08-16 00:00:00+05:30,69.1500015258789,71.9749984741211,68.5,69.3499984741211,1012316,0.0,0.0,PARSVNATH.NS,Parsvnath Developers Limited,Real Estate,Real Estate - Development,8037194752,,0.017,,26.19,11.15
2010-08-17 00:00:00+05:30,69.9000015258789,70.69999694824219,67.7750015258789,68.375,222800,0.0,0.0,PARSVNATH.NS,Parsvnath Developers Limited,Real Estate,Real Estate - Development,8037194752,,0.017,,26.19,11.15
2010-08-18 00:00:00+05:30,69.2249984741211,69.44999694824219,67.7249984741211,68.6500015258789,311006,0.0,0.0,PARSVNATH.NS,Parsvnath Developers Limited,Real Estate,Real Estate - Development,8037194752,,0.017,,26.19,11.15
2010-08-19 00:00:00+05:30,68.625,70.4749984741211,68.25,69.7750015258789,575988,0.0,0.0,PARSVNATH.NS,Parsvnath Developers Limited,Real Estate,Real Estate - Development,8037194752,,0.017,,26.19,11.15
2010-08-20 00:00:00+05:30,69.0,71.0999984741211,68.69999694824219,70.5250015258789,811152,0.0,0.0,PARSVNATH.NS,Parsvnath Developers Limited,Real Estate,Real Estate - Development,8037194752,,0.017,,26.19,11.15
2010-08-23 00:00:00+05:30,70.5250015258789,71.19999694824219,69.7750015258789,70.125,393984,0.0,0.0,PARSVNATH.NS,Parsvnath Developers Limited,Real Estate,Real Estate - Development,8037194752,,0.017,,26.19,11.15
2010-08-24 00:00:00+05:30,70.05000305175781,70.82499694824219,68.75,70.05000305175781,243018,0.0,0.0,PARSVNATH.NS,Parsvnath Developers Limited,Real Estate,Real Estate - Development,8037194752,,0.017,,26.19,11.15
2010-08-25 00:00:00+05:30,69.9000015258789,70.44999694824219,68.80000305175781,69.5250015258789,214664,0.0,0.0,PARSVNATH.NS,Parsvnath Developers Limited,Real Estate,Real Estate - Development,8037194752,,0.017,,26.19,11.15
2010-08-26 00:00:00+05:30,69.32499694824219,69.94999694824219,68.80000305175781,69.3499984741211,121126,0.0,0.0,PARSVNATH.NS,Parsvnath Developers Limited,Real Estate,Real Estate - Development,8037194752,,0.017,,26.19,11.15
2010-08-27 00:00:00+05:30,64.2750015258789,69.6500015258789,64.2750015258789,67.6500015258789,284476,0.0,0.0,PARSVNATH.NS,Parsvnath Developers Limited,Real Estate,Real Estate - Development,8037194752,,0.017,,26.19,11.15
2010-08-30 00:00:00+05:30,68.5,68.94999694824219,66.9000015258789,68.5999984741211,229032,0.0,0.0,PARSVNATH.NS,Parsvnath Developers Limited,Real Estate,Real Estate - Development,8037194752,,0.017,,26.19,11.15
2010-08-31 00:00:00+05:30,68.125,69.75,67.25,68.0,265208,0.0,0.0,PARSVNATH.NS,Parsvnath Developers Limited,Real Estate,Real Estate - Development,8037194752,,0.017,,26.19,11.15
2010-09-01 00:00:00+05:30,68.80000305175781,70.25,67.75,69.0250015258789,275554,0.0,0.0,PARSVNATH.NS,Parsvnath Developers Limited,Real Estate,Real Estate - Development,8037194752,,0.017,,26.19,11.15
2010-09-02 00:00:00+05:30,70.8499984741211,70.9000015258789,69.30000305175781,70.55000305175781,224984,0.0,0.0,PARSVNATH.NS,Parsvnath Developers Limited,Real Estate,Real Estate - Development,8037194752,,0.017,,26.19,11.15
2010-09-03 00:00:00+05:30,70.5,70.5,69.0250015258789,70.0999984741211,172944,0.0,0.0,PARSVNATH.NS,Parsvnath Developers Limited,Real Estate,Real Estate - Development,8037194752,,0.017,,26.19,11.15
2010-09-06 00:00:00+05:30,70.25,70.92500305175781,69.6500015258789,70.4749984741211,543548,0.0,0.0,PARSVNATH.NS,Parsvnath Developers Limited,Real Estate,Real Estate - Development,8037194752,,0.017,,26.19,11.15
2010-09-07 00:00:00+05:30,70.5,71.07499694824219,68.875,69.57499694824219,243568,0.0,0.0,PARSVNATH.NS,Parsvnath Developers Limited,Real Estate,Real Estate - Development,8037194752,,0.017,,26.19,11.15
2010-09-08 00:00:00+05:30,69.57499694824219,70.5,69.32499694824219,70.0250015258789,298032,0.0,0.0,PARSVNATH.NS,Parsvnath Developers Limited,Real Estate,Real Estate - Development,8037194752,,0.017,,26.19,11.15
2010-09-09 00:00:00+05:30,69.875,70.5,69.5,70.0999984741211,163360,0.0,0.0,PARSVNATH.NS,Parsvnath Developers Limited,Real Estate,Real Estate - Development,8037194752,,0.017,,26.19,11.15
2010-09-13 00:00:00+05:30,70.94999694824219,72.5,69.80000305175781,70.57499694824219,408788,0.0,0.0,PARSVNATH.NS,Parsvnath Developers Limited,Real Estate,Real Estate - Development,8037194752,,0.017,,26.19,11.15
2010-09-14 00:00:00+05:30,71.0,71.0,70.0250015258789,70.17500305175781,270546,0.0,0.0,PARSVNATH.NS,Parsvnath Developers Limited,Real Estate,Real Estate - Development,8037194752,,0.017,,26.19,11.15
2010-09-15 00:00:00+05:30,69.55000305175781,70.75,69.55000305175781,70.32499694824219,273508,0.0,0.0,PARSVNATH.NS,Parsvnath Developers Limited,Real Estate,Real Estate - Development,8037194752,,0.017,,26.19,11.15
2010-09-16 00:00:00+05:30,70.25,70.75,69.0,69.625,410664,0.0,0.0,PARSVNATH.NS,Parsvnath Developers Limited,Real Estate,Real Estate - Development,8037194752,,0.017,,26.19,11.15
2010-09-17 00:00:00+05:30,70.0,71.8499984741211,69.9000015258789,70.17500305175781,178316,0.0,0.0,PARSVNATH.NS,Parsvnath Developers Limited,Real Estate,Real Estate - Development,8037194752,,0.017,,26.19,11.15
2010-09-20 00:00:00+05:30,70.32499694824219,70.69999694824219,69.92500305175781,70.17500305175781,123120,0.0,0.0,PARSVNATH.NS,Parsvnath Developers Limited,Real Estate,Real Estate - Development,8037194752,,0.017,,26.19,11.15
2010-09-21 00:00:00+05:30,70.75,70.75,69.05000305175781,69.4000015258789,569024,0.0,0.0,PARSVNATH.NS,Parsvnath Developers Limited,Real Estate,Real Estate - Development,8037194752,,0.017,,26.19,11.15
2010-09-22 00:00:00+05:30,69.4000015258789,70.55000305175781,68.30000305175781,70.19999694824219,411766,0.0,0.0,PARSVNATH.NS,Parsvnath Developers Limited,Real Estate,Real Estate - Development,8037194752,,0.017,,26.19,11.15
2010-09-23 00:00:00+05:30,69.8499984741211,71.19999694824219,69.0999984741211,69.6500015258789,508174,0.0,0.0,PARSVNATH.NS,Parsvnath Developers Limited,Real Estate,Real Estate - Development,8037194752,,0.017,,26.19,11.15
2010-09-24 00:00:00+05:30,69.5,74.0,69.17500305175781,71.3499984741211,732600,0.0,0.0,PARSVNATH.NS,Parsvnath Developers Limited,Real Estate,Real Estate - Development,8037194752,,0.017,,26.19,11.15
2010-09-27 00:00:00+05:30,71.875,73.44999694824219,71.5,73.0250015258789,949492,0.0,0.0,PARSVNATH.NS,Parsvnath Developers Limited,Real Estate,Real Estate - Development,8037194752,,0.017,,26.19,11.15
2010-09-28 00:00:00+05:30,73.5,74.0,72.7750015258789,73.75,369412,0.0,0.0,PARSVNATH.NS,Parsvnath Developers Limited,Real Estate,Real Estate - Development,8037194752,,0.017,,26.19,11.15
2010-09-29 00:00:00+05:30,74.0,74.3499984741211,72.7750015258789,73.7249984741211,489222,0.0,0.0,PARSVNATH.NS,Parsvnath Developers Limited,Real Estate,Real Estate - Development,8037194752,,0.017,,26.19,11.15
2010-09-30 00:00:00+05:30,74.0999984741211,74.0999984741211,71.7750015258789,72.625,151490,0.0,0.0,PARSVNATH.NS,Parsvnath Developers Limited,Real Estate,Real Estate - Development,8037194752,,0.017,,26.19,11.15
2010-10-01 00:00:00+05:30,72.4000015258789,74.0,71.8499984741211,73.19999694824219,877888,0.0,0.0,PARSVNATH.NS,Parsvnath Developers Limited,Real Estate,Real Estate - Development,8037194752,,0.017,,26.19,11.15
2010-10-04 00:00:00+05:30,73.92500305175781,74.75,70.5999984741211,70.7249984741211,642572,0.0,0.0,PARSVNATH.NS,Parsvnath Developers Limited,Real Estate,Real Estate - Development,8037194752,,0.017,,26.19,11.15
2010-10-05 00:00:00+05:30,71.25,71.5999984741211,70.5,71.1500015258789,222536,0.0,0.0,PARSVNATH.NS,Parsvnath Developers Limited,Real Estate,Real Estate - Development,8037194752,,0.017,,26.19,11.15
2010-10-06 00:00:00+05:30,72.1500015258789,72.44999694824219,70.75,71.0250015258789,537100,0.0,0.0,PARSVNATH.NS,Parsvnath Developers Limited,Real Estate,Real Estate - Development,8037194752,,0.017,,26.19,11.15
2010-10-07 00:00:00+05:30,71.44999694824219,72.0999984741211,69.875,70.1500015258789,1074714,0.0,0.0,PARSVNATH.NS,Parsvnath Developers Limited,Real Estate,Real Estate - Development,8037194752,,0.017,,26.19,11.15
2010-10-08 00:00:00+05:30,70.5,71.0999984741211,68.55000305175781,69.05000305175781,161148,0.0,0.0,PARSVNATH.NS,Parsvnath Developers Limited,Real Estate,Real Estate - Development,8037194752,,0.017,,26.19,11.15
2010-10-11 00:00:00+05:30,70.5,71.4749984741211,69.4000015258789,70.9749984741211,205972,0.0,0.0,PARSVNATH.NS,Parsvnath Developers Limited,Real Estate,Real Estate - Development,8037194752,,0.017,,26.19,11.15
2010-10-12 00:00:00+05:30,70.0999984741211,71.0,69.30000305175781,70.4749984741211,189596,0.0,0.0,PARSVNATH.NS,Parsvnath Developers Limited,Real Estate,Real Estate - Development,8037194752,,0.017,,26.19,11.15
2010-10-13 00:00:00+05:30,71.0,71.44999694824219,69.5,70.2249984741211,251072,0.0,0.0,PARSVNATH.NS,Parsvnath Developers Limited,Real Estate,Real Estate - Development,8037194752,,0.017,,26.19,11.15
2010-10-14 00:00:00+05:30,70.4749984741211,71.2249984741211,68.8499984741211,70.2750015258789,301506,0.0,0.0,PARSVNATH.NS,Parsvnath Developers Limited,Real Estate,Real Estate - Development,8037194752,,0.017,,26.19,11.15
2010-10-15 00:00:00+05:30,70.6500015258789,71.32499694824219,69.7750015258789,70.67500305175781,373110,0.0,0.0,PARSVNATH.NS,Parsvnath Developers Limited,Real Estate,Real Estate - Development,8037194752,,0.017,,26.19,11.15
2010-10-18 00:00:00+05:30,69.0,72.0,67.0,69.80000305175781,2474417,0.0,2.0,PARSVNATH.NS,Parsvnath Developers Limited,Real Estate,Real Estate - Development,8037194752,,0.017,,26.19,11.15
2010-10-19 00:00:00+05:30,70.5999984741211,71.5,67.5,68.94999694824219,2203695,0.0,0.0,PARSVNATH.NS,Parsvnath Developers Limited,Real Estate,Real Estate - Development,8037194752,,0.017,,26.19,11.15
2010-10-20 00:00:00+05:30,68.6500015258789,70.0,68.6500015258789,69.5,1312974,0.0,0.0,PARSVNATH.NS,Parsvnath Developers Limited,Real Estate,Real Estate - Development,8037194752,,0.017,,26.19,11.15
2010-10-21 00:00:00+05:30,70.19999694824219,70.19999694824219,66.5,68.8499984741211,2461648,0.0,0.0,PARSVNATH.NS,Parsvnath Developers Limited,Real Estate,Real Estate - Development,8037194752,,0.017,,26.19,11.15
2010-10-22 00:00:00+05:30,68.9000015258789,69.30000305175781,67.0,67.80000305175781,739752,0.0,0.0,PARSVNATH.NS,Parsvnath Developers Limited,Real Estate,Real Estate - Development,8037194752,,0.017,,26.19,11.15
2010-10-25 00:00:00+05:30,67.5,69.30000305175781,67.25,68.80000305175781,658039,0.0,0.0,PARSVNATH.NS,Parsvnath Developers Limited,Real Estate,Real Estate - Development,8037194752,,0.017,,26.19,11.15
2010-10-26 00:00:00+05:30,71.0,71.5,68.4000015258789,68.80000305175781,1449835,0.0,0.0,PARSVNATH.NS,Parsvnath Developers Limited,Real Estate,Real Estate - Development,8037194752,,0.017,,26.19,11.15
2010-10-27 00:00:00+05:30,68.9000015258789,70.75,68.0,69.9000015258789,1299042,0.0,0.0,PARSVNATH.NS,Parsvnath Developers Limited,Real Estate,Real Estate - Development,8037194752,,0.017,,26.19,11.15
2010-10-28 00:00:00+05:30,70.0999984741211,70.0999984741211,67.5,68.0,367034,0.0,0.0,PARSVNATH.NS,Parsvnath Developers Limited,Real Estate,Real Estate - Development,8037194752,,0.017,,26.19,11.15
2010-10-29 00:00:00+05:30,68.55000305175781,68.55000305175781,66.0,66.80000305175781,549179,0.0,0.0,PARSVNATH.NS,Parsvnath Developers Limited,Real Estate,Real Estate - Development,8037194752,,0.017,,26.19,11.15
2010-11-01 00:00:00+05:30,67.5,70.0999984741211,66.1500015258789,69.9000015258789,2834294,0.0,0.0,PARSVNATH.NS,Parsvnath Developers Limited,Real Estate,Real Estate - Development,8037194752,,0.017,,26.19,11.15
2010-11-02 00:00:00+05:30,69.9000015258789,70.3499984741211,67.80000305175781,68.1500015258789,904993,0.0,0.0,PARSVNATH.NS,Parsvnath Developers Limited,Real Estate,Real Estate - Development,8037194752,,0.017,,26.19,11.15
2010-11-03 00:00:00+05:30,68.0,69.0999984741211,65.4000015258789,66.94999694824219,862068,0.0,0.0,PARSVNATH.NS,Parsvnath Developers Limited,Real Estate,Real Estate - Development,8037194752,,0.017,,26.19,11.15
2010-11-04 00:00:00+05:30,67.25,68.30000305175781,66.25,66.69999694824219,518846,0.0,0.0,PARSVNATH.NS,Parsvnath Developers Limited,Real Estate,Real Estate - Development,8037194752,,0.017,,26.19,11.15
2010-11-08 00:00:00+05:30,67.5,68.0999984741211,66.0999984741211,66.4000015258789,635869,0.0,0.0,PARSVNATH.NS,Parsvnath Developers Limited,Real Estate,Real Estate - Development,8037194752,,0.017,,26.19,11.15
2010-11-09 00:00:00+05:30,66.69999694824219,66.9000015258789,65.75,65.94999694824219,235053,0.0,0.0,PARSVNATH.NS,Parsvnath Developers Limited,Real Estate,Real Estate - Development,8037194752,,0.017,,26.19,11.15
2010-11-10 00:00:00+05:30,66.0,66.69999694824219,65.19999694824219,65.44999694824219,925636,0.0,0.0,PARSVNATH.NS,Parsvnath Developers Limited,Real Estate,Real Estate - Development,8037194752,,0.017,,26.19,11.15
2010-11-11 00:00:00+05:30,67.1500015258789,67.1500015258789,64.6500015258789,65.05000305175781,2008275,0.0,0.0,PARSVNATH.NS,Parsvnath Developers Limited,Real Estate,Real Estate - Development,8037194752,,0.017,,26.19,11.15
2010-11-12 00:00:00+05:30,66.5,72.0,62.400001525878906,64.5999984741211,3811486,0.0,0.0,PARSVNATH.NS,Parsvnath Developers Limited,Real Estate,Real Estate - Development,8037194752,,0.017,,26.19,11.15
2010-11-15 00:00:00+05:30,64.0999984741211,64.5,62.099998474121094,63.25,1280001,0.0,0.0,PARSVNATH.NS,Parsvnath Developers Limited,Real Estate,Real Estate - Development,8037194752,,0.017,,26.19,11.15
2010-11-16 00:00:00+05:30,63.400001525878906,63.75,61.599998474121094,62.900001525878906,2316440,0.0,0.0,PARSVNATH.NS,Parsvnath Developers Limited,Real Estate,Real Estate - Development,8037194752,,0.017,,26.19,11.15
2010-11-18 00:00:00+05:30,63.900001525878906,64.5999984741211,61.25,63.599998474121094,1782425,0.0,0.0,PARSVNATH.NS,Parsvnath Developers Limited,Real Estate,Real Estate - Development,8037194752,,0.017,,26.19,11.15
2010-11-19 00:00:00+05:30,63.79999923706055,63.95000076293945,59.54999923706055,61.70000076293945,3360865,0.0,0.0,PARSVNATH.NS,Parsvnath Developers Limited,Real Estate,Real Estate - Development,8037194752,,0.017,,26.19,11.15
2010-11-22 00:00:00+05:30,61.900001525878906,61.900001525878906,59.04999923706055,61.150001525878906,352055,0.0,0.0,PARSVNATH.NS,Parsvnath Developers Limited,Real Estate,Real Estate - Development,8037194752,,0.017,,26.19,11.15
2010-11-23 00:00:00+05:30,61.0,67.19999694824219,59.70000076293945,61.0,240290,0.0,0.0,PARSVNATH.NS,Parsvnath Developers Limited,Real Estate,Real Estate - Development,8037194752,,0.017,,26.19,11.15
2010-11-24 00:00:00+05:30,61.099998474121094,61.75,57.70000076293945,59.150001525878906,774227,0.0,0.0,PARSVNATH.NS,Parsvnath Developers Limited,Real Estate,Real Estate - Development,8037194752,,0.017,,26.19,11.15
2010-11-25 00:00:00+05:30,59.25,60.45000076293945,56.650001525878906,57.54999923706055,835121,0.0,0.0,PARSVNATH.NS,Parsvnath Developers Limited,Real Estate,Real Estate - Development,8037194752,,0.017,,26.19,11.15
2010-11-26 00:00:00+05:30,58.599998474121094,59.25,46.04999923706055,57.0,5101027,0.0,0.0,PARSVNATH.NS,Parsvnath Developers Limited,Real Estate,Real Estate - Development,8037194752,,0.017,,26.19,11.15
2010-11-29 00:00:00+05:30,57.0,58.400001525878906,50.75,58.20000076293945,2813791,0.0,0.0,PARSVNATH.NS,Parsvnath Developers Limited,Real Estate,Real Estate - Development,8037194752,,0.017,,26.19,11.15
2010-11-30 00:00:00+05:30,57.150001525878906,59.349998474121094,54.29999923706055,58.29999923706055,3253699,0.0,0.0,PARSVNATH.NS,Parsvnath Developers Limited,Real Estate,Real Estate - Development,8037194752,,0.017,,26.19,11.15
2010-12-01 00:00:00+05:30,57.95000076293945,62.349998474121094,57.5,61.099998474121094,1823543,0.0,0.0,PARSVNATH.NS,Parsvnath Developers Limited,Real Estate,Real Estate - Development,8037194752,,0.017,,26.19,11.15
2010-12-02 00:00:00+05:30,62.29999923706055,62.29999923706055,60.04999923706055,60.849998474121094,540657,0.0,0.0,PARSVNATH.NS,Parsvnath Developers Limited,Real Estate,Real Estate - Development,8037194752,,0.017,,26.19,11.15
2010-12-03 00:00:00+05:30,60.650001525878906,61.29999923706055,51.150001525878906,57.25,2104240,0.0,0.0,PARSVNATH.NS,Parsvnath Developers Limited,Real Estate,Real Estate - Development,8037194752,,0.017,,26.19,11.15
2010-12-06 00:00:00+05:30,59.95000076293945,60.0,54.400001525878906,55.75,1005741,0.0,0.0,PARSVNATH.NS,Parsvnath Developers Limited,Real Estate,Real Estate - Development,8037194752,,0.017,,26.19,11.15
2010-12-07 00:00:00+05:30,56.0,56.099998474121094,53.099998474121094,53.95000076293945,622384,0.0,0.0,PARSVNATH.NS,Parsvnath Developers Limited,Real Estate,Real Estate - Development,8037194752,,0.017,,26.19,11.15
2010-12-08 00:00:00+05:30,53.099998474121094,54.5,52.54999923706055,53.20000076293945,283668,0.0,0.0,PARSVNATH.NS,Parsvnath Developers Limited,Real Estate,Real Estate - Development,8037194752,,0.017,,26.19,11.15
2010-12-09 00:00:00+05:30,53.70000076293945,54.0,50.349998474121094,50.849998474121094,1640065,0.0,0.0,PARSVNATH.NS,Parsvnath Developers Limited,Real Estate,Real Estate - Development,8037194752,,0.017,,26.19,11.15
2010-12-10 00:00:00+05:30,50.45000076293945,53.099998474121094,50.0,50.54999923706055,1259539,0.0,0.0,PARSVNATH.NS,Parsvnath Developers Limited,Real Estate,Real Estate - Development,8037194752,,0.017,,26.19,11.15
2010-12-13 00:00:00+05:30,51.0,52.45000076293945,50.20000076293945,51.75,935366,0.0,0.0,PARSVNATH.NS,Parsvnath Developers Limited,Real Estate,Real Estate - Development,8037194752,,0.017,,26.19,11.15
2010-12-14 00:00:00+05:30,51.79999923706055,52.599998474121094,51.20000076293945,51.79999923706055,840203,0.0,0.0,PARSVNATH.NS,Parsvnath Developers Limited,Real Estate,Real Estate - Development,8037194752,,0.017,,26.19,11.15
2010-12-15 00:00:00+05:30,51.79999923706055,52.29999923706055,48.20000076293945,51.45000076293945,681584,0.0,0.0,PARSVNATH.NS,Parsvnath Developers Limited,Real Estate,Real Estate - Development,8037194752,,0.017,,26.19,11.15
2010-12-16 00:00:00+05:30,51.79999923706055,51.900001525878906,49.70000076293945,50.150001525878906,438964,0.0,0.0,PARSVNATH.NS,Parsvnath Developers Limited,Real Estate,Real Estate - Development,8037194752,,0.017,,26.19,11.15
2010-12-20 00:00:00+05:30,50.400001525878906,51.5,49.900001525878906,51.25,364812,0.0,0.0,PARSVNATH.NS,Parsvnath Developers Limited,Real Estate,Real Estate - Development,8037194752,,0.017,,26.19,11.15
2010-12-21 00:00:00+05:30,51.20000076293945,52.45000076293945,50.79999923706055,51.900001525878906,244505,0.0,0.0,PARSVNATH.NS,Parsvnath Developers Limited,Real Estate,Real Estate - Development,8037194752,,0.017,,26.19,11.15
2010-12-22 00:00:00+05:30,52.0,52.599998474121094,51.849998474121094,52.20000076293945,635072,0.0,0.0,PARSVNATH.NS,Parsvnath Developers Limited,Real Estate,Real Estate - Development,8037194752,,0.017,,26.19,11.15
2010-12-23 00:00:00+05:30,52.099998474121094,52.5,51.400001525878906,52.20000076293945,100941,0.0,0.0,PARSVNATH.NS,Parsvnath Developers Limited,Real Estate,Real Estate - Development,8037194752,,0.017,,26.19,11.15
2010-12-24 00:00:00+05:30,51.099998474121094,52.650001525878906,51.099998474121094,52.400001525878906,1326906,0.0,0.0,PARSVNATH.NS,Parsvnath Developers Limited,Real Estate,Real Estate - Development,8037194752,,0.017,,26.19,11.15
2010-12-27 00:00:00+05:30,52.599998474121094,53.099998474121094,51.5,51.95000076293945,215930,0.0,0.0,PARSVNATH.NS,Parsvnath Developers Limited,Real Estate,Real Estate - Development,8037194752,,0.017,,26.19,11.15
2010-12-28 00:00:00+05:30,51.599998474121094,52.70000076293945,51.25,52.04999923706055,1908401,0.0,0.0,PARSVNATH.NS,Parsvnath Developers Limited,Real Estate,Real Estate - Development,8037194752,,0.017,,26.19,11.15
2010-12-29 00:00:00+05:30,52.0,52.599998474121094,51.75,52.20000076293945,2409918,0.0,0.0,PARSVNATH.NS,Parsvnath Developers Limited,Real Estate,Real Estate - Development,8037194752,,0.017,,26.19,11.15
2010-12-30 00:00:00+05:30,52.099998474121094,55.79999923706055,51.25,54.70000076293945,1106510,0.0,0.0,PARSVNATH.NS,Parsvnath Developers Limited,Real Estate,Real Estate - Development,8037194752,,0.017,,26.19,11.15
2010-12-31 00:00:00+05:30,54.70000076293945,59.25,53.650001525878906,58.20000076293945,1822739,0.0,0.0,PARSVNATH.NS,Parsvnath Developers Limited,Real Estate,Real Estate - Development,8037194752,,0.017,,26.19,11.15
2011-01-03 00:00:00+05:30,58.29999923706055,61.29999923706055,56.29999923706055,58.650001525878906,681054,0.0,0.0,PARSVNATH.NS,Parsvnath Developers Limited,Real Estate,Real Estate - Development,8037194752,,0.017,,26.19,11.15
2011-01-04 00:00:00+05:30,60.400001525878906,62.45000076293945,58.70000076293945,59.349998474121094,808208,0.0,0.0,PARSVNATH.NS,Parsvnath Developers Limited,Real Estate,Real Estate - Development,8037194752,,0.017,,26.19,11.15
2011-01-05 00:00:00+05:30,59.5,60.45000076293945,57.5,58.5,1078206,0.0,0.0,PARSVNATH.NS,Parsvnath Developers Limited,Real Estate,Real Estate - Development,8037194752,,0.017,,26.19,11.15
2011-01-06 00:00:00+05:30,58.849998474121094,58.849998474121094,56.650001525878906,57.70000076293945,348017,0.0,0.0,PARSVNATH.NS,Parsvnath Developers Limited,Real Estate,Real Estate - Development,8037194752,,0.017,,26.19,11.15
2011-01-07 00:00:00+05:30,57.150001525878906,58.599998474121094,56.45000076293945,57.45000076293945,319570,0.0,0.0,PARSVNATH.NS,Parsvnath Developers Limited,Real Estate,Real Estate - Development,8037194752,,0.017,,26.19,11.15
2011-01-10 00:00:00+05:30,56.5,57.70000076293945,55.54999923706055,56.0,226231,0.0,0.0,PARSVNATH.NS,Parsvnath Developers Limited,Real Estate,Real Estate - Development,8037194752,,0.017,,26.19,11.15
2011-01-11 00:00:00+05:30,56.0,56.599998474121094,53.900001525878906,55.29999923706055,734640,0.0,0.0,PARSVNATH.NS,Parsvnath Developers Limited,Real Estate,Real Estate - Development,8037194752,,0.017,,26.19,11.15
2011-01-12 00:00:00+05:30,55.900001525878906,56.45000076293945,53.650001525878906,55.20000076293945,719045,0.0,0.0,PARSVNATH.NS,Parsvnath Developers Limited,Real Estate,Real Estate - Development,8037194752,,0.017,,26.19,11.15
2011-01-13 00:00:00+05:30,55.099998474121094,55.400001525878906,54.0,54.45000076293945,195997,0.0,0.0,PARSVNATH.NS,Parsvnath Developers Limited,Real Estate,Real Estate - Development,8037194752,,0.017,,26.19,11.15
2011-01-14 00:00:00+05:30,54.900001525878906,55.54999923706055,53.20000076293945,54.45000076293945,267975,0.0,0.0,PARSVNATH.NS,Parsvnath Developers Limited,Real Estate,Real Estate - Development,8037194752,,0.017,,26.19,11.15
2011-01-17 00:00:00+05:30,54.099998474121094,54.099998474121094,51.650001525878906,52.400001525878906,2186372,0.0,0.0,PARSVNATH.NS,Parsvnath Developers Limited,Real Estate,Real Estate - Development,8037194752,,0.017,,26.19,11.15
2011-01-18 00:00:00+05:30,52.849998474121094,53.79999923706055,51.0,51.5,740184,0.0,0.0,PARSVNATH.NS,Parsvnath Developers Limited,Real Estate,Real Estate - Development,8037194752,,0.017,,26.19,11.15
2011-01-19 00:00:00+05:30,51.79999923706055,54.0,51.25,51.75,1072518,0.0,0.0,PARSVNATH.NS,Parsvnath Developers Limited,Real Estate,Real Estate - Development,8037194752,,0.017,,26.19,11.15
2011-01-20 00:00:00+05:30,53.0,53.0,50.20000076293945,51.849998474121094,324601,0.0,0.0,PARSVNATH.NS,Parsvnath Developers Limited,Real Estate,Real Estate - Development,8037194752,,0.017,,26.19,11.15
2011-01-21 00:00:00+05:30,51.79999923706055,53.0,51.25,52.0,564804,0.0,0.0,PARSVNATH.NS,Parsvnath Developers Limited,Real Estate,Real Estate - Development,8037194752,,0.017,,26.19,11.15
2011-01-24 00:00:00+05:30,52.099998474121094,52.099998474121094,50.04999923706055,50.29999923706055,574454,0.0,0.0,PARSVNATH.NS,Parsvnath Developers Limited,Real Estate,Real Estate - Development,8037194752,,0.017,,26.19,11.15
2011-01-25 00:00:00+05:30,50.849998474121094,51.29999923706055,50.45000076293945,50.650001525878906,252001,0.0,0.0,PARSVNATH.NS,Parsvnath Developers Limited,Real Estate,Real Estate - Development,8037194752,,0.017,,26.19,11.15
2011-01-27 00:00:00+05:30,50.5,51.400001525878906,48.75,49.29999923706055,1052526,0.0,0.0,PARSVNATH.NS,Parsvnath Developers Limited,Real Estate,Real Estate - Development,8037194752,,0.017,,26.19,11.15
2011-01-28 00:00:00+05:30,49.79999923706055,49.849998474121094,47.25,48.849998474121094,1152424,0.0,0.0,PARSVNATH.NS,Parsvnath Developers Limited,Real Estate,Real Estate - Development,8037194752,,0.017,,26.19,11.15
2011-01-31 00:00:00+05:30,47.79999923706055,48.0,46.25,46.95000076293945,1655994,0.0,0.0,PARSVNATH.NS,Parsvnath Developers Limited,Real Estate,Real Estate - Development,8037194752,,0.017,,26.19,11.15
2011-02-01 00:00:00+05:30,47.650001525878906,48.0,40.900001525878906,43.45000076293945,2330581,0.0,0.0,PARSVNATH.NS,Parsvnath Developers Limited,Real Estate,Real Estate - Development,8037194752,,0.017,,26.19,11.15
2011-02-02 00:00:00+05:30,44.20000076293945,45.5,42.0,45.20000076293945,1109233,0.0,0.0,PARSVNATH.NS,Parsvnath Developers Limited,Real Estate,Real Estate - Development,8037194752,,0.017,,26.19,11.15
2011-02-03 00:00:00+05:30,45.75,45.75,43.79999923706055,44.20000076293945,1581075,0.0,0.0,PARSVNATH.NS,Parsvnath Developers Limited,Real Estate,Real Estate - Development,8037194752,,0.017,,26.19,11.15
2011-02-04 00:00:00+05:30,44.0,44.849998474121094,41.5,43.0,1955835,0.0,0.0,PARSVNATH.NS,Parsvnath Developers Limited,Real Estate,Real Estate - Development,8037194752,,0.017,,26.19,11.15
2011-02-07 00:00:00+05:30,43.0,43.0,40.400001525878906,41.45000076293945,3476687,0.0,0.0,PARSVNATH.NS,Parsvnath Developers Limited,Real Estate,Real Estate - Development,8037194752,,0.017,,26.19,11.15
2011-02-08 00:00:00+05:30,42.0,44.0,40.5,40.900001525878906,930629,0.0,0.0,PARSVNATH.NS,Parsvnath Developers Limited,Real Estate,Real Estate - Development,8037194752,,0.017,,26.19,11.15
2011-02-09 00:00:00+05:30,41.5,41.70000076293945,32.75,32.75,1589846,0.0,0.0,PARSVNATH.NS,Parsvnath Developers Limited,Real Estate,Real Estate - Development,8037194752,,0.017,,26.19,11.15
2011-02-10 00:00:00+05:30,32.849998474121094,33.0,26.200000762939453,28.100000381469727,12278707,0.0,0.0,PARSVNATH.NS,Parsvnath Developers Limited,Real Estate,Real Estate - Development,8037194752,,0.017,,26.19,11.15
2011-02-11 00:00:00+05:30,27.899999618530273,28.25,25.299999237060547,26.25,11910197,0.0,0.0,PARSVNATH.NS,Parsvnath Developers Limited,Real Estate,Real Estate - Development,8037194752,,0.017,,26.19,11.15
2011-02-14 00:00:00+05:30,27.899999618530273,28.899999618530273,27.049999237060547,28.899999618530273,2437274,0.0,0.0,PARSVNATH.NS,Parsvnath Developers Limited,Real Estate,Real Estate - Development,8037194752,,0.017,,26.19,11.15
2011-02-15 00:00:00+05:30,30.25,31.799999237060547,28.899999618530273,29.75,5384885,0.0,0.0,PARSVNATH.NS,Parsvnath Developers Limited,Real Estate,Real Estate - Development,8037194752,,0.017,,26.19,11.15
2011-02-16 00:00:00+05:30,30.0,32.29999923706055,29.200000762939453,31.600000381469727,3240633,0.0,0.0,PARSVNATH.NS,Parsvnath Developers Limited,Real Estate,Real Estate - Development,8037194752,,0.017,,26.19,11.15
2011-02-17 00:00:00+05:30,32.0,32.29999923706055,30.899999618530273,31.700000762939453,2547756,0.0,0.0,PARSVNATH.NS,Parsvnath Developers Limited,Real Estate,Real Estate - Development,8037194752,,0.017,,26.19,11.15
2011-02-18 00:00:00+05:30,32.0,32.400001525878906,30.100000381469727,30.799999237060547,4438514,0.0,0.0,PARSVNATH.NS,Parsvnath Developers Limited,Real Estate,Real Estate - Development,8037194752,,0.017,,26.19,11.15
2011-02-21 00:00:00+05:30,30.899999618530273,31.649999618530273,30.700000762939453,31.399999618530273,1112155,0.0,0.0,PARSVNATH.NS,Parsvnath Developers Limited,Real Estate,Real Estate - Development,8037194752,,0.017,,26.19,11.15
2011-02-22 00:00:00+05:30,31.100000381469727,31.399999618530273,30.399999618530273,30.649999618530273,1809918,0.0,0.0,PARSVNATH.NS,Parsvnath Developers Limited,Real Estate,Real Estate - Development,8037194752,,0.017,,26.19,11.15
2011-02-23 00:00:00+05:30,30.200000762939453,31.399999618530273,30.100000381469727,30.350000381469727,640116,0.0,0.0,PARSVNATH.NS,Parsvnath Developers Limited,Real Estate,Real Estate - Development,8037194752,,0.017,,26.19,11.15
2011-02-24 00:00:00+05:30,30.0,30.899999618530273,29.600000381469727,29.950000762939453,2242464,0.0,0.0,PARSVNATH.NS,Parsvnath Developers Limited,Real Estate,Real Estate - Development,8037194752,,0.017,,26.19,11.15
2011-02-25 00:00:00+05:30,29.0,30.5,28.0,29.200000762939453,1423495,0.0,0.0,PARSVNATH.NS,Parsvnath Developers Limited,Real Estate,Real Estate - Development,8037194752,,0.017,,26.19,11.15
2011-02-28 00:00:00+05:30,30.5,30.75,29.200000762939453,29.450000762939453,1153422,0.0,0.0,PARSVNATH.NS,Parsvnath Developers Limited,Real Estate,Real Estate - Development,8037194752,,0.017,,26.19,11.15
2011-03-01 00:00:00+05:30,30.600000381469727,30.75,29.799999237060547,30.200000762939453,1340344,0.0,0.0,PARSVNATH.NS,Parsvnath Developers Limited,Real Estate,Real Estate - Development,8037194752,,0.017,,26.19,11.15
2011-03-03 00:00:00+05:30,30.299999237060547,30.549999237060547,28.850000381469727,29.399999618530273,1333436,0.0,0.0,PARSVNATH.NS,Parsvnath Developers Limited,Real Estate,Real Estate - Development,8037194752,,0.017,,26.19,11.15
2011-03-04 00:00:00+05:30,29.899999618530273,30.100000381469727,29.25,29.450000762939453,741185,0.0,0.0,PARSVNATH.NS,Parsvnath Developers Limited,Real Estate,Real Estate - Development,8037194752,,0.017,,26.19,11.15
2011-03-07 00:00:00+05:30,29.399999618530273,29.600000381469727,28.75,29.049999237060547,656824,0.0,0.0,PARSVNATH.NS,Parsvnath Developers Limited,Real Estate,Real Estate - Development,8037194752,,0.017,,26.19,11.15
2011-03-08 00:00:00+05:30,29.399999618530273,31.299999237060547,28.100000381469727,30.75,2254398,0.0,0.0,PARSVNATH.NS,Parsvnath Developers Limited,Real Estate,Real Estate - Development,8037194752,,0.017,,26.19,11.15
2011-03-09 00:00:00+05:30,30.799999237060547,31.5,29.75,30.299999237060547,821087,0.0,0.0,PARSVNATH.NS,Parsvnath Developers Limited,Real Estate,Real Estate - Development,8037194752,,0.017,,26.19,11.15
2011-03-10 00:00:00+05:30,30.399999618530273,30.75,30.0,30.700000762939453,2238848,0.0,0.0,PARSVNATH.NS,Parsvnath Developers Limited,Real Estate,Real Estate - Development,8037194752,,0.017,,26.19,11.15
2011-03-11 00:00:00+05:30,30.100000381469727,31.0,30.100000381469727,30.5,857525,0.0,0.0,PARSVNATH.NS,Parsvnath Developers Limited,Real Estate,Real Estate - Development,8037194752,,0.017,,26.19,11.15
2011-03-14 00:00:00+05:30,30.25,31.200000762939453,30.200000762939453,30.75,1191793,0.0,0.0,PARSVNATH.NS,Parsvnath Developers Limited,Real Estate,Real Estate - Development,8037194752,,0.017,,26.19,11.15
2011-03-15 00:00:00+05:30,30.0,35.20000076293945,29.799999237060547,33.95000076293945,4794815,0.0,0.0,PARSVNATH.NS,Parsvnath Developers Limited,Real Estate,Real Estate - Development,8037194752,,0.017,,26.19,11.15
2011-03-16 00:00:00+05:30,33.95000076293945,38.70000076293945,32.5,37.54999923706055,3850469,0.0,0.0,PARSVNATH.NS,Parsvnath Developers Limited,Real Estate,Real Estate - Development,8037194752,,0.017,,26.19,11.15
2011-03-17 00:00:00+05:30,37.0,39.400001525878906,37.0,38.400001525878906,4311060,0.0,0.0,PARSVNATH.NS,Parsvnath Developers Limited,Real Estate,Real Estate - Development,8037194752,,0.017,,26.19,11.15
2011-03-18 00:00:00+05:30,38.900001525878906,38.95000076293945,36.599998474121094,37.70000076293945,3131521,0.0,0.0,PARSVNATH.NS,Parsvnath Developers Limited,Real Estate,Real Estate - Development,8037194752,,0.017,,26.19,11.15
2011-03-21 00:00:00+05:30,37.70000076293945,37.79999923706055,36.54999923706055,36.900001525878906,1351820,0.0,0.0,PARSVNATH.NS,Parsvnath Developers Limited,Real Estate,Real Estate - Development,8037194752,,0.017,,26.19,11.15
2011-03-22 00:00:00+05:30,37.45000076293945,38.95000076293945,36.599998474121094,37.849998474121094,3055711,0.0,0.0,PARSVNATH.NS,Parsvnath Developers Limited,Real Estate,Real Estate - Development,8037194752,,0.017,,26.19,11.15
2011-03-23 00:00:00+05:30,37.75,38.79999923706055,37.54999923706055,37.95000076293945,1939624,0.0,0.0,PARSVNATH.NS,Parsvnath Developers Limited,Real Estate,Real Estate - Development,8037194752,,0.017,,26.19,11.15
2011-03-24 00:00:00+05:30,38.099998474121094,40.349998474121094,38.0,40.099998474121094,3065706,0.0,0.0,PARSVNATH.NS,Parsvnath Developers Limited,Real Estate,Real Estate - Development,8037194752,,0.017,,26.19,11.15
2011-03-25 00:00:00+05:30,40.70000076293945,42.79999923706055,40.400001525878906,42.349998474121094,2768287,0.0,0.0,PARSVNATH.NS,Parsvnath Developers Limited,Real Estate,Real Estate - Development,8037194752,,0.017,,26.19,11.15
2011-03-28 00:00:00+05:30,42.400001525878906,49.5,42.20000076293945,47.45000076293945,16407235,0.0,0.0,PARSVNATH.NS,Parsvnath Developers Limited,Real Estate,Real Estate - Development,8037194752,,0.017,,26.19,11.15
2011-03-29 00:00:00+05:30,47.0,50.29999923706055,44.0,48.45000076293945,17300072,0.0,0.0,PARSVNATH.NS,Parsvnath Developers Limited,Real Estate,Real Estate - Development,8037194752,,0.017,,26.19,11.15
2011-03-30 00:00:00+05:30,48.79999923706055,49.79999923706055,44.0,44.849998474121094,11630561,0.0,0.0,PARSVNATH.NS,Parsvnath Developers Limited,Real Estate,Real Estate - Development,8037194752,,0.017,,26.19,11.15
2011-03-31 00:00:00+05:30,45.0,46.29999923706055,44.099998474121094,45.599998474121094,2324928,0.0,0.0,PARSVNATH.NS,Parsvnath Developers Limited,Real Estate,Real Estate - Development,8037194752,,0.017,,26.19,11.15
2011-04-01 00:00:00+05:30,45.650001525878906,46.5,45.0,46.04999923706055,750158,0.0,0.0,PARSVNATH.NS,Parsvnath Developers Limited,Real Estate,Real Estate - Development,8037194752,,0.017,,26.19,11.15
2011-04-04 00:00:00+05:30,46.0,46.79999923706055,44.599998474121094,46.349998474121094,650521,0.0,0.0,PARSVNATH.NS,Parsvnath Developers Limited,Real Estate,Real Estate - Development,8037194752,,0.017,,26.19,11.15
2011-04-05 00:00:00+05:30,46.849998474121094,47.0,45.150001525878906,45.5,1125506,0.0,0.0,PARSVNATH.NS,Parsvnath Developers Limited,Real Estate,Real Estate - Development,8037194752,,0.017,,26.19,11.15
2011-04-06 00:00:00+05:30,45.900001525878906,46.5,45.45000076293945,45.849998474121094,1041924,0.0,0.0,PARSVNATH.NS,Parsvnath Developers Limited,Real Estate,Real Estate - Development,8037194752,,0.017,,26.19,11.15
2011-04-07 00:00:00+05:30,46.0,48.400001525878906,45.150001525878906,47.29999923706055,2296626,0.0,0.0,PARSVNATH.NS,Parsvnath Developers Limited,Real Estate,Real Estate - Development,8037194752,,0.017,,26.19,11.15
2011-04-08 00:00:00+05:30,47.099998474121094,47.900001525878906,45.70000076293945,46.650001525878906,966650,0.0,0.0,PARSVNATH.NS,Parsvnath Developers Limited,Real Estate,Real Estate - Development,8037194752,,0.017,,26.19,11.15
2011-04-11 00:00:00+05:30,46.099998474121094,47.0,45.5,46.04999923706055,822441,0.0,0.0,PARSVNATH.NS,Parsvnath Developers Limited,Real Estate,Real Estate - Development,8037194752,,0.017,,26.19,11.15
2011-04-13 00:00:00+05:30,46.400001525878906,46.849998474121094,45.75,46.099998474121094,727309,0.0,0.0,PARSVNATH.NS,Parsvnath Developers Limited,Real Estate,Real Estate - Development,8037194752,,0.017,,26.19,11.15
2011-04-15 00:00:00+05:30,46.0,46.5,44.75,45.099998474121094,825284,0.0,0.0,PARSVNATH.NS,Parsvnath Developers Limited,Real Estate,Real Estate - Development,8037194752,,0.017,,26.19,11.15
2011-04-18 00:00:00+05:30,45.0,45.900001525878906,43.70000076293945,45.0,656608,0.0,0.0,PARSVNATH.NS,Parsvnath Developers Limited,Real Estate,Real Estate - Development,8037194752,,0.017,,26.19,11.15
2011-04-19 00:00:00+05:30,44.900001525878906,45.400001525878906,44.150001525878906,45.150001525878906,556665,0.0,0.0,PARSVNATH.NS,Parsvnath Developers Limited,Real Estate,Real Estate - Development,8037194752,,0.017,,26.19,11.15
2011-04-20 00:00:00+05:30,45.45000076293945,46.5,45.099998474121094,45.45000076293945,460350,0.0,0.0,PARSVNATH.NS,Parsvnath Developers Limited,Real Estate,Real Estate - Development,8037194752,,0.017,,26.19,11.15
2011-04-21 00:00:00+05:30,45.5,45.650001525878906,44.349998474121094,44.54999923706055,337100,0.0,0.0,PARSVNATH.NS,Parsvnath Developers Limited,Real Estate,Real Estate - Development,8037194752,,0.017,,26.19,11.15
2011-04-25 00:00:00+05:30,44.150001525878906,45.5,44.150001525878906,44.75,558377,0.0,0.0,PARSVNATH.NS,Parsvnath Developers Limited,Real Estate,Real Estate - Development,8037194752,,0.017,,26.19,11.15
2011-04-26 00:00:00+05:30,44.79999923706055,45.0,44.150001525878906,44.79999923706055,173776,0.0,0.0,PARSVNATH.NS,Parsvnath Developers Limited,Real Estate,Real Estate - Development,8037194752,,0.017,,26.19,11.15
2011-04-27 00:00:00+05:30,45.0,45.0,43.5,43.849998474121094,195859,0.0,0.0,PARSVNATH.NS,Parsvnath Developers Limited,Real Estate,Real Estate - Development,8037194752,,0.017,,26.19,11.15
2011-04-28 00:00:00+05:30,44.099998474121094,45.150001525878906,43.099998474121094,44.25,507062,0.0,0.0,PARSVNATH.NS,Parsvnath Developers Limited,Real Estate,Real Estate - Development,8037194752,,0.017,,26.19,11.15
2011-04-29 00:00:00+05:30,44.25,44.25,43.150001525878906,43.54999923706055,234928,0.0,0.0,PARSVNATH.NS,Parsvnath Developers Limited,Real Estate,Real Estate - Development,8037194752,,0.017,,26.19,11.15
2011-05-02 00:00:00+05:30,43.599998474121094,44.20000076293945,42.25,43.04999923706055,459180,0.0,0.0,PARSVNATH.NS,Parsvnath Developers Limited,Real Estate,Real Estate - Development,8037194752,,0.017,,26.19,11.15
2011-05-03 00:00:00+05:30,42.5,43.150001525878906,41.599998474121094,41.900001525878906,330522,0.0,0.0,PARSVNATH.NS,Parsvnath Developers Limited,Real Estate,Real Estate - Development,8037194752,,0.017,,26.19,11.15
2011-05-04 00:00:00+05:30,41.54999923706055,41.95000076293945,40.20000076293945,41.150001525878906,740933,0.0,0.0,PARSVNATH.NS,Parsvnath Developers Limited,Real Estate,Real Estate - Development,8037194752,,0.017,,26.19,11.15
2011-05-05 00:00:00+05:30,41.099998474121094,42.5,41.099998474121094,41.400001525878906,1057874,0.0,0.0,PARSVNATH.NS,Parsvnath Developers Limited,Real Estate,Real Estate - Development,8037194752,,0.017,,26.19,11.15
2011-05-06 00:00:00+05:30,41.25,41.900001525878906,40.75,41.0,421024,0.0,0.0,PARSVNATH.NS,Parsvnath Developers Limited,Real Estate,Real Estate - Development,8037194752,,0.017,,26.19,11.15
2011-05-09 00:00:00+05:30,39.150001525878906,41.900001525878906,39.150001525878906,41.79999923706055,580259,0.0,0.0,PARSVNATH.NS,Parsvnath Developers Limited,Real Estate,Real Estate - Development,8037194752,,0.017,,26.19,11.15
2011-05-10 00:00:00+05:30,41.70000076293945,42.75,41.400001525878906,42.25,405742,0.0,0.0,PARSVNATH.NS,Parsvnath Developers Limited,Real Estate,Real Estate - Development,8037194752,,0.017,,26.19,11.15
2011-05-11 00:00:00+05:30,42.5,42.70000076293945,41.650001525878906,41.900001525878906,1143747,0.0,0.0,PARSVNATH.NS,Parsvnath Developers Limited,Real Estate,Real Estate - Development,8037194752,,0.017,,26.19,11.15
2011-05-12 00:00:00+05:30,41.54999923706055,42.0,41.099998474121094,41.45000076293945,238726,0.0,0.0,PARSVNATH.NS,Parsvnath Developers Limited,Real Estate,Real Estate - Development,8037194752,,0.017,,26.19,11.15
2011-05-13 00:00:00+05:30,41.099998474121094,44.5,41.099998474121094,42.400001525878906,581065,0.0,0.0,PARSVNATH.NS,Parsvnath Developers Limited,Real Estate,Real Estate - Development,8037194752,,0.017,,26.19,11.15
2011-05-16 00:00:00+05:30,42.099998474121094,42.54999923706055,41.349998474121094,41.599998474121094,593156,0.0,0.0,PARSVNATH.NS,Parsvnath Developers Limited,Real Estate,Real Estate - Development,8037194752,,0.017,,26.19,11.15
2011-05-17 00:00:00+05:30,41.79999923706055,42.349998474121094,40.75,41.54999923706055,353826,0.0,0.0,PARSVNATH.NS,Parsvnath Developers Limited,Real Estate,Real Estate - Development,8037194752,,0.017,,26.19,11.15
2011-05-18 00:00:00+05:30,41.099998474121094,41.75,40.5,40.900001525878906,394738,0.0,0.0,PARSVNATH.NS,Parsvnath Developers Limited,Real Estate,Real Estate - Development,8037194752,,0.017,,26.19,11.15
2011-05-19 00:00:00+05:30,41.400001525878906,41.70000076293945,39.79999923706055,40.900001525878906,278651,0.0,0.0,PARSVNATH.NS,Parsvnath Developers Limited,Real Estate,Real Estate - Development,8037194752,,0.017,,26.19,11.15
2011-05-20 00:00:00+05:30,41.0,42.349998474121094,41.0,41.79999923706055,405474,0.0,0.0,PARSVNATH.NS,Parsvnath Developers Limited,Real Estate,Real Estate - Development,8037194752,,0.017,,26.19,11.15
2011-05-23 00:00:00+05:30,41.54999923706055,41.849998474121094,40.54999923706055,40.900001525878906,214492,0.0,0.0,PARSVNATH.NS,Parsvnath Developers Limited,Real Estate,Real Estate - Development,8037194752,,0.017,,26.19,11.15
2011-05-24 00:00:00+05:30,41.29999923706055,41.29999923706055,40.54999923706055,40.95000076293945,293634,0.0,0.0,PARSVNATH.NS,Parsvnath Developers Limited,Real Estate,Real Estate - Development,8037194752,,0.017,,26.19,11.15
2011-05-25 00:00:00+05:30,40.900001525878906,40.900001525878906,40.0,40.150001525878906,132171,0.0,0.0,PARSVNATH.NS,Parsvnath Developers Limited,Real Estate,Real Estate - Development,8037194752,,0.017,,26.19,11.15
2011-05-26 00:00:00+05:30,40.20000076293945,40.70000076293945,40.0,40.349998474121094,112182,0.0,0.0,PARSVNATH.NS,Parsvnath Developers Limited,Real Estate,Real Estate - Development,8037194752,,0.017,,26.19,11.15
2011-05-27 00:00:00+05:30,40.79999923706055,41.400001525878906,40.349998474121094,40.849998474121094,125639,0.0,0.0,PARSVNATH.NS,Parsvnath Developers Limited,Real Estate,Real Estate - Development,8037194752,,0.017,,26.19,11.15
2011-05-30 00:00:00+05:30,41.0,41.900001525878906,40.79999923706055,41.29999923706055,354350,0.0,0.0,PARSVNATH.NS,Parsvnath Developers Limited,Real Estate,Real Estate - Development,8037194752,,0.017,,26.19,11.15
2011-05-31 00:00:00+05:30,41.900001525878906,42.400001525878906,41.099998474121094,42.04999923706055,234478,0.0,0.0,PARSVNATH.NS,Parsvnath Developers Limited,Real Estate,Real Estate - Development,8037194752,,0.017,,26.19,11.15
2011-06-01 00:00:00+05:30,42.0,43.25,40.79999923706055,41.0,1436390,0.0,0.0,PARSVNATH.NS,Parsvnath Developers Limited,Real Estate,Real Estate - Development,8037194752,,0.017,,26.19,11.15
2011-06-02 00:00:00+05:30,40.54999923706055,41.900001525878906,40.5,41.70000076293945,398562,0.0,0.0,PARSVNATH.NS,Parsvnath Developers Limited,Real Estate,Real Estate - Development,8037194752,,0.017,,26.19,11.15
2011-06-03 00:00:00+05:30,41.54999923706055,42.70000076293945,41.54999923706055,42.25,420697,0.0,0.0,PARSVNATH.NS,Parsvnath Developers Limited,Real Estate,Real Estate - Development,8037194752,,0.017,,26.19,11.15
2011-06-06 00:00:00+05:30,42.400001525878906,42.70000076293945,41.849998474121094,42.5,285235,0.0,0.0,PARSVNATH.NS,Parsvnath Developers Limited,Real Estate,Real Estate - Development,8037194752,,0.017,,26.19,11.15
2011-06-07 00:00:00+05:30,42.5,42.75,42.20000076293945,42.45000076293945,331623,0.0,0.0,PARSVNATH.NS,Parsvnath Developers Limited,Real Estate,Real Estate - Development,8037194752,,0.017,,26.19,11.15
2011-06-08 00:00:00+05:30,42.79999923706055,44.150001525878906,42.20000076293945,43.650001525878906,570050,0.0,0.0,PARSVNATH.NS,Parsvnath Developers Limited,Real Estate,Real Estate - Development,8037194752,,0.017,,26.19,11.15
2011-06-09 00:00:00+05:30,43.900001525878906,44.25,43.29999923706055,43.5,339125,0.0,0.0,PARSVNATH.NS,Parsvnath Developers Limited,Real Estate,Real Estate - Development,8037194752,,0.017,,26.19,11.15
2011-06-10 00:00:00+05:30,43.099998474121094,43.75,42.849998474121094,43.099998474121094,142015,0.0,0.0,PARSVNATH.NS,Parsvnath Developers Limited,Real Estate,Real Estate - Development,8037194752,,0.017,,26.19,11.15
2011-06-13 00:00:00+05:30,43.0,43.599998474121094,43.0,43.04999923706055,201925,0.0,0.0,PARSVNATH.NS,Parsvnath Developers Limited,Real Estate,Real Estate - Development,8037194752,,0.017,,26.19,11.15
2011-06-14 00:00:00+05:30,43.45000076293945,43.70000076293945,43.099998474121094,43.29999923706055,101023,0.0,0.0,PARSVNATH.NS,Parsvnath Developers Limited,Real Estate,Real Estate - Development,8037194752,,0.017,,26.19,11.15
2011-06-15 00:00:00+05:30,43.099998474121094,43.650001525878906,42.900001525878906,43.5,233693,0.0,0.0,PARSVNATH.NS,Parsvnath Developers Limited,Real Estate,Real Estate - Development,8037194752,,0.017,,26.19,11.15
2011-06-16 00:00:00+05:30,43.20000076293945,43.5,43.0,43.099998474121094,127940,0.0,0.0,PARSVNATH.NS,Parsvnath Developers Limited,Real Estate,Real Estate - Development,8037194752,,0.017,,26.19,11.15
2011-06-17 00:00:00+05:30,42.79999923706055,44.5,42.79999923706055,44.349998474121094,669516,0.0,0.0,PARSVNATH.NS,Parsvnath Developers Limited,Real Estate,Real Estate - Development,8037194752,,0.017,,26.19,11.15
2011-06-20 00:00:00+05:30,44.5,44.599998474121094,42.5,43.04999923706055,329317,0.0,0.0,PARSVNATH.NS,Parsvnath Developers Limited,Real Estate,Real Estate - Development,8037194752,,0.017,,26.19,11.15
2011-06-21 00:00:00+05:30,42.849998474121094,43.400001525878906,41.849998474121094,42.45000076293945,696349,0.0,0.0,PARSVNATH.NS,Parsvnath Developers Limited,Real Estate,Real Estate - Development,8037194752,,0.017,,26.19,11.15
2011-06-22 00:00:00+05:30,42.5,43.0,41.54999923706055,42.5,835941,0.0,0.0,PARSVNATH.NS,Parsvnath Developers Limited,Real Estate,Real Estate - Development,8037194752,,0.017,,26.19,11.15
2011-06-23 00:00:00+05:30,42.54999923706055,43.400001525878906,42.150001525878906,42.75,1610581,0.0,0.0,PARSVNATH.NS,Parsvnath Developers Limited,Real Estate,Real Estate - Development,8037194752,,0.017,,26.19,11.15
2011-06-24 00:00:00+05:30,42.900001525878906,46.79999923706055,42.54999923706055,45.79999923706055,665061,0.0,0.0,PARSVNATH.NS,Parsvnath Developers Limited,Real Estate,Real Estate - Development,8037194752,,0.017,,26.19,11.15
2011-06-27 00:00:00+05:30,45.25,47.400001525878906,45.099998474121094,46.29999923706055,660886,0.0,0.0,PARSVNATH.NS,Parsvnath Developers Limited,Real Estate,Real Estate - Development,8037194752,,0.017,,26.19,11.15
2011-06-28 00:00:00+05:30,46.0,46.70000076293945,45.599998474121094,46.54999923706055,262285,0.0,0.0,PARSVNATH.NS,Parsvnath Developers Limited,Real Estate,Real Estate - Development,8037194752,,0.017,,26.19,11.15
2011-06-29 00:00:00+05:30,46.150001525878906,47.400001525878906,46.150001525878906,47.099998474121094,247195,0.0,0.0,PARSVNATH.NS,Parsvnath Developers Limited,Real Estate,Real Estate - Development,8037194752,,0.017,,26.19,11.15
2011-06-30 00:00:00+05:30,47.0,47.5,46.75,47.400001525878906,644915,0.0,0.0,PARSVNATH.NS,Parsvnath Developers Limited,Real Estate,Real Estate - Development,8037194752,,0.017,,26.19,11.15
2011-07-01 00:00:00+05:30,47.900001525878906,48.0,46.79999923706055,47.349998474121094,388413,0.0,0.0,PARSVNATH.NS,Parsvnath Developers Limited,Real Estate,Real Estate - Development,8037194752,,0.017,,26.19,11.15
2011-07-04 00:00:00+05:30,47.900001525878906,48.75,47.20000076293945,48.349998474121094,371359,0.0,0.0,PARSVNATH.NS,Parsvnath Developers Limited,Real Estate,Real Estate - Development,8037194752,,0.017,,26.19,11.15
2011-07-05 00:00:00+05:30,48.900001525878906,48.900001525878906,47.75,47.95000076293945,871246,0.0,0.0,PARSVNATH.NS,Parsvnath Developers Limited,Real Estate,Real Estate - Development,8037194752,,0.017,,26.19,11.15
2011-07-06 00:00:00+05:30,47.54999923706055,48.54999923706055,47.54999923706055,48.29999923706055,2286960,0.0,0.0,PARSVNATH.NS,Parsvnath Developers Limited,Real Estate,Real Estate - Development,8037194752,,0.017,,26.19,11.15
2011-07-07 00:00:00+05:30,48.099998474121094,49.25,48.04999923706055,48.95000076293945,1627398,0.0,0.0,PARSVNATH.NS,Parsvnath Developers Limited,Real Estate,Real Estate - Development,8037194752,,0.017,,26.19,11.15
2011-07-08 00:00:00+05:30,48.54999923706055,49.5,48.25,48.79999923706055,1112322,0.0,0.0,PARSVNATH.NS,Parsvnath Developers Limited,Real Estate,Real Estate - Development,8037194752,,0.017,,26.19,11.15
2011-07-11 00:00:00+05:30,48.900001525878906,48.900001525878906,47.79999923706055,48.20000076293945,626435,0.0,0.0,PARSVNATH.NS,Parsvnath Developers Limited,Real Estate,Real Estate - Development,8037194752,,0.017,,26.19,11.15
2011-07-12 00:00:00+05:30,47.54999923706055,48.54999923706055,46.349998474121094,47.29999923706055,723043,0.0,0.0,PARSVNATH.NS,Parsvnath Developers Limited,Real Estate,Real Estate - Development,8037194752,,0.017,,26.19,11.15
2011-07-13 00:00:00+05:30,47.900001525878906,48.150001525878906,47.099998474121094,47.75,467282,0.0,0.0,PARSVNATH.NS,Parsvnath Developers Limited,Real Estate,Real Estate - Development,8037194752,,0.017,,26.19,11.15
2011-07-14 00:00:00+05:30,47.650001525878906,49.900001525878906,47.099998474121094,48.70000076293945,746607,0.0,0.0,PARSVNATH.NS,Parsvnath Developers Limited,Real Estate,Real Estate - Development,8037194752,,0.017,,26.19,11.15
2011-07-15 00:00:00+05:30,49.0,49.599998474121094,48.599998474121094,48.95000076293945,330477,0.0,0.0,PARSVNATH.NS,Parsvnath Developers Limited,Real Estate,Real Estate - Development,8037194752,,0.017,,26.19,11.15
2011-07-18 00:00:00+05:30,48.599998474121094,49.400001525878906,48.599998474121094,49.04999923706055,1420189,0.0,0.0,PARSVNATH.NS,Parsvnath Developers Limited,Real Estate,Real Estate - Development,8037194752,,0.017,,26.19,11.15
2011-07-19 00:00:00+05:30,49.099998474121094,49.20000076293945,48.5,49.0,2089640,0.0,0.0,PARSVNATH.NS,Parsvnath Developers Limited,Real Estate,Real Estate - Development,8037194752,,0.017,,26.19,11.15
2011-07-20 00:00:00+05:30,49.25,49.25,48.70000076293945,48.75,537453,0.0,0.0,PARSVNATH.NS,Parsvnath Developers Limited,Real Estate,Real Estate - Development,8037194752,,0.017,,26.19,11.15
2011-07-21 00:00:00+05:30,48.849998474121094,48.95000076293945,48.150001525878906,48.5,612091,0.0,0.0,PARSVNATH.NS,Parsvnath Developers Limited,Real Estate,Real Estate - Development,8037194752,,0.017,,26.19,11.15
2011-07-22 00:00:00+05:30,48.45000076293945,49.25,46.79999923706055,48.400001525878906,1669535,0.0,0.0,PARSVNATH.NS,Parsvnath Developers Limited,Real Estate,Real Estate - Development,8037194752,,0.017,,26.19,11.15
2011-07-25 00:00:00+05:30,48.150001525878906,48.900001525878906,48.150001525878906,48.70000076293945,124651,0.0,0.0,PARSVNATH.NS,Parsvnath Developers Limited,Real Estate,Real Estate - Development,8037194752,,0.017,,26.19,11.15
2011-07-26 00:00:00+05:30,48.900001525878906,48.900001525878906,48.099998474121094,48.20000076293945,258011,0.0,0.0,PARSVNATH.NS,Parsvnath Developers Limited,Real Estate,Real Estate - Development,8037194752,,0.017,,26.19,11.15
2011-07-27 00:00:00+05:30,47.599998474121094,48.5,47.599998474121094,48.04999923706055,258698,0.0,0.0,PARSVNATH.NS,Parsvnath Developers Limited,Real Estate,Real Estate - Development,8037194752,,0.017,,26.19,11.15
2011-07-28 00:00:00+05:30,47.79999923706055,48.349998474121094,47.150001525878906,47.45000076293945,397104,0.0,0.0,PARSVNATH.NS,Parsvnath Developers Limited,Real Estate,Real Estate - Development,8037194752,,0.017,,26.19,11.15
2011-07-29 00:00:00+05:30,47.95000076293945,47.95000076293945,45.70000076293945,46.54999923706055,1441919,0.0,0.0,PARSVNATH.NS,Parsvnath Developers Limited,Real Estate,Real Estate - Development,8037194752,,0.017,,26.19,11.15
2011-08-01 00:00:00+05:30,46.79999923706055,47.25,45.599998474121094,47.150001525878906,1189518,0.0,0.0,PARSVNATH.NS,Parsvnath Developers Limited,Real Estate,Real Estate - Development,8037194752,,0.017,,26.19,11.15
2011-08-02 00:00:00+05:30,47.099998474121094,47.45000076293945,46.54999923706055,46.79999923706055,522280,0.0,0.0,PARSVNATH.NS,Parsvnath Developers Limited,Real Estate,Real Estate - Development,8037194752,,0.017,,26.19,11.15
2011-08-03 00:00:00+05:30,46.599998474121094,46.599998474121094,45.95000076293945,46.25,172001,0.0,0.0,PARSVNATH.NS,Parsvnath Developers Limited,Real Estate,Real Estate - Development,8037194752,,0.017,,26.19,11.15
2011-08-04 00:00:00+05:30,46.45000076293945,46.5,45.25,45.54999923706055,696679,0.0,0.0,PARSVNATH.NS,Parsvnath Developers Limited,Real Estate,Real Estate - Development,8037194752,,0.017,,26.19,11.15
2011-08-05 00:00:00+05:30,44.04999923706055,45.0,43.099998474121094,43.849998474121094,1005932,0.0,0.0,PARSVNATH.NS,Parsvnath Developers Limited,Real Estate,Real Estate - Development,8037194752,,0.017,,26.19,11.15
2011-08-08 00:00:00+05:30,43.099998474121094,44.75,43.099998474121094,44.20000076293945,1821638,0.0,0.0,PARSVNATH.NS,Parsvnath Developers Limited,Real Estate,Real Estate - Development,8037194752,,0.017,,26.19,11.15
2011-08-09 00:00:00+05:30,43.75,44.75,43.75,44.25,631797,0.0,0.0,PARSVNATH.NS,Parsvnath Developers Limited,Real Estate,Real Estate - Development,8037194752,,0.017,,26.19,11.15
2011-08-10 00:00:00+05:30,44.099998474121094,45.79999923706055,44.099998474121094,45.0,433824,0.0,0.0,PARSVNATH.NS,Parsvnath Developers Limited,Real Estate,Real Estate - Development,8037194752,,0.017,,26.19,11.15
2011-08-11 00:00:00+05:30,45.0,45.29999923706055,44.349998474121094,44.70000076293945,354656,0.0,0.0,PARSVNATH.NS,Parsvnath Developers Limited,Real Estate,Real Estate - Development,8037194752,,0.017,,26.19,11.15
2011-08-12 00:00:00+05:30,44.5,46.5,44.0,45.54999923706055,1143904,0.0,0.0,PARSVNATH.NS,Parsvnath Developers Limited,Real Estate,Real Estate - Development,8037194752,,0.017,,26.19,11.15
2011-08-16 00:00:00+05:30,45.900001525878906,46.25,45.29999923706055,45.54999923706055,590166,0.0,0.0,PARSVNATH.NS,Parsvnath Developers Limited,Real Estate,Real Estate - Development,8037194752,,0.017,,26.19,11.15
2011-08-17 00:00:00+05:30,45.099998474121094,45.599998474121094,37.0,45.400001525878906,535900,0.0,0.0,PARSVNATH.NS,Parsvnath Developers Limited,Real Estate,Real Estate - Development,8037194752,,0.017,,26.19,11.15
2011-08-18 00:00:00+05:30,45.099998474121094,45.79999923706055,45.0,45.45000076293945,224533,0.0,0.0,PARSVNATH.NS,Parsvnath Developers Limited,Real Estate,Real Estate - Development,8037194752,,0.017,,26.19,11.15
2011-08-19 00:00:00+05:30,44.599998474121094,45.400001525878906,44.099998474121094,45.0,339092,0.0,0.0,PARSVNATH.NS,Parsvnath Developers Limited,Real Estate,Real Estate - Development,8037194752,,0.017,,26.19,11.15
2011-08-22 00:00:00+05:30,45.0,45.29999923706055,44.650001525878906,45.099998474121094,1262831,0.0,0.0,PARSVNATH.NS,Parsvnath Developers Limited,Real Estate,Real Estate - Development,8037194752,,0.017,,26.19,11.15
2011-08-23 00:00:00+05:30,45.25,46.75,45.0,46.45000076293945,1554953,0.0,0.0,PARSVNATH.NS,Parsvnath Developers Limited,Real Estate,Real Estate - Development,8037194752,,0.017,,26.19,11.15
2011-08-24 00:00:00+05:30,46.5,46.900001525878906,45.79999923706055,46.5,189915,0.0,0.0,PARSVNATH.NS,Parsvnath Developers Limited,Real Estate,Real Estate - Development,8037194752,,0.017,,26.19,11.15
2011-08-25 00:00:00+05:30,46.5,46.849998474121094,46.099998474121094,46.599998474121094,1996052,0.0,0.0,PARSVNATH.NS,Parsvnath Developers Limited,Real Estate,Real Estate - Development,8037194752,,0.017,,26.19,11.15
2011-08-26 00:00:00+05:30,46.900001525878906,46.900001525878906,45.400001525878906,45.95000076293945,211195,0.0,0.0,PARSVNATH.NS,Parsvnath Developers Limited,Real Estate,Real Estate - Development,8037194752,,0.017,,26.19,11.15
2011-08-29 00:00:00+05:30,46.099998474121094,48.5,46.04999923706055,48.20000076293945,1285880,0.0,0.0,PARSVNATH.NS,Parsvnath Developers Limited,Real Estate,Real Estate - Development,8037194752,,0.017,,26.19,11.15
2011-08-30 00:00:00+05:30,49.20000076293945,50.900001525878906,48.75,50.20000076293945,3603062,0.0,0.0,PARSVNATH.NS,Parsvnath Developers Limited,Real Estate,Real Estate - Development,8037194752,,0.017,,26.19,11.15
2011-09-02 00:00:00+05:30,50.5,54.75,49.54999923706055,54.150001525878906,4120779,0.0,0.0,PARSVNATH.NS,Parsvnath Developers Limited,Real Estate,Real Estate - Development,8037194752,,0.017,,26.19,11.15
2011-09-05 00:00:00+05:30,53.54999923706055,56.29999923706055,53.5,55.75,3343851,0.0,0.0,PARSVNATH.NS,Parsvnath Developers Limited,Real Estate,Real Estate - Development,8037194752,,0.017,,26.19,11.15
2011-09-06 00:00:00+05:30,55.5,57.95000076293945,50.5,57.70000076293945,3088432,0.0,0.0,PARSVNATH.NS,Parsvnath Developers Limited,Real Estate,Real Estate - Development,8037194752,,0.017,,26.19,11.15
2011-09-07 00:00:00+05:30,57.5,59.95000076293945,57.5,59.650001525878906,3376467,0.0,0.0,PARSVNATH.NS,Parsvnath Developers Limited,Real Estate,Real Estate - Development,8037194752,,0.017,,26.19,11.15
2011-09-08 00:00:00+05:30,60.0,60.79999923706055,58.849998474121094,60.70000076293945,2082329,0.0,0.0,PARSVNATH.NS,Parsvnath Developers Limited,Real Estate,Real Estate - Development,8037194752,,0.017,,26.19,11.15
2011-09-09 00:00:00+05:30,61.0,61.0,57.04999923706055,60.25,2790729,0.0,0.0,PARSVNATH.NS,Parsvnath Developers Limited,Real Estate,Real Estate - Development,8037194752,,0.017,,26.19,11.15
2011-09-12 00:00:00+05:30,59.099998474121094,59.79999923706055,58.650001525878906,59.5,765614,0.0,0.0,PARSVNATH.NS,Parsvnath Developers Limited,Real Estate,Real Estate - Development,8037194752,,0.017,,26.19,11.15
2011-09-13 00:00:00+05:30,59.900001525878906,60.5,58.75,60.25,1566066,0.0,0.0,PARSVNATH.NS,Parsvnath Developers Limited,Real Estate,Real Estate - Development,8037194752,,0.017,,26.19,11.15
2011-09-14 00:00:00+05:30,60.900001525878906,61.099998474121094,59.54999923706055,60.70000076293945,1352597,0.0,0.0,PARSVNATH.NS,Parsvnath Developers Limited,Real Estate,Real Estate - Development,8037194752,,0.017,,26.19,11.15
2011-09-15 00:00:00+05:30,61.0,62.25,60.20000076293945,62.04999923706055,911930,0.0,0.0,PARSVNATH.NS,Parsvnath Developers Limited,Real Estate,Real Estate - Development,8037194752,,0.017,,26.19,11.15
2011-09-16 00:00:00+05:30,62.0,66.69999694824219,60.650001525878906,66.19999694824219,3610121,0.0,0.0,PARSVNATH.NS,Parsvnath Developers Limited,Real Estate,Real Estate - Development,8037194752,,0.017,,26.19,11.15
2011-09-19 00:00:00+05:30,66.0,67.55000305175781,65.0,66.5,1115754,0.0,0.0,PARSVNATH.NS,Parsvnath Developers Limited,Real Estate,Real Estate - Development,8037194752,,0.017,,26.19,11.15
2011-09-20 00:00:00+05:30,66.0,67.3499984741211,63.0,65.30000305175781,4973762,0.0,0.0,PARSVNATH.NS,Parsvnath Developers Limited,Real Estate,Real Estate - Development,8037194752,,0.017,,26.19,11.15
2011-09-21 00:00:00+05:30,65.9000015258789,69.3499984741211,65.3499984741211,68.80000305175781,2410189,0.0,0.0,PARSVNATH.NS,Parsvnath Developers Limited,Real Estate,Real Estate - Development,8037194752,,0.017,,26.19,11.15
2011-09-22 00:00:00+05:30,66.6500015258789,67.9000015258789,65.05000305175781,66.0,2411337,0.0,0.0,PARSVNATH.NS,Parsvnath Developers Limited,Real Estate,Real Estate - Development,8037194752,,0.017,,26.19,11.15
2011-09-23 00:00:00+05:30,65.0999984741211,67.94999694824219,64.69999694824219,67.6500015258789,1528893,0.0,0.0,PARSVNATH.NS,Parsvnath Developers Limited,Real Estate,Real Estate - Development,8037194752,,0.017,,26.19,11.15
2011-09-26 00:00:00+05:30,67.9000015258789,69.5,65.05000305175781,65.80000305175781,1538469,0.0,0.0,PARSVNATH.NS,Parsvnath Developers Limited,Real Estate,Real Estate - Development,8037194752,,0.017,,26.19,11.15
2011-09-27 00:00:00+05:30,66.9000015258789,67.0999984741211,65.5,66.44999694824219,1033607,0.0,0.0,PARSVNATH.NS,Parsvnath Developers Limited,Real Estate,Real Estate - Development,8037194752,,0.017,,26.19,11.15
2011-09-28 00:00:00+05:30,66.44999694824219,68.94999694824219,65.5999984741211,66.3499984741211,725826,0.0,0.0,PARSVNATH.NS,Parsvnath Developers Limited,Real Estate,Real Estate - Development,8037194752,,0.017,,26.19,11.15
2011-09-29 00:00:00+05:30,66.0999984741211,66.19999694824219,64.75,65.0,1731145,0.0,0.0,PARSVNATH.NS,Parsvnath Developers Limited,Real Estate,Real Estate - Development,8037194752,,0.017,,26.19,11.15
2011-09-30 00:00:00+05:30,64.5999984741211,66.0,63.599998474121094,64.8499984741211,612275,0.0,0.0,PARSVNATH.NS,Parsvnath Developers Limited,Real Estate,Real Estate - Development,8037194752,,0.017,,26.19,11.15
2011-10-03 00:00:00+05:30,64.75,66.5,62.75,64.80000305175781,3235551,0.0,0.0,PARSVNATH.NS,Parsvnath Developers Limited,Real Estate,Real Estate - Development,8037194752,,0.017,,26.19,11.15
2011-10-04 00:00:00+05:30,64.4000015258789,64.75,63.099998474121094,63.75,1309919,0.0,0.0,PARSVNATH.NS,Parsvnath Developers Limited,Real Estate,Real Estate - Development,8037194752,,0.017,,26.19,11.15
2011-10-05 00:00:00+05:30,64.0,64.3499984741211,62.25,63.29999923706055,483896,0.0,0.0,PARSVNATH.NS,Parsvnath Developers Limited,Real Estate,Real Estate - Development,8037194752,,0.017,,26.19,11.15
2011-10-07 00:00:00+05:30,63.650001525878906,65.75,63.5,65.44999694824219,5450640,0.0,0.0,PARSVNATH.NS,Parsvnath Developers Limited,Real Estate,Real Estate - Development,8037194752,,0.017,,26.19,11.15
2011-10-10 00:00:00+05:30,65.4000015258789,68.80000305175781,64.6500015258789,68.5,3621534,0.0,0.0,PARSVNATH.NS,Parsvnath Developers Limited,Real Estate,Real Estate - Development,8037194752,,0.017,,26.19,11.15
2011-10-11 00:00:00+05:30,69.69999694824219,71.80000305175781,67.55000305175781,68.4000015258789,984295,0.0,0.0,PARSVNATH.NS,Parsvnath Developers Limited,Real Estate,Real Estate - Development,8037194752,,0.017,,26.19,11.15
2011-10-12 00:00:00+05:30,68.4000015258789,69.75,68.05000305175781,69.69999694824219,645907,0.0,0.0,PARSVNATH.NS,Parsvnath Developers Limited,Real Estate,Real Estate - Development,8037194752,,0.017,,26.19,11.15
2011-10-13 00:00:00+05:30,69.25,70.94999694824219,69.0,70.5,1108123,0.0,0.0,PARSVNATH.NS,Parsvnath Developers Limited,Real Estate,Real Estate - Development,8037194752,,0.017,,26.19,11.15
2011-10-14 00:00:00+05:30,70.5,71.69999694824219,70.0,71.0999984741211,388554,0.0,0.0,PARSVNATH.NS,Parsvnath Developers Limited,Real Estate,Real Estate - Development,8037194752,,0.017,,26.19,11.15
2011-10-17 00:00:00+05:30,71.55000305175781,71.75,70.5999984741211,71.25,976532,0.0,0.0,PARSVNATH.NS,Parsvnath Developers Limited,Real Estate,Real Estate - Development,8037194752,,0.017,,26.19,11.15
2011-10-18 00:00:00+05:30,70.25,72.80000305175781,70.25,72.30000305175781,2312752,0.0,0.0,PARSVNATH.NS,Parsvnath Developers Limited,Real Estate,Real Estate - Development,8037194752,,0.017,,26.19,11.15
2011-10-19 00:00:00+05:30,72.30000305175781,79.4000015258789,71.4000015258789,78.1500015258789,2680088,0.0,0.0,PARSVNATH.NS,Parsvnath Developers Limited,Real Estate,Real Estate - Development,8037194752,,0.017,,26.19,11.15
2011-10-20 00:00:00+05:30,78.19999694824219,82.25,76.5,78.19999694824219,5314145,0.0,0.0,PARSVNATH.NS,Parsvnath Developers Limited,Real Estate,Real Estate - Development,8037194752,,0.017,,26.19,11.15
2011-10-21 00:00:00+05:30,78.80000305175781,79.55000305175781,76.5,77.30000305175781,1431461,0.0,0.0,PARSVNATH.NS,Parsvnath Developers Limited,Real Estate,Real Estate - Development,8037194752,,0.017,,26.19,11.15
2011-10-24 00:00:00+05:30,77.4000015258789,78.3499984741211,74.69999694824219,77.0,1315385,0.0,0.0,PARSVNATH.NS,Parsvnath Developers Limited,Real Estate,Real Estate - Development,8037194752,,0.017,,26.19,11.15
2011-10-25 00:00:00+05:30,76.4000015258789,76.4000015258789,73.80000305175781,75.75,1806301,0.0,0.0,PARSVNATH.NS,Parsvnath Developers Limited,Real Estate,Real Estate - Development,8037194752,,0.017,,26.19,11.15
2011-10-28 00:00:00+05:30,77.5,80.0,76.3499984741211,78.1500015258789,410330,0.0,0.0,PARSVNATH.NS,Parsvnath Developers Limited,Real Estate,Real Estate - Development,8037194752,,0.017,,26.19,11.15
2011-10-31 00:00:00+05:30,78.5,81.25,77.55000305175781,80.19999694824219,1521321,0.0,0.0,PARSVNATH.NS,Parsvnath Developers Limited,Real Estate,Real Estate - Development,8037194752,,0.017,,26.19,11.15
2011-11-01 00:00:00+05:30,80.4000015258789,82.05000305175781,79.0,79.30000305175781,1424961,0.0,0.0,PARSVNATH.NS,Parsvnath Developers Limited,Real Estate,Real Estate - Development,8037194752,,0.017,,26.19,11.15
2011-11-02 00:00:00+05:30,78.5999984741211,78.94999694824219,77.0999984741211,77.69999694824219,469689,0.0,0.0,PARSVNATH.NS,Parsvnath Developers Limited,Real Estate,Real Estate - Development,8037194752,,0.017,,26.19,11.15
2011-11-03 00:00:00+05:30,77.0999984741211,78.4000015258789,77.0,77.5,882732,0.0,0.0,PARSVNATH.NS,Parsvnath Developers Limited,Real Estate,Real Estate - Development,8037194752,,0.017,,26.19,11.15
2011-11-04 00:00:00+05:30,78.0999984741211,79.75,78.0999984741211,79.3499984741211,434955,0.0,0.0,PARSVNATH.NS,Parsvnath Developers Limited,Real Estate,Real Estate - Development,8037194752,,0.017,,26.19,11.15
2011-11-08 00:00:00+05:30,77.5,78.0,75.1500015258789,75.5,1239786,0.0,0.0,PARSVNATH.NS,Parsvnath Developers Limited,Real Estate,Real Estate - Development,8037194752,,0.017,,26.19,11.15
2011-11-09 00:00:00+05:30,75.9000015258789,76.4000015258789,74.5,75.55000305175781,1699096,0.0,0.0,PARSVNATH.NS,Parsvnath Developers Limited,Real Estate,Real Estate - Development,8037194752,,0.017,,26.19,11.15
2011-11-11 00:00:00+05:30,74.0,76.4000015258789,73.5,75.80000305175781,760675,0.0,0.0,PARSVNATH.NS,Parsvnath Developers Limited,Real Estate,Real Estate - Development,8037194752,,0.017,,26.19,11.15
2011-11-14 00:00:00+05:30,75.80000305175781,78.0,74.0999984741211,75.4000015258789,1333868,0.0,0.0,PARSVNATH.NS,Parsvnath Developers Limited,Real Estate,Real Estate - Development,8037194752,,0.017,,26.19,11.15
2011-11-15 00:00:00+05:30,74.69999694824219,75.4000015258789,72.0999984741211,73.5999984741211,275075,0.0,0.0,PARSVNATH.NS,Parsvnath Developers Limited,Real Estate,Real Estate - Development,8037194752,,0.017,,26.19,11.15
2011-11-16 00:00:00+05:30,72.5999984741211,73.75,71.5999984741211,73.0,403908,0.0,0.0,PARSVNATH.NS,Parsvnath Developers Limited,Real Estate,Real Estate - Development,8037194752,,0.017,,26.19,11.15
2011-11-17 00:00:00+05:30,72.0999984741211,73.5,69.30000305175781,71.94999694824219,1505415,0.0,0.0,PARSVNATH.NS,Parsvnath Developers Limited,Real Estate,Real Estate - Development,8037194752,,0.017,,26.19,11.15
2011-11-18 00:00:00+05:30,71.0,71.94999694824219,57.599998474121094,57.599998474121094,634014,0.0,0.0,PARSVNATH.NS,Parsvnath Developers Limited,Real Estate,Real Estate - Development,8037194752,,0.017,,26.19,11.15
2011-11-21 00:00:00+05:30,46.099998474121094,60.650001525878906,46.099998474121094,55.45000076293945,7733394,0.0,0.0,PARSVNATH.NS,Parsvnath Developers Limited,Real Estate,Real Estate - Development,8037194752,,0.017,,26.19,11.15
2011-11-22 00:00:00+05:30,54.5,54.5,44.400001525878906,44.400001525878906,5792420,0.0,0.0,PARSVNATH.NS,Parsvnath Developers Limited,Real Estate,Real Estate - Development,8037194752,,0.017,,26.19,11.15
2011-11-23 00:00:00+05:30,48.849998474121094,48.849998474121094,40.0,40.0,520734,0.0,0.0,PARSVNATH.NS,Parsvnath Developers Limited,Real Estate,Real Estate - Development,8037194752,,0.017,,26.19,11.15
2011-11-24 00:00:00+05:30,36.0,36.0,36.0,36.0,3269513,0.0,0.0,PARSVNATH.NS,Parsvnath Developers Limited,Real Estate,Real Estate - Development,8037194752,,0.017,,26.19,11.15
2011-11-25 00:00:00+05:30,32.400001525878906,36.79999923706055,32.400001525878906,34.0,12347287,0.0,0.0,PARSVNATH.NS,Parsvnath Developers Limited,Real Estate,Real Estate - Development,8037194752,,0.017,,26.19,11.15
2011-11-28 00:00:00+05:30,34.95000076293945,35.70000076293945,34.54999923706055,35.70000076293945,859033,0.0,0.0,PARSVNATH.NS,Parsvnath Developers Limited,Real Estate,Real Estate - Development,8037194752,,0.017,,26.19,11.15
2011-11-29 00:00:00+05:30,37.400001525878906,37.45000076293945,35.900001525878906,36.29999923706055,3013540,0.0,0.0,PARSVNATH.NS,Parsvnath Developers Limited,Real Estate,Real Estate - Development,8037194752,,0.017,,26.19,11.15
2011-11-30 00:00:00+05:30,36.5,36.900001525878906,35.5,36.29999923706055,1585537,0.0,0.0,PARSVNATH.NS,Parsvnath Developers Limited,Real Estate,Real Estate - Development,8037194752,,0.017,,26.19,11.15
2011-12-01 00:00:00+05:30,37.0,38.099998474121094,36.70000076293945,37.70000076293945,1028837,0.0,0.0,PARSVNATH.NS,Parsvnath Developers Limited,Real Estate,Real Estate - Development,8037194752,,0.017,,26.19,11.15
2011-12-02 00:00:00+05:30,37.70000076293945,39.5,37.5,39.29999923706055,1207538,0.0,0.0,PARSVNATH.NS,Parsvnath Developers Limited,Real Estate,Real Estate - Development,8037194752,,0.017,,26.19,11.15
2011-12-05 00:00:00+05:30,39.79999923706055,41.25,39.099998474121094,41.25,1442762,0.0,0.0,PARSVNATH.NS,Parsvnath Developers Limited,Real Estate,Real Estate - Development,8037194752,,0.017,,26.19,11.15
2011-12-07 00:00:00+05:30,41.20000076293945,43.29999923706055,41.20000076293945,43.29999923706055,505607,0.0,0.0,PARSVNATH.NS,Parsvnath Developers Limited,Real Estate,Real Estate - Development,8037194752,,0.017,,26.19,11.15
2011-12-08 00:00:00+05:30,43.79999923706055,45.45000076293945,43.650001525878906,43.900001525878906,3070733,0.0,0.0,PARSVNATH.NS,Parsvnath Developers Limited,Real Estate,Real Estate - Development,8037194752,,0.017,,26.19,11.15
2011-12-09 00:00:00+05:30,43.79999923706055,44.29999923706055,42.20000076293945,43.25,729632,0.0,0.0,PARSVNATH.NS,Parsvnath Developers Limited,Real Estate,Real Estate - Development,8037194752,,0.017,,26.19,11.15
2011-12-12 00:00:00+05:30,43.45000076293945,44.25,42.599998474121094,42.95000076293945,956905,0.0,0.0,PARSVNATH.NS,Parsvnath Developers Limited,Real Estate,Real Estate - Development,8037194752,,0.017,,26.19,11.15
2011-12-13 00:00:00+05:30,42.70000076293945,43.0,41.599998474121094,42.599998474121094,831679,0.0,0.0,PARSVNATH.NS,Parsvnath Developers Limited,Real Estate,Real Estate - Development,8037194752,,0.017,,26.19,11.15
2011-12-14 00:00:00+05:30,42.5,43.75,42.5,42.900001525878906,1967320,0.0,0.0,PARSVNATH.NS,Parsvnath Developers Limited,Real Estate,Real Estate - Development,8037194752,,0.017,,26.19,11.15
2011-12-15 00:00:00+05:30,42.54999923706055,43.25,42.25,42.900001525878906,478994,0.0,0.0,PARSVNATH.NS,Parsvnath Developers Limited,Real Estate,Real Estate - Development,8037194752,,0.017,,26.19,11.15
2011-12-16 00:00:00+05:30,43.400001525878906,43.900001525878906,42.0,42.5,1018943,0.0,0.0,PARSVNATH.NS,Parsvnath Developers Limited,Real Estate,Real Estate - Development,8037194752,,0.017,,26.19,11.15
2011-12-19 00:00:00+05:30,42.0,42.5,41.0,41.45000076293945,493426,0.0,0.0,PARSVNATH.NS,Parsvnath Developers Limited,Real Estate,Real Estate - Development,8037194752,,0.017,,26.19,11.15
2011-12-20 00:00:00+05:30,41.900001525878906,42.25,40.5,41.25,462995,0.0,0.0,PARSVNATH.NS,Parsvnath Developers Limited,Real Estate,Real Estate - Development,8037194752,,0.017,,26.19,11.15
2011-12-21 00:00:00+05:30,41.75,41.79999923706055,41.099998474121094,41.25,561139,0.0,0.0,PARSVNATH.NS,Parsvnath Developers Limited,Real Estate,Real Estate - Development,8037194752,,0.017,,26.19,11.15
2011-12-22 00:00:00+05:30,41.0,43.29999923706055,40.70000076293945,43.150001525878906,532644,0.0,0.0,PARSVNATH.NS,Parsvnath Developers Limited,Real Estate,Real Estate - Development,8037194752,,0.017,,26.19,11.15
2011-12-23 00:00:00+05:30,43.900001525878906,43.900001525878906,42.25,42.900001525878906,394637,0.0,0.0,PARSVNATH.NS,Parsvnath Developers Limited,Real Estate,Real Estate - Development,8037194752,,0.017,,26.19,11.15
2011-12-26 00:00:00+05:30,43.349998474121094,43.5,42.79999923706055,43.25,193510,0.0,0.0,PARSVNATH.NS,Parsvnath Developers Limited,Real Estate,Real Estate - Development,8037194752,,0.017,,26.19,11.15
2011-12-27 00:00:00+05:30,43.29999923706055,43.70000076293945,42.900001525878906,43.29999923706055,108629,0.0,0.0,PARSVNATH.NS,Parsvnath Developers Limited,Real Estate,Real Estate - Development,8037194752,,0.017,,26.19,11.15
2011-12-28 00:00:00+05:30,43.0,43.79999923706055,43.0,43.400001525878906,168774,0.0,0.0,PARSVNATH.NS,Parsvnath Developers Limited,Real Estate,Real Estate - Development,8037194752,,0.017,,26.19,11.15
2011-12-29 00:00:00+05:30,43.099998474121094,43.900001525878906,43.099998474121094,43.25,207774,0.0,0.0,PARSVNATH.NS,Parsvnath Developers Limited,Real Estate,Real Estate - Development,8037194752,,0.017,,26.19,11.15
2011-12-30 00:00:00+05:30,43.349998474121094,43.95000076293945,43.349998474121094,43.599998474121094,64740,0.0,0.0,PARSVNATH.NS,Parsvnath Developers Limited,Real Estate,Real Estate - Development,8037194752,,0.017,,26.19,11.15
2012-01-02 00:00:00+05:30,43.5,43.849998474121094,41.5,42.400001525878906,185425,0.0,0.0,PARSVNATH.NS,Parsvnath Developers Limited,Real Estate,Real Estate - Development,8037194752,,0.017,,26.19,11.15
2012-01-03 00:00:00+05:30,42.5,44.5,42.25,43.849998474121094,454147,0.0,0.0,PARSVNATH.NS,Parsvnath Developers Limited,Real Estate,Real Estate - Development,8037194752,,0.017,,26.19,11.15
2012-01-04 00:00:00+05:30,43.900001525878906,43.900001525878906,42.900001525878906,43.150001525878906,85142,0.0,0.0,PARSVNATH.NS,Parsvnath Developers Limited,Real Estate,Real Estate - Development,8037194752,,0.017,,26.19,11.15
2012-01-05 00:00:00+05:30,43.0,43.75,42.75,43.349998474121094,289985,0.0,0.0,PARSVNATH.NS,Parsvnath Developers Limited,Real Estate,Real Estate - Development,8037194752,,0.017,,26.19,11.15
2012-01-06 00:00:00+05:30,43.5,44.5,43.099998474121094,43.5,169289,0.0,0.0,PARSVNATH.NS,Parsvnath Developers Limited,Real Estate,Real Estate - Development,8037194752,,0.017,,26.19,11.15
2012-01-09 00:00:00+05:30,43.400001525878906,47.29999923706055,43.099998474121094,45.95000076293945,1079434,0.0,0.0,PARSVNATH.NS,Parsvnath Developers Limited,Real Estate,Real Estate - Development,8037194752,,0.017,,26.19,11.15
2012-01-10 00:00:00+05:30,46.900001525878906,50.5,46.099998474121094,49.20000076293945,2229749,0.0,0.0,PARSVNATH.NS,Parsvnath Developers Limited,Real Estate,Real Estate - Development,8037194752,,0.017,,26.19,11.15
2012-01-11 00:00:00+05:30,49.20000076293945,51.95000076293945,47.75,51.400001525878906,2168851,0.0,0.0,PARSVNATH.NS,Parsvnath Developers Limited,Real Estate,Real Estate - Development,8037194752,,0.017,,26.19,11.15
2012-01-12 00:00:00+05:30,51.400001525878906,52.900001525878906,50.0,52.29999923706055,1748480,0.0,0.0,PARSVNATH.NS,Parsvnath Developers Limited,Real Estate,Real Estate - Development,8037194752,,0.017,,26.19,11.15
2012-01-13 00:00:00+05:30,52.900001525878906,55.75,51.75,53.099998474121094,1749946,0.0,0.0,PARSVNATH.NS,Parsvnath Developers Limited,Real Estate,Real Estate - Development,8037194752,,0.017,,26.19,11.15
2012-01-16 00:00:00+05:30,53.0,54.400001525878906,51.29999923706055,51.900001525878906,1224982,0.0,0.0,PARSVNATH.NS,Parsvnath Developers Limited,Real Estate,Real Estate - Development,8037194752,,0.017,,26.19,11.15
2012-01-17 00:00:00+05:30,52.79999923706055,53.45000076293945,51.150001525878906,51.25,1228336,0.0,0.0,PARSVNATH.NS,Parsvnath Developers Limited,Real Estate,Real Estate - Development,8037194752,,0.017,,26.19,11.15
2012-01-18 00:00:00+05:30,51.0,51.75,49.75,51.45000076293945,816714,0.0,0.0,PARSVNATH.NS,Parsvnath Developers Limited,Real Estate,Real Estate - Development,8037194752,,0.017,,26.19,11.15
2012-01-19 00:00:00+05:30,51.900001525878906,54.79999923706055,51.0,54.099998474121094,1117686,0.0,0.0,PARSVNATH.NS,Parsvnath Developers Limited,Real Estate,Real Estate - Development,8037194752,,0.017,,26.19,11.15
2012-01-20 00:00:00+05:30,54.900001525878906,58.70000076293945,54.25,57.099998474121094,2149517,0.0,0.0,PARSVNATH.NS,Parsvnath Developers Limited,Real Estate,Real Estate - Development,8037194752,,0.017,,26.19,11.15
2012-01-23 00:00:00+05:30,57.29999923706055,59.400001525878906,57.099998474121094,58.900001525878906,1215215,0.0,0.0,PARSVNATH.NS,Parsvnath Developers Limited,Real Estate,Real Estate - Development,8037194752,,0.017,,26.19,11.15
2012-01-24 00:00:00+05:30,58.5,60.400001525878906,57.099998474121094,59.349998474121094,1223181,0.0,0.0,PARSVNATH.NS,Parsvnath Developers Limited,Real Estate,Real Estate - Development,8037194752,,0.017,,26.19,11.15
2012-01-25 00:00:00+05:30,59.099998474121094,61.95000076293945,58.599998474121094,60.5,2441831,0.0,0.0,PARSVNATH.NS,Parsvnath Developers Limited,Real Estate,Real Estate - Development,8037194752,,0.017,,26.19,11.15
2012-01-27 00:00:00+05:30,60.0,60.75,58.70000076293945,59.599998474121094,1574764,0.0,0.0,PARSVNATH.NS,Parsvnath Developers Limited,Real Estate,Real Estate - Development,8037194752,,0.017,,26.19,11.15
2012-01-30 00:00:00+05:30,59.099998474121094,59.79999923706055,58.150001525878906,58.900001525878906,811477,0.0,0.0,PARSVNATH.NS,Parsvnath Developers Limited,Real Estate,Real Estate - Development,8037194752,,0.017,,26.19,11.15
2012-01-31 00:00:00+05:30,59.400001525878906,60.95000076293945,58.599998474121094,59.099998474121094,765523,0.0,0.0,PARSVNATH.NS,Parsvnath Developers Limited,Real Estate,Real Estate - Development,8037194752,,0.017,,26.19,11.15
2012-02-01 00:00:00+05:30,59.20000076293945,60.5,58.650001525878906,59.70000076293945,213939,0.0,0.0,PARSVNATH.NS,Parsvnath Developers Limited,Real Estate,Real Estate - Development,8037194752,,0.017,,26.19,11.15
2012-02-02 00:00:00+05:30,60.400001525878906,60.400001525878906,59.04999923706055,59.75,580597,0.0,0.0,PARSVNATH.NS,Parsvnath Developers Limited,Real Estate,Real Estate - Development,8037194752,,0.017,,26.19,11.15
2012-02-03 00:00:00+05:30,59.79999923706055,60.900001525878906,59.099998474121094,60.29999923706055,488241,0.0,0.0,PARSVNATH.NS,Parsvnath Developers Limited,Real Estate,Real Estate - Development,8037194752,,0.017,,26.19,11.15
2012-02-06 00:00:00+05:30,60.400001525878906,61.400001525878906,59.599998474121094,59.849998474121094,455980,0.0,0.0,PARSVNATH.NS,Parsvnath Developers Limited,Real Estate,Real Estate - Development,8037194752,,0.017,,26.19,11.15
2012-02-07 00:00:00+05:30,61.0,61.0,58.599998474121094,59.849998474121094,1344584,0.0,0.0,PARSVNATH.NS,Parsvnath Developers Limited,Real Estate,Real Estate - Development,8037194752,,0.017,,26.19,11.15
2012-02-08 00:00:00+05:30,59.900001525878906,60.400001525878906,59.150001525878906,59.849998474121094,470263,0.0,0.0,PARSVNATH.NS,Parsvnath Developers Limited,Real Estate,Real Estate - Development,8037194752,,0.017,,26.19,11.15
2012-02-09 00:00:00+05:30,59.900001525878906,61.0,59.29999923706055,60.20000076293945,553468,0.0,0.0,PARSVNATH.NS,Parsvnath Developers Limited,Real Estate,Real Estate - Development,8037194752,,0.017,,26.19,11.15
2012-02-10 00:00:00+05:30,61.45000076293945,63.29999923706055,60.70000076293945,62.70000076293945,2005732,0.0,0.0,PARSVNATH.NS,Parsvnath Developers Limited,Real Estate,Real Estate - Development,8037194752,,0.017,,26.19,11.15
2012-02-13 00:00:00+05:30,63.400001525878906,63.900001525878906,61.70000076293945,62.099998474121094,473276,0.0,0.0,PARSVNATH.NS,Parsvnath Developers Limited,Real Estate,Real Estate - Development,8037194752,,0.017,,26.19,11.15
2012-02-14 00:00:00+05:30,62.099998474121094,62.099998474121094,60.5,61.20000076293945,162794,0.0,0.0,PARSVNATH.NS,Parsvnath Developers Limited,Real Estate,Real Estate - Development,8037194752,,0.017,,26.19,11.15
2012-02-15 00:00:00+05:30,61.25,64.5,61.25,62.900001525878906,425592,0.0,0.0,PARSVNATH.NS,Parsvnath Developers Limited,Real Estate,Real Estate - Development,8037194752,,0.017,,26.19,11.15
2012-02-16 00:00:00+05:30,62.400001525878906,63.79999923706055,61.599998474121094,62.349998474121094,182440,0.0,0.0,PARSVNATH.NS,Parsvnath Developers Limited,Real Estate,Real Estate - Development,8037194752,,0.017,,26.19,11.15
2012-02-17 00:00:00+05:30,62.400001525878906,63.900001525878906,60.79999923706055,61.20000076293945,193085,0.0,0.0,PARSVNATH.NS,Parsvnath Developers Limited,Real Estate,Real Estate - Development,8037194752,,0.017,,26.19,11.15
2012-02-21 00:00:00+05:30,61.599998474121094,62.04999923706055,60.20000076293945,61.150001525878906,1229367,0.0,0.0,PARSVNATH.NS,Parsvnath Developers Limited,Real Estate,Real Estate - Development,8037194752,,0.017,,26.19,11.15
2012-02-22 00:00:00+05:30,61.400001525878906,62.349998474121094,58.099998474121094,60.54999923706055,1026035,0.0,0.0,PARSVNATH.NS,Parsvnath Developers Limited,Real Estate,Real Estate - Development,8037194752,,0.017,,26.19,11.15
2012-02-23 00:00:00+05:30,59.599998474121094,61.0,59.400001525878906,59.650001525878906,538119,0.0,0.0,PARSVNATH.NS,Parsvnath Developers Limited,Real Estate,Real Estate - Development,8037194752,,0.017,,26.19,11.15
2012-02-24 00:00:00+05:30,59.70000076293945,60.400001525878906,59.099998474121094,59.54999923706055,314083,0.0,0.0,PARSVNATH.NS,Parsvnath Developers Limited,Real Estate,Real Estate - Development,8037194752,,0.017,,26.19,11.15
2012-02-27 00:00:00+05:30,59.099998474121094,59.75,58.70000076293945,59.150001525878906,463997,0.0,0.0,PARSVNATH.NS,Parsvnath Developers Limited,Real Estate,Real Estate - Development,8037194752,,0.017,,26.19,11.15
2012-02-28 00:00:00+05:30,59.099998474121094,60.0,59.0,59.400001525878906,117868,0.0,0.0,PARSVNATH.NS,Parsvnath Developers Limited,Real Estate,Real Estate - Development,8037194752,,0.017,,26.19,11.15
2012-02-29 00:00:00+05:30,59.900001525878906,61.70000076293945,59.20000076293945,59.5,150656,0.0,0.0,PARSVNATH.NS,Parsvnath Developers Limited,Real Estate,Real Estate - Development,8037194752,,0.017,,26.19,11.15
2012-03-01 00:00:00+05:30,59.400001525878906,59.650001525878906,58.5,58.849998474121094,1038075,0.0,0.0,PARSVNATH.NS,Parsvnath Developers Limited,Real Estate,Real Estate - Development,8037194752,,0.017,,26.19,11.15
2012-03-02 00:00:00+05:30,59.400001525878906,59.45000076293945,57.099998474121094,58.5,122373,0.0,0.0,PARSVNATH.NS,Parsvnath Developers Limited,Real Estate,Real Estate - Development,8037194752,,0.017,,26.19,11.15
2012-03-05 00:00:00+05:30,58.95000076293945,59.400001525878906,58.099998474121094,58.79999923706055,335632,0.0,0.0,PARSVNATH.NS,Parsvnath Developers Limited,Real Estate,Real Estate - Development,8037194752,,0.017,,26.19,11.15
2012-03-06 00:00:00+05:30,59.599998474121094,59.599998474121094,57.79999923706055,58.70000076293945,804969,0.0,0.0,PARSVNATH.NS,Parsvnath Developers Limited,Real Estate,Real Estate - Development,8037194752,,0.017,,26.19,11.15
2012-03-07 00:00:00+05:30,58.0,59.400001525878906,58.0,58.54999923706055,497701,0.0,0.0,PARSVNATH.NS,Parsvnath Developers Limited,Real Estate,Real Estate - Development,8037194752,,0.017,,26.19,11.15
2012-03-09 00:00:00+05:30,59.0,59.95000076293945,58.599998474121094,59.04999923706055,400132,0.0,0.0,PARSVNATH.NS,Parsvnath Developers Limited,Real Estate,Real Estate - Development,8037194752,,0.017,,26.19,11.15
2012-03-12 00:00:00+05:30,59.099998474121094,61.400001525878906,58.5,58.849998474121094,110063,0.0,0.0,PARSVNATH.NS,Parsvnath Developers Limited,Real Estate,Real Estate - Development,8037194752,,0.017,,26.19,11.15
2012-03-13 00:00:00+05:30,59.0,59.75,58.150001525878906,58.95000076293945,863883,0.0,0.0,PARSVNATH.NS,Parsvnath Developers Limited,Real Estate,Real Estate - Development,8037194752,,0.017,,26.19,11.15
2012-03-14 00:00:00+05:30,59.400001525878906,60.400001525878906,58.5,59.20000076293945,208506,0.0,0.0,PARSVNATH.NS,Parsvnath Developers Limited,Real Estate,Real Estate - Development,8037194752,,0.017,,26.19,11.15
2012-03-15 00:00:00+05:30,58.150001525878906,61.900001525878906,58.150001525878906,60.650001525878906,851592,0.0,0.0,PARSVNATH.NS,Parsvnath Developers Limited,Real Estate,Real Estate - Development,8037194752,,0.017,,26.19,11.15
2012-03-16 00:00:00+05:30,60.900001525878906,61.29999923706055,58.150001525878906,59.150001525878906,295712,0.0,0.0,PARSVNATH.NS,Parsvnath Developers Limited,Real Estate,Real Estate - Development,8037194752,,0.017,,26.19,11.15
2012-03-19 00:00:00+05:30,58.599998474121094,59.599998474121094,57.650001525878906,58.349998474121094,1223033,0.0,0.0,PARSVNATH.NS,Parsvnath Developers Limited,Real Estate,Real Estate - Development,8037194752,,0.017,,26.19,11.15
2012-03-20 00:00:00+05:30,58.20000076293945,59.0,56.849998474121094,58.75,891776,0.0,0.0,PARSVNATH.NS,Parsvnath Developers Limited,Real Estate,Real Estate - Development,8037194752,,0.017,,26.19,11.15
2012-03-21 00:00:00+05:30,58.5,59.0,57.75,58.150001525878906,471605,0.0,0.0,PARSVNATH.NS,Parsvnath Developers Limited,Real Estate,Real Estate - Development,8037194752,,0.017,,26.19,11.15
2012-03-22 00:00:00+05:30,58.099998474121094,61.900001525878906,58.099998474121094,61.099998474121094,1583130,0.0,0.0,PARSVNATH.NS,Parsvnath Developers Limited,Real Estate,Real Estate - Development,8037194752,,0.017,,26.19,11.15
2012-03-23 00:00:00+05:30,61.900001525878906,62.25,58.29999923706055,58.95000076293945,491294,0.0,0.0,PARSVNATH.NS,Parsvnath Developers Limited,Real Estate,Real Estate - Development,8037194752,,0.017,,26.19,11.15
2012-03-26 00:00:00+05:30,59.150001525878906,61.45000076293945,58.099998474121094,58.20000076293945,1491670,0.0,0.0,PARSVNATH.NS,Parsvnath Developers Limited,Real Estate,Real Estate - Development,8037194752,,0.017,,26.19,11.15
2012-03-27 00:00:00+05:30,58.5,58.75,55.75,57.349998474121094,1098263,0.0,0.0,PARSVNATH.NS,Parsvnath Developers Limited,Real Estate,Real Estate - Development,8037194752,,0.017,,26.19,11.15
2012-03-28 00:00:00+05:30,57.0,57.75,55.849998474121094,56.150001525878906,336705,0.0,0.0,PARSVNATH.NS,Parsvnath Developers Limited,Real Estate,Real Estate - Development,8037194752,,0.017,,26.19,11.15
2012-03-29 00:00:00+05:30,55.0,57.0,55.0,56.45000076293945,463884,0.0,0.0,PARSVNATH.NS,Parsvnath Developers Limited,Real Estate,Real Estate - Development,8037194752,,0.017,,26.19,11.15
2012-03-30 00:00:00+05:30,56.29999923706055,57.0,56.0,56.20000076293945,660744,0.0,0.0,PARSVNATH.NS,Parsvnath Developers Limited,Real Estate,Real Estate - Development,8037194752,,0.017,,26.19,11.15
2012-04-02 00:00:00+05:30,57.400001525878906,58.75,56.150001525878906,56.599998474121094,368851,0.0,0.0,PARSVNATH.NS,Parsvnath Developers Limited,Real Estate,Real Estate - Development,8037194752,,0.017,,26.19,11.15
2012-04-03 00:00:00+05:30,56.900001525878906,57.349998474121094,56.29999923706055,56.54999923706055,168334,0.0,0.0,PARSVNATH.NS,Parsvnath Developers Limited,Real Estate,Real Estate - Development,8037194752,,0.017,,26.19,11.15
2012-04-04 00:00:00+05:30,56.150001525878906,56.849998474121094,55.54999923706055,55.95000076293945,239806,0.0,0.0,PARSVNATH.NS,Parsvnath Developers Limited,Real Estate,Real Estate - Development,8037194752,,0.017,,26.19,11.15
2012-04-09 00:00:00+05:30,55.650001525878906,56.95000076293945,51.400001525878906,53.650001525878906,423911,0.0,0.0,PARSVNATH.NS,Parsvnath Developers Limited,Real Estate,Real Estate - Development,8037194752,,0.017,,26.19,11.15
2012-04-10 00:00:00+05:30,54.29999923706055,56.79999923706055,54.29999923706055,56.099998474121094,881691,0.0,0.0,PARSVNATH.NS,Parsvnath Developers Limited,Real Estate,Real Estate - Development,8037194752,,0.017,,26.19,11.15
2012-04-11 00:00:00+05:30,55.599998474121094,55.95000076293945,54.54999923706055,55.5,204921,0.0,0.0,PARSVNATH.NS,Parsvnath Developers Limited,Real Estate,Real Estate - Development,8037194752,,0.017,,26.19,11.15
2012-04-12 00:00:00+05:30,55.5,56.400001525878906,55.5,55.70000076293945,566238,0.0,0.0,PARSVNATH.NS,Parsvnath Developers Limited,Real Estate,Real Estate - Development,8037194752,,0.017,,26.19,11.15
2012-04-13 00:00:00+05:30,55.54999923706055,56.400001525878906,55.0,55.25,206972,0.0,0.0,PARSVNATH.NS,Parsvnath Developers Limited,Real Estate,Real Estate - Development,8037194752,,0.017,,26.19,11.15
2012-04-16 00:00:00+05:30,57.0,61.04999923706055,57.0,59.54999923706055,1478101,0.0,0.0,PARSVNATH.NS,Parsvnath Developers Limited,Real Estate,Real Estate - Development,8037194752,,0.017,,26.19,11.15
2012-04-17 00:00:00+05:30,60.099998474121094,60.400001525878906,58.25,59.79999923706055,476720,0.0,0.0,PARSVNATH.NS,Parsvnath Developers Limited,Real Estate,Real Estate - Development,8037194752,,0.017,,26.19,11.15
2012-04-18 00:00:00+05:30,60.400001525878906,60.400001525878906,56.25,57.04999923706055,489258,0.0,0.0,PARSVNATH.NS,Parsvnath Developers Limited,Real Estate,Real Estate - Development,8037194752,,0.017,,26.19,11.15
2012-04-19 00:00:00+05:30,57.900001525878906,58.0,57.099998474121094,57.29999923706055,1873311,0.0,0.0,PARSVNATH.NS,Parsvnath Developers Limited,Real Estate,Real Estate - Development,8037194752,,0.017,,26.19,11.15
2012-04-20 00:00:00+05:30,56.79999923706055,57.349998474121094,56.650001525878906,57.0,967557,0.0,0.0,PARSVNATH.NS,Parsvnath Developers Limited,Real Estate,Real Estate - Development,8037194752,,0.017,,26.19,11.15
2012-04-23 00:00:00+05:30,57.29999923706055,58.400001525878906,56.5,56.900001525878906,863880,0.0,0.0,PARSVNATH.NS,Parsvnath Developers Limited,Real Estate,Real Estate - Development,8037194752,,0.017,,26.19,11.15
2012-04-24 00:00:00+05:30,56.20000076293945,57.0,55.650001525878906,56.54999923706055,424496,0.0,0.0,PARSVNATH.NS,Parsvnath Developers Limited,Real Estate,Real Estate - Development,8037194752,,0.017,,26.19,11.15
2012-04-25 00:00:00+05:30,56.900001525878906,56.900001525878906,56.20000076293945,56.599998474121094,318162,0.0,0.0,PARSVNATH.NS,Parsvnath Developers Limited,Real Estate,Real Estate - Development,8037194752,,0.017,,26.19,11.15
2012-04-26 00:00:00+05:30,56.150001525878906,56.75,55.70000076293945,56.150001525878906,385877,0.0,0.0,PARSVNATH.NS,Parsvnath Developers Limited,Real Estate,Real Estate - Development,8037194752,,0.017,,26.19,11.15
2012-04-27 00:00:00+05:30,56.0,57.0,55.849998474121094,56.45000076293945,140133,0.0,0.0,PARSVNATH.NS,Parsvnath Developers Limited,Real Estate,Real Estate - Development,8037194752,,0.017,,26.19,11.15
2012-04-30 00:00:00+05:30,56.0,57.599998474121094,56.0,56.75,219934,0.0,0.0,PARSVNATH.NS,Parsvnath Developers Limited,Real Estate,Real Estate - Development,8037194752,,0.017,,26.19,11.15
2012-05-02 00:00:00+05:30,56.599998474121094,56.650001525878906,55.650001525878906,56.400001525878906,59983,0.0,0.0,PARSVNATH.NS,Parsvnath Developers Limited,Real Estate,Real Estate - Development,8037194752,,0.017,,26.19,11.15
2012-05-03 00:00:00+05:30,56.099998474121094,56.95000076293945,56.099998474121094,56.54999923706055,3480632,0.0,0.0,PARSVNATH.NS,Parsvnath Developers Limited,Real Estate,Real Estate - Development,8037194752,,0.017,,26.19,11.15
2012-05-04 00:00:00+05:30,56.70000076293945,57.0,55.95000076293945,56.20000076293945,757428,0.0,0.0,PARSVNATH.NS,Parsvnath Developers Limited,Real Estate,Real Estate - Development,8037194752,,0.017,,26.19,11.15
2012-05-07 00:00:00+05:30,55.5,56.0,54.900001525878906,55.650001525878906,262358,0.0,0.0,PARSVNATH.NS,Parsvnath Developers Limited,Real Estate,Real Estate - Development,8037194752,,0.017,,26.19,11.15
2012-05-08 00:00:00+05:30,55.900001525878906,56.29999923706055,55.099998474121094,55.5,806080,0.0,0.0,PARSVNATH.NS,Parsvnath Developers Limited,Real Estate,Real Estate - Development,8037194752,,0.017,,26.19,11.15
2012-05-09 00:00:00+05:30,55.099998474121094,55.900001525878906,55.099998474121094,55.54999923706055,465705,0.0,0.0,PARSVNATH.NS,Parsvnath Developers Limited,Real Estate,Real Estate - Development,8037194752,,0.017,,26.19,11.15
2012-05-10 00:00:00+05:30,55.20000076293945,55.79999923706055,54.29999923706055,55.400001525878906,841714,0.0,0.0,PARSVNATH.NS,Parsvnath Developers Limited,Real Estate,Real Estate - Development,8037194752,,0.017,,26.19,11.15
2012-05-11 00:00:00+05:30,55.099998474121094,55.79999923706055,54.599998474121094,55.20000076293945,261936,0.0,0.0,PARSVNATH.NS,Parsvnath Developers Limited,Real Estate,Real Estate - Development,8037194752,,0.017,,26.19,11.15
2012-05-14 00:00:00+05:30,54.599998474121094,55.29999923706055,54.599998474121094,54.900001525878906,347051,0.0,0.0,PARSVNATH.NS,Parsvnath Developers Limited,Real Estate,Real Estate - Development,8037194752,,0.017,,26.19,11.15
2012-05-15 00:00:00+05:30,54.5,54.900001525878906,54.099998474121094,54.650001525878906,812384,0.0,0.0,PARSVNATH.NS,Parsvnath Developers Limited,Real Estate,Real Estate - Development,8037194752,,0.017,,26.19,11.15
2012-05-16 00:00:00+05:30,54.099998474121094,54.900001525878906,53.650001525878906,54.150001525878906,494823,0.0,0.0,PARSVNATH.NS,Parsvnath Developers Limited,Real Estate,Real Estate - Development,8037194752,,0.017,,26.19,11.15
2012-05-17 00:00:00+05:30,54.099998474121094,54.900001525878906,54.0,54.20000076293945,427043,0.0,0.0,PARSVNATH.NS,Parsvnath Developers Limited,Real Estate,Real Estate - Development,8037194752,,0.017,,26.19,11.15
2012-05-18 00:00:00+05:30,53.599998474121094,54.349998474121094,53.54999923706055,53.95000076293945,412402,0.0,0.0,PARSVNATH.NS,Parsvnath Developers Limited,Real Estate,Real Estate - Development,8037194752,,0.017,,26.19,11.15
2012-05-21 00:00:00+05:30,53.150001525878906,54.54999923706055,53.150001525878906,54.29999923706055,568543,0.0,0.0,PARSVNATH.NS,Parsvnath Developers Limited,Real Estate,Real Estate - Development,8037194752,,0.017,,26.19,11.15
2012-05-22 00:00:00+05:30,54.150001525878906,55.900001525878906,52.75,53.349998474121094,468992,0.0,0.0,PARSVNATH.NS,Parsvnath Developers Limited,Real Estate,Real Estate - Development,8037194752,,0.017,,26.19,11.15
2012-05-23 00:00:00+05:30,53.900001525878906,54.45000076293945,52.5,52.75,547662,0.0,0.0,PARSVNATH.NS,Parsvnath Developers Limited,Real Estate,Real Estate - Development,8037194752,,0.017,,26.19,11.15
2012-05-24 00:00:00+05:30,53.599998474121094,54.75,52.5,53.79999923706055,767154,0.0,0.0,PARSVNATH.NS,Parsvnath Developers Limited,Real Estate,Real Estate - Development,8037194752,,0.017,,26.19,11.15
2012-05-25 00:00:00+05:30,53.5,54.29999923706055,52.79999923706055,53.04999923706055,40122,0.0,0.0,PARSVNATH.NS,Parsvnath Developers Limited,Real Estate,Real Estate - Development,8037194752,,0.017,,26.19,11.15
2012-05-28 00:00:00+05:30,53.400001525878906,54.400001525878906,52.25,53.400001525878906,1945278,0.0,0.0,PARSVNATH.NS,Parsvnath Developers Limited,Real Estate,Real Estate - Development,8037194752,,0.017,,26.19,11.15
2012-05-29 00:00:00+05:30,54.79999923706055,54.900001525878906,52.79999923706055,53.0,590239,0.0,0.0,PARSVNATH.NS,Parsvnath Developers Limited,Real Estate,Real Estate - Development,8037194752,,0.017,,26.19,11.15
2012-05-30 00:00:00+05:30,52.95000076293945,53.45000076293945,52.849998474121094,53.099998474121094,511572,0.0,0.0,PARSVNATH.NS,Parsvnath Developers Limited,Real Estate,Real Estate - Development,8037194752,,0.017,,26.19,11.15
2012-05-31 00:00:00+05:30,52.650001525878906,53.5,52.599998474121094,53.349998474121094,693644,0.0,0.0,PARSVNATH.NS,Parsvnath Developers Limited,Real Estate,Real Estate - Development,8037194752,,0.017,,26.19,11.15
2012-06-01 00:00:00+05:30,52.5,53.150001525878906,52.5,52.75,635901,0.0,0.0,PARSVNATH.NS,Parsvnath Developers Limited,Real Estate,Real Estate - Development,8037194752,,0.017,,26.19,11.15
2012-06-04 00:00:00+05:30,52.5,54.29999923706055,52.5,53.0,1561317,0.0,0.0,PARSVNATH.NS,Parsvnath Developers Limited,Real Estate,Real Estate - Development,8037194752,,0.017,,26.19,11.15
2012-06-05 00:00:00+05:30,53.0,54.20000076293945,52.45000076293945,52.849998474121094,400822,0.0,0.0,PARSVNATH.NS,Parsvnath Developers Limited,Real Estate,Real Estate - Development,8037194752,,0.017,,26.19,11.15
2012-06-06 00:00:00+05:30,52.599998474121094,54.20000076293945,52.599998474121094,52.900001525878906,917266,0.0,0.0,PARSVNATH.NS,Parsvnath Developers Limited,Real Estate,Real Estate - Development,8037194752,,0.017,,26.19,11.15
2012-06-07 00:00:00+05:30,53.349998474121094,53.400001525878906,52.79999923706055,53.099998474121094,126485,0.0,0.0,PARSVNATH.NS,Parsvnath Developers Limited,Real Estate,Real Estate - Development,8037194752,,0.017,,26.19,11.15
2012-06-08 00:00:00+05:30,52.900001525878906,53.400001525878906,52.5,52.650001525878906,628864,0.0,0.0,PARSVNATH.NS,Parsvnath Developers Limited,Real Estate,Real Estate - Development,8037194752,,0.017,,26.19,11.15
2012-06-11 00:00:00+05:30,52.849998474121094,53.5,52.5,52.75,2091728,0.0,0.0,PARSVNATH.NS,Parsvnath Developers Limited,Real Estate,Real Estate - Development,8037194752,,0.017,,26.19,11.15
2012-06-12 00:00:00+05:30,52.95000076293945,54.54999923706055,52.95000076293945,53.75,868895,0.0,0.0,PARSVNATH.NS,Parsvnath Developers Limited,Real Estate,Real Estate - Development,8037194752,,0.017,,26.19,11.15
2012-06-13 00:00:00+05:30,54.400001525878906,57.54999923706055,54.29999923706055,55.5,1900851,0.0,0.0,PARSVNATH.NS,Parsvnath Developers Limited,Real Estate,Real Estate - Development,8037194752,,0.017,,26.19,11.15
2012-06-14 00:00:00+05:30,56.29999923706055,60.5,56.150001525878906,58.20000076293945,1423599,0.0,0.0,PARSVNATH.NS,Parsvnath Developers Limited,Real Estate,Real Estate - Development,8037194752,,0.017,,26.19,11.15
2012-06-15 00:00:00+05:30,58.79999923706055,61.25,57.79999923706055,60.70000076293945,1691824,0.0,0.0,PARSVNATH.NS,Parsvnath Developers Limited,Real Estate,Real Estate - Development,8037194752,,0.017,,26.19,11.15
2012-06-18 00:00:00+05:30,61.20000076293945,62.599998474121094,60.75,61.0,3399838,0.0,0.0,PARSVNATH.NS,Parsvnath Developers Limited,Real Estate,Real Estate - Development,8037194752,,0.017,,26.19,11.15
2012-06-19 00:00:00+05:30,60.599998474121094,62.29999923706055,60.25,61.0,1941827,0.0,0.0,PARSVNATH.NS,Parsvnath Developers Limited,Real Estate,Real Estate - Development,8037194752,,0.017,,26.19,11.15
2012-06-20 00:00:00+05:30,60.849998474121094,61.099998474121094,60.099998474121094,60.70000076293945,945297,0.0,0.0,PARSVNATH.NS,Parsvnath Developers Limited,Real Estate,Real Estate - Development,8037194752,,0.017,,26.19,11.15
2012-06-21 00:00:00+05:30,60.099998474121094,61.400001525878906,60.099998474121094,61.0,1118637,0.0,0.0,PARSVNATH.NS,Parsvnath Developers Limited,Real Estate,Real Estate - Development,8037194752,,0.017,,26.19,11.15
2012-06-22 00:00:00+05:30,60.45000076293945,61.79999923706055,59.95000076293945,61.349998474121094,1941491,0.0,0.0,PARSVNATH.NS,Parsvnath Developers Limited,Real Estate,Real Estate - Development,8037194752,,0.017,,26.19,11.15
2012-06-25 00:00:00+05:30,61.5,62.400001525878906,60.75,61.400001525878906,1998409,0.0,0.0,PARSVNATH.NS,Parsvnath Developers Limited,Real Estate,Real Estate - Development,8037194752,,0.017,,26.19,11.15
2012-06-26 00:00:00+05:30,61.75,61.75,60.650001525878906,61.20000076293945,826984,0.0,0.0,PARSVNATH.NS,Parsvnath Developers Limited,Real Estate,Real Estate - Development,8037194752,,0.017,,26.19,11.15
2012-06-27 00:00:00+05:30,60.54999923706055,61.70000076293945,59.599998474121094,60.95000076293945,1164317,0.0,0.0,PARSVNATH.NS,Parsvnath Developers Limited,Real Estate,Real Estate - Development,8037194752,,0.017,,26.19,11.15
2012-06-28 00:00:00+05:30,61.599998474121094,61.650001525878906,60.5,60.75,728540,0.0,0.0,PARSVNATH.NS,Parsvnath Developers Limited,Real Estate,Real Estate - Development,8037194752,,0.017,,26.19,11.15
2012-06-29 00:00:00+05:30,61.25,62.400001525878906,60.79999923706055,61.599998474121094,1511286,0.0,0.0,PARSVNATH.NS,Parsvnath Developers Limited,Real Estate,Real Estate - Development,8037194752,,0.017,,26.19,11.15
2012-07-02 00:00:00+05:30,61.900001525878906,61.900001525878906,60.599998474121094,60.79999923706055,988573,0.0,0.0,PARSVNATH.NS,Parsvnath Developers Limited,Real Estate,Real Estate - Development,8037194752,,0.017,,26.19,11.15
2012-07-03 00:00:00+05:30,61.099998474121094,61.349998474121094,59.25,59.75,1775400,0.0,0.0,PARSVNATH.NS,Parsvnath Developers Limited,Real Estate,Real Estate - Development,8037194752,,0.017,,26.19,11.15
2012-07-04 00:00:00+05:30,60.20000076293945,61.5,60.0,60.5,565230,0.0,0.0,PARSVNATH.NS,Parsvnath Developers Limited,Real Estate,Real Estate - Development,8037194752,,0.017,,26.19,11.15
2012-07-05 00:00:00+05:30,60.75,60.75,59.20000076293945,60.400001525878906,1102192,0.0,0.0,PARSVNATH.NS,Parsvnath Developers Limited,Real Estate,Real Estate - Development,8037194752,,0.017,,26.19,11.15
2012-07-06 00:00:00+05:30,60.900001525878906,61.900001525878906,59.54999923706055,60.45000076293945,939612,0.0,0.0,PARSVNATH.NS,Parsvnath Developers Limited,Real Estate,Real Estate - Development,8037194752,,0.017,,26.19,11.15
2012-07-09 00:00:00+05:30,60.099998474121094,60.5,59.45000076293945,60.099998474121094,1263847,0.0,0.0,PARSVNATH.NS,Parsvnath Developers Limited,Real Estate,Real Estate - Development,8037194752,,0.017,,26.19,11.15
2012-07-10 00:00:00+05:30,60.25,60.25,59.400001525878906,59.79999923706055,736690,0.0,0.0,PARSVNATH.NS,Parsvnath Developers Limited,Real Estate,Real Estate - Development,8037194752,,0.017,,26.19,11.15
2012-07-11 00:00:00+05:30,60.0,60.20000076293945,59.20000076293945,59.849998474121094,1338384,0.0,0.0,PARSVNATH.NS,Parsvnath Developers Limited,Real Estate,Real Estate - Development,8037194752,,0.017,,26.19,11.15
2012-07-12 00:00:00+05:30,59.79999923706055,60.400001525878906,59.099998474121094,59.75,404027,0.0,0.0,PARSVNATH.NS,Parsvnath Developers Limited,Real Estate,Real Estate - Development,8037194752,,0.017,,26.19,11.15
2012-07-13 00:00:00+05:30,59.75,60.400001525878906,59.25,59.599998474121094,1616127,0.0,0.0,PARSVNATH.NS,Parsvnath Developers Limited,Real Estate,Real Estate - Development,8037194752,,0.017,,26.19,11.15
2012-07-16 00:00:00+05:30,59.5,59.70000076293945,57.5,58.150001525878906,748379,0.0,0.0,PARSVNATH.NS,Parsvnath Developers Limited,Real Estate,Real Estate - Development,8037194752,,0.017,,26.19,11.15
2012-07-17 00:00:00+05:30,58.54999923706055,59.0,58.25,58.599998474121094,246570,0.0,0.0,PARSVNATH.NS,Parsvnath Developers Limited,Real Estate,Real Estate - Development,8037194752,,0.017,,26.19,11.15
2012-07-18 00:00:00+05:30,58.5,59.0,56.79999923706055,57.349998474121094,76969,0.0,0.0,PARSVNATH.NS,Parsvnath Developers Limited,Real Estate,Real Estate - Development,8037194752,,0.017,,26.19,11.15
2012-07-19 00:00:00+05:30,57.849998474121094,59.0,57.599998474121094,58.349998474121094,1013116,0.0,0.0,PARSVNATH.NS,Parsvnath Developers Limited,Real Estate,Real Estate - Development,8037194752,,0.017,,26.19,11.15
2012-07-20 00:00:00+05:30,58.400001525878906,58.54999923706055,57.599998474121094,58.0,235465,0.0,0.0,PARSVNATH.NS,Parsvnath Developers Limited,Real Estate,Real Estate - Development,8037194752,,0.017,,26.19,11.15
2012-07-23 00:00:00+05:30,57.54999923706055,58.400001525878906,56.29999923706055,57.54999923706055,1224895,0.0,0.0,PARSVNATH.NS,Parsvnath Developers Limited,Real Estate,Real Estate - Development,8037194752,,0.017,,26.19,11.15
2012-07-24 00:00:00+05:30,57.0,57.900001525878906,55.650001525878906,56.79999923706055,459690,0.0,0.0,PARSVNATH.NS,Parsvnath Developers Limited,Real Estate,Real Estate - Development,8037194752,,0.017,,26.19,11.15
2012-07-25 00:00:00+05:30,57.0,57.900001525878906,57.0,57.70000076293945,861666,0.0,0.0,PARSVNATH.NS,Parsvnath Developers Limited,Real Estate,Real Estate - Development,8037194752,,0.017,,26.19,11.15
2012-07-26 00:00:00+05:30,57.29999923706055,57.849998474121094,46.20000076293945,46.20000076293945,917298,0.0,0.0,PARSVNATH.NS,Parsvnath Developers Limited,Real Estate,Real Estate - Development,8037194752,,0.017,,26.19,11.15
2012-07-27 00:00:00+05:30,37.0,45.0,37.0,37.0,14819655,0.0,0.0,PARSVNATH.NS,Parsvnath Developers Limited,Real Estate,Real Estate - Development,8037194752,,0.017,,26.19,11.15
2012-07-30 00:00:00+05:30,35.150001525878906,38.849998474121094,35.150001525878906,38.599998474121094,5811849,0.0,0.0,PARSVNATH.NS,Parsvnath Developers Limited,Real Estate,Real Estate - Development,8037194752,,0.017,,26.19,11.15
2012-07-31 00:00:00+05:30,38.900001525878906,39.349998474121094,37.79999923706055,39.04999923706055,2396958,0.0,0.0,PARSVNATH.NS,Parsvnath Developers Limited,Real Estate,Real Estate - Development,8037194752,,0.017,,26.19,11.15
2012-08-01 00:00:00+05:30,39.099998474121094,40.0,38.650001525878906,39.45000076293945,2008882,0.0,0.0,PARSVNATH.NS,Parsvnath Developers Limited,Real Estate,Real Estate - Development,8037194752,,0.017,,26.19,11.15
2012-08-02 00:00:00+05:30,39.150001525878906,39.900001525878906,39.04999923706055,39.599998474121094,785744,0.0,0.0,PARSVNATH.NS,Parsvnath Developers Limited,Real Estate,Real Estate - Development,8037194752,,0.017,,26.19,11.15
2012-08-03 00:00:00+05:30,39.099998474121094,39.400001525878906,38.45000076293945,39.0,1051277,0.0,0.0,PARSVNATH.NS,Parsvnath Developers Limited,Real Estate,Real Estate - Development,8037194752,,0.017,,26.19,11.15
2012-08-06 00:00:00+05:30,38.5,39.5,37.25,37.5,2691315,0.0,0.0,PARSVNATH.NS,Parsvnath Developers Limited,Real Estate,Real Estate - Development,8037194752,,0.017,,26.19,11.15
2012-08-07 00:00:00+05:30,37.25,38.400001525878906,36.599998474121094,37.650001525878906,1841958,0.0,0.0,PARSVNATH.NS,Parsvnath Developers Limited,Real Estate,Real Estate - Development,8037194752,,0.017,,26.19,11.15
2012-08-08 00:00:00+05:30,37.900001525878906,38.5,37.29999923706055,37.95000076293945,1060080,0.0,0.0,PARSVNATH.NS,Parsvnath Developers Limited,Real Estate,Real Estate - Development,8037194752,,0.017,,26.19,11.15
2012-08-09 00:00:00+05:30,38.0,38.400001525878906,37.099998474121094,37.900001525878906,841461,0.0,0.0,PARSVNATH.NS,Parsvnath Developers Limited,Real Estate,Real Estate - Development,8037194752,,0.017,,26.19,11.15
2012-08-10 00:00:00+05:30,38.04999923706055,38.79999923706055,37.599998474121094,38.45000076293945,407889,0.0,0.0,PARSVNATH.NS,Parsvnath Developers Limited,Real Estate,Real Estate - Development,8037194752,,0.017,,26.19,11.15
2012-08-13 00:00:00+05:30,38.400001525878906,39.0,38.150001525878906,38.70000076293945,209129,0.0,0.0,PARSVNATH.NS,Parsvnath Developers Limited,Real Estate,Real Estate - Development,8037194752,,0.017,,26.19,11.15
2012-08-14 00:00:00+05:30,38.900001525878906,39.599998474121094,38.400001525878906,39.04999923706055,392737,0.0,0.0,PARSVNATH.NS,Parsvnath Developers Limited,Real Estate,Real Estate - Development,8037194752,,0.017,,26.19,11.15
2012-08-16 00:00:00+05:30,39.70000076293945,39.70000076293945,38.75,39.099998474121094,259312,0.0,0.0,PARSVNATH.NS,Parsvnath Developers Limited,Real Estate,Real Estate - Development,8037194752,,0.017,,26.19,11.15
2012-08-17 00:00:00+05:30,39.20000076293945,39.400001525878906,38.5,39.0,178740,0.0,0.0,PARSVNATH.NS,Parsvnath Developers Limited,Real Estate,Real Estate - Development,8037194752,,0.017,,26.19,11.15
2012-08-21 00:00:00+05:30,39.099998474121094,39.599998474121094,38.75,39.349998474121094,1475941,0.0,0.0,PARSVNATH.NS,Parsvnath Developers Limited,Real Estate,Real Estate - Development,8037194752,,0.017,,26.19,11.15
2012-08-22 00:00:00+05:30,39.20000076293945,39.25,38.54999923706055,38.95000076293945,140440,0.0,0.0,PARSVNATH.NS,Parsvnath Developers Limited,Real Estate,Real Estate - Development,8037194752,,0.017,,26.19,11.15
2012-08-23 00:00:00+05:30,38.900001525878906,39.25,38.70000076293945,39.04999923706055,127696,0.0,0.0,PARSVNATH.NS,Parsvnath Developers Limited,Real Estate,Real Estate - Development,8037194752,,0.017,,26.19,11.15
2012-08-24 00:00:00+05:30,38.900001525878906,39.25,38.349998474121094,38.849998474121094,368451,0.0,0.0,PARSVNATH.NS,Parsvnath Developers Limited,Real Estate,Real Estate - Development,8037194752,,0.017,,26.19,11.15
2012-08-27 00:00:00+05:30,39.5,39.900001525878906,38.5,38.70000076293945,229327,0.0,0.0,PARSVNATH.NS,Parsvnath Developers Limited,Real Estate,Real Estate - Development,8037194752,,0.017,,26.19,11.15
2012-08-28 00:00:00+05:30,38.70000076293945,38.79999923706055,38.5,38.70000076293945,125273,0.0,0.0,PARSVNATH.NS,Parsvnath Developers Limited,Real Estate,Real Estate - Development,8037194752,,0.017,,26.19,11.15
2012-08-29 00:00:00+05:30,38.70000076293945,38.900001525878906,38.349998474121094,38.650001525878906,161708,0.0,0.0,PARSVNATH.NS,Parsvnath Developers Limited,Real Estate,Real Estate - Development,8037194752,,0.017,,26.19,11.15
2012-08-30 00:00:00+05:30,38.70000076293945,39.0,38.5,38.75,141938,0.0,0.0,PARSVNATH.NS,Parsvnath Developers Limited,Real Estate,Real Estate - Development,8037194752,,0.017,,26.19,11.15
2012-08-31 00:00:00+05:30,38.70000076293945,39.0,38.0,38.25,216472,0.0,0.0,PARSVNATH.NS,Parsvnath Developers Limited,Real Estate,Real Estate - Development,8037194752,,0.017,,26.19,11.15
2012-09-03 00:00:00+05:30,38.599998474121094,39.0,38.04999923706055,38.650001525878906,148937,0.0,0.0,PARSVNATH.NS,Parsvnath Developers Limited,Real Estate,Real Estate - Development,8037194752,,0.017,,26.19,11.15
2012-09-04 00:00:00+05:30,38.900001525878906,38.900001525878906,38.0,38.75,240124,0.0,0.0,PARSVNATH.NS,Parsvnath Developers Limited,Real Estate,Real Estate - Development,8037194752,,0.017,,26.19,11.15
2012-09-05 00:00:00+05:30,38.5,39.5,38.20000076293945,38.95000076293945,143009,0.0,0.0,PARSVNATH.NS,Parsvnath Developers Limited,Real Estate,Real Estate - Development,8037194752,,0.017,,26.19,11.15
2012-09-06 00:00:00+05:30,38.900001525878906,39.400001525878906,38.25,38.54999923706055,152026,0.0,0.0,PARSVNATH.NS,Parsvnath Developers Limited,Real Estate,Real Estate - Development,8037194752,,0.017,,26.19,11.15
2012-09-07 00:00:00+05:30,38.900001525878906,39.099998474121094,38.45000076293945,38.75,279398,0.0,0.0,PARSVNATH.NS,Parsvnath Developers Limited,Real Estate,Real Estate - Development,8037194752,,0.017,,26.19,11.15
2012-09-10 00:00:00+05:30,38.599998474121094,38.900001525878906,38.400001525878906,38.599998474121094,80922,0.0,0.0,PARSVNATH.NS,Parsvnath Developers Limited,Real Estate,Real Estate - Development,8037194752,,0.017,,26.19,11.15
2012-09-11 00:00:00+05:30,38.900001525878906,39.0,38.45000076293945,38.75,96499,0.0,0.0,PARSVNATH.NS,Parsvnath Developers Limited,Real Estate,Real Estate - Development,8037194752,,0.017,,26.19,11.15
2012-09-12 00:00:00+05:30,38.79999923706055,39.150001525878906,38.599998474121094,38.849998474121094,90598,0.0,0.0,PARSVNATH.NS,Parsvnath Developers Limited,Real Estate,Real Estate - Development,8037194752,,0.017,,26.19,11.15
2012-09-13 00:00:00+05:30,38.400001525878906,38.70000076293945,38.0,38.400001525878906,180259,0.0,0.0,PARSVNATH.NS,Parsvnath Developers Limited,Real Estate,Real Estate - Development,8037194752,,0.017,,26.19,11.15
2012-09-14 00:00:00+05:30,38.900001525878906,39.150001525878906,38.349998474121094,38.95000076293945,235445,0.0,0.0,PARSVNATH.NS,Parsvnath Developers Limited,Real Estate,Real Estate - Development,8037194752,,0.017,,26.19,11.15
2012-09-17 00:00:00+05:30,40.5,40.849998474121094,40.04999923706055,40.849998474121094,1333976,0.0,0.0,PARSVNATH.NS,Parsvnath Developers Limited,Real Estate,Real Estate - Development,8037194752,,0.017,,26.19,11.15
2012-09-18 00:00:00+05:30,41.20000076293945,41.70000076293945,40.349998474121094,41.0,436698,0.0,0.0,PARSVNATH.NS,Parsvnath Developers Limited,Real Estate,Real Estate - Development,8037194752,,0.017,,26.19,11.15
2012-09-20 00:00:00+05:30,40.79999923706055,40.79999923706055,39.900001525878906,40.45000076293945,128025,0.0,0.0,PARSVNATH.NS,Parsvnath Developers Limited,Real Estate,Real Estate - Development,8037194752,,0.017,,26.19,11.15
2012-09-21 00:00:00+05:30,40.650001525878906,41.0,40.0,40.25,340165,0.0,0.0,PARSVNATH.NS,Parsvnath Developers Limited,Real Estate,Real Estate - Development,8037194752,,0.017,,26.19,11.15
2012-09-24 00:00:00+05:30,41.0,41.0,40.150001525878906,40.400001525878906,323392,0.0,0.0,PARSVNATH.NS,Parsvnath Developers Limited,Real Estate,Real Estate - Development,8037194752,,0.017,,26.19,11.15
2012-09-25 00:00:00+05:30,40.400001525878906,40.75,39.70000076293945,40.400001525878906,546074,0.0,0.0,PARSVNATH.NS,Parsvnath Developers Limited,Real Estate,Real Estate - Development,8037194752,,0.017,,26.19,11.15
2012-09-26 00:00:00+05:30,40.099998474121094,41.5,39.54999923706055,40.54999923706055,1090737,0.0,0.0,PARSVNATH.NS,Parsvnath Developers Limited,Real Estate,Real Estate - Development,8037194752,,0.017,,26.19,11.15
2012-09-27 00:00:00+05:30,40.79999923706055,41.45000076293945,39.150001525878906,39.900001525878906,1048256,0.0,0.0,PARSVNATH.NS,Parsvnath Developers Limited,Real Estate,Real Estate - Development,8037194752,,0.017,,26.19,11.15
2012-09-28 00:00:00+05:30,40.0,40.70000076293945,39.75,40.099998474121094,450683,0.0,0.0,PARSVNATH.NS,Parsvnath Developers Limited,Real Estate,Real Estate - Development,8037194752,,0.017,,26.19,11.15
2012-10-01 00:00:00+05:30,40.04999923706055,42.0,40.04999923706055,41.25,480883,0.0,0.0,PARSVNATH.NS,Parsvnath Developers Limited,Real Estate,Real Estate - Development,8037194752,,0.017,,26.19,11.15
2012-10-03 00:00:00+05:30,41.5,42.25,40.599998474121094,40.79999923706055,214356,0.0,0.0,PARSVNATH.NS,Parsvnath Developers Limited,Real Estate,Real Estate - Development,8037194752,,0.017,,26.19,11.15
2012-10-04 00:00:00+05:30,41.0,42.79999923706055,40.900001525878906,42.75,2127079,0.0,0.0,PARSVNATH.NS,Parsvnath Developers Limited,Real Estate,Real Estate - Development,8037194752,,0.017,,26.19,11.15
2012-10-05 00:00:00+05:30,43.79999923706055,44.0,40.79999923706055,42.0,1021092,0.0,0.0,PARSVNATH.NS,Parsvnath Developers Limited,Real Estate,Real Estate - Development,8037194752,,0.017,,26.19,11.15
2012-10-08 00:00:00+05:30,42.25,42.400001525878906,39.900001525878906,39.900001525878906,599332,0.0,0.0,PARSVNATH.NS,Parsvnath Developers Limited,Real Estate,Real Estate - Development,8037194752,,0.017,,26.19,11.15
2012-10-09 00:00:00+05:30,39.0,41.099998474121094,39.0,40.650001525878906,675340,0.0,0.0,PARSVNATH.NS,Parsvnath Developers Limited,Real Estate,Real Estate - Development,8037194752,,0.017,,26.19,11.15
2012-10-10 00:00:00+05:30,40.599998474121094,40.599998474121094,38.70000076293945,39.20000076293945,316293,0.0,0.0,PARSVNATH.NS,Parsvnath Developers Limited,Real Estate,Real Estate - Development,8037194752,,0.017,,26.19,11.15
2012-10-11 00:00:00+05:30,39.099998474121094,39.95000076293945,37.900001525878906,39.79999923706055,326406,0.0,0.0,PARSVNATH.NS,Parsvnath Developers Limited,Real Estate,Real Estate - Development,8037194752,,0.017,,26.19,11.15
2012-10-12 00:00:00+05:30,39.79999923706055,40.25,38.95000076293945,39.5,640799,0.0,0.0,PARSVNATH.NS,Parsvnath Developers Limited,Real Estate,Real Estate - Development,8037194752,,0.017,,26.19,11.15
2012-10-15 00:00:00+05:30,39.900001525878906,40.20000076293945,39.650001525878906,39.79999923706055,159109,0.0,0.0,PARSVNATH.NS,Parsvnath Developers Limited,Real Estate,Real Estate - Development,8037194752,,0.017,,26.19,11.15
2012-10-16 00:00:00+05:30,40.099998474121094,40.29999923706055,39.75,40.0,202416,0.0,0.0,PARSVNATH.NS,Parsvnath Developers Limited,Real Estate,Real Estate - Development,8037194752,,0.017,,26.19,11.15
2012-10-17 00:00:00+05:30,40.79999923706055,41.0,40.20000076293945,40.45000076293945,601207,0.0,0.0,PARSVNATH.NS,Parsvnath Developers Limited,Real Estate,Real Estate - Development,8037194752,,0.017,,26.19,11.15
2012-10-18 00:00:00+05:30,40.79999923706055,40.79999923706055,40.099998474121094,40.45000076293945,177891,0.0,0.0,PARSVNATH.NS,Parsvnath Developers Limited,Real Estate,Real Estate - Development,8037194752,,0.017,,26.19,11.15
2012-10-19 00:00:00+05:30,40.45000076293945,40.599998474121094,39.900001525878906,40.150001525878906,293365,0.0,0.0,PARSVNATH.NS,Parsvnath Developers Limited,Real Estate,Real Estate - Development,8037194752,,0.017,,26.19,11.15
2012-10-22 00:00:00+05:30,40.0,40.0,38.150001525878906,38.5,674462,0.0,0.0,PARSVNATH.NS,Parsvnath Developers Limited,Real Estate,Real Estate - Development,8037194752,,0.017,,26.19,11.15
2012-10-23 00:00:00+05:30,38.29999923706055,40.0,38.150001525878906,38.849998474121094,267135,0.0,0.0,PARSVNATH.NS,Parsvnath Developers Limited,Real Estate,Real Estate - Development,8037194752,,0.017,,26.19,11.15
2012-10-25 00:00:00+05:30,38.79999923706055,39.75,38.599998474121094,38.849998474121094,269163,0.0,0.0,PARSVNATH.NS,Parsvnath Developers Limited,Real Estate,Real Estate - Development,8037194752,,0.017,,26.19,11.15
2012-10-29 00:00:00+05:30,38.25,38.75,37.20000076293945,37.54999923706055,158660,0.0,0.0,PARSVNATH.NS,Parsvnath Developers Limited,Real Estate,Real Estate - Development,8037194752,,0.017,,26.19,11.15
2012-10-30 00:00:00+05:30,37.70000076293945,37.900001525878906,36.25,36.45000076293945,203037,0.0,0.0,PARSVNATH.NS,Parsvnath Developers Limited,Real Estate,Real Estate - Development,8037194752,,0.017,,26.19,11.15
2012-10-31 00:00:00+05:30,36.5,36.849998474121094,36.099998474121094,36.5,599845,0.0,0.0,PARSVNATH.NS,Parsvnath Developers Limited,Real Estate,Real Estate - Development,8037194752,,0.017,,26.19,11.15
2012-11-01 00:00:00+05:30,36.70000076293945,36.70000076293945,35.849998474121094,36.0,155441,0.0,0.0,PARSVNATH.NS,Parsvnath Developers Limited,Real Estate,Real Estate - Development,8037194752,,0.017,,26.19,11.15
2012-11-02 00:00:00+05:30,36.400001525878906,37.650001525878906,36.400001525878906,37.04999923706055,252482,0.0,0.0,PARSVNATH.NS,Parsvnath Developers Limited,Real Estate,Real Estate - Development,8037194752,,0.017,,26.19,11.15
2012-11-05 00:00:00+05:30,37.04999923706055,38.0,37.04999923706055,37.849998474121094,405611,0.0,0.0,PARSVNATH.NS,Parsvnath Developers Limited,Real Estate,Real Estate - Development,8037194752,,0.017,,26.19,11.15
2012-11-06 00:00:00+05:30,38.5,39.25,38.099998474121094,39.0,424085,0.0,0.0,PARSVNATH.NS,Parsvnath Developers Limited,Real Estate,Real Estate - Development,8037194752,,0.017,,26.19,11.15
2012-11-07 00:00:00+05:30,39.45000076293945,39.75,39.04999923706055,39.54999923706055,461151,0.0,0.0,PARSVNATH.NS,Parsvnath Developers Limited,Real Estate,Real Estate - Development,8037194752,,0.017,,26.19,11.15
2012-11-08 00:00:00+05:30,39.45000076293945,39.79999923706055,38.599998474121094,39.599998474121094,349469,0.0,0.0,PARSVNATH.NS,Parsvnath Developers Limited,Real Estate,Real Estate - Development,8037194752,,0.017,,26.19,11.15
2012-11-09 00:00:00+05:30,39.5,41.150001525878906,38.95000076293945,39.45000076293945,340063,0.0,0.0,PARSVNATH.NS,Parsvnath Developers Limited,Real Estate,Real Estate - Development,8037194752,,0.017,,26.19,11.15
2012-11-12 00:00:00+05:30,39.5,39.95000076293945,39.20000076293945,39.599998474121094,96235,0.0,0.0,PARSVNATH.NS,Parsvnath Developers Limited,Real Estate,Real Estate - Development,8037194752,,0.017,,26.19,11.15
2012-11-15 00:00:00+05:30,39.25,39.79999923706055,38.20000076293945,39.04999923706055,97212,0.0,0.0,PARSVNATH.NS,Parsvnath Developers Limited,Real Estate,Real Estate - Development,8037194752,,0.017,,26.19,11.15
2012-11-16 00:00:00+05:30,39.400001525878906,39.849998474121094,38.75,39.04999923706055,304356,0.0,0.0,PARSVNATH.NS,Parsvnath Developers Limited,Real Estate,Real Estate - Development,8037194752,,0.017,,26.19,11.15
2012-11-19 00:00:00+05:30,39.150001525878906,39.25,38.25,38.5,161772,0.0,0.0,PARSVNATH.NS,Parsvnath Developers Limited,Real Estate,Real Estate - Development,8037194752,,0.017,,26.19,11.15
2012-11-20 00:00:00+05:30,38.79999923706055,39.0,37.70000076293945,38.04999923706055,162961,0.0,0.0,PARSVNATH.NS,Parsvnath Developers Limited,Real Estate,Real Estate - Development,8037194752,,0.017,,26.19,11.15
2012-11-21 00:00:00+05:30,38.04999923706055,38.29999923706055,37.349998474121094,37.650001525878906,292336,0.0,0.0,PARSVNATH.NS,Parsvnath Developers Limited,Real Estate,Real Estate - Development,8037194752,,0.017,,26.19,11.15
2012-11-22 00:00:00+05:30,37.650001525878906,38.900001525878906,37.04999923706055,38.04999923706055,110451,0.0,0.0,PARSVNATH.NS,Parsvnath Developers Limited,Real Estate,Real Estate - Development,8037194752,,0.017,,26.19,11.15
2012-11-23 00:00:00+05:30,37.900001525878906,38.400001525878906,37.25,37.45000076293945,48881,0.0,0.0,PARSVNATH.NS,Parsvnath Developers Limited,Real Estate,Real Estate - Development,8037194752,,0.017,,26.19,11.15
2012-11-26 00:00:00+05:30,37.04999923706055,38.70000076293945,37.04999923706055,38.45000076293945,127442,0.0,0.0,PARSVNATH.NS,Parsvnath Developers Limited,Real Estate,Real Estate - Development,8037194752,,0.017,,26.19,11.15
2012-11-27 00:00:00+05:30,40.25,40.29999923706055,38.54999923706055,38.849998474121094,149845,0.0,0.0,PARSVNATH.NS,Parsvnath Developers Limited,Real Estate,Real Estate - Development,8037194752,,0.017,,26.19,11.15
2012-11-29 00:00:00+05:30,38.849998474121094,39.400001525878906,38.25,38.45000076293945,92374,0.0,0.0,PARSVNATH.NS,Parsvnath Developers Limited,Real Estate,Real Estate - Development,8037194752,,0.017,,26.19,11.15
2012-11-30 00:00:00+05:30,38.54999923706055,39.45000076293945,38.54999923706055,39.099998474121094,208920,0.0,0.0,PARSVNATH.NS,Parsvnath Developers Limited,Real Estate,Real Estate - Development,8037194752,,0.017,,26.19,11.15
2012-12-03 00:00:00+05:30,39.0,39.5,38.650001525878906,39.099998474121094,153154,0.0,0.0,PARSVNATH.NS,Parsvnath Developers Limited,Real Estate,Real Estate - Development,8037194752,,0.017,,26.19,11.15
2012-12-04 00:00:00+05:30,39.099998474121094,39.45000076293945,38.70000076293945,39.04999923706055,128038,0.0,0.0,PARSVNATH.NS,Parsvnath Developers Limited,Real Estate,Real Estate - Development,8037194752,,0.017,,26.19,11.15
2012-12-05 00:00:00+05:30,39.099998474121094,40.349998474121094,38.849998474121094,39.349998474121094,324437,0.0,0.0,PARSVNATH.NS,Parsvnath Developers Limited,Real Estate,Real Estate - Development,8037194752,,0.017,,26.19,11.15
2012-12-06 00:00:00+05:30,40.0,41.29999923706055,39.5,41.150001525878906,773542,0.0,0.0,PARSVNATH.NS,Parsvnath Developers Limited,Real Estate,Real Estate - Development,8037194752,,0.017,,26.19,11.15
2012-12-07 00:00:00+05:30,41.900001525878906,43.150001525878906,41.20000076293945,41.900001525878906,874054,0.0,0.0,PARSVNATH.NS,Parsvnath Developers Limited,Real Estate,Real Estate - Development,8037194752,,0.017,,26.19,11.15
2012-12-10 00:00:00+05:30,42.25,43.099998474121094,41.75,42.29999923706055,309034,0.0,0.0,PARSVNATH.NS,Parsvnath Developers Limited,Real Estate,Real Estate - Development,8037194752,,0.017,,26.19,11.15
2012-12-11 00:00:00+05:30,42.900001525878906,42.95000076293945,40.45000076293945,41.04999923706055,269531,0.0,0.0,PARSVNATH.NS,Parsvnath Developers Limited,Real Estate,Real Estate - Development,8037194752,,0.017,,26.19,11.15
2012-12-12 00:00:00+05:30,41.29999923706055,41.599998474121094,39.5,39.900001525878906,207480,0.0,0.0,PARSVNATH.NS,Parsvnath Developers Limited,Real Estate,Real Estate - Development,8037194752,,0.017,,26.19,11.15
2012-12-13 00:00:00+05:30,40.20000076293945,41.849998474121094,39.5,40.099998474121094,505511,0.0,0.0,PARSVNATH.NS,Parsvnath Developers Limited,Real Estate,Real Estate - Development,8037194752,,0.017,,26.19,11.15
2012-12-14 00:00:00+05:30,40.5,40.5,39.5,39.70000076293945,378146,0.0,0.0,PARSVNATH.NS,Parsvnath Developers Limited,Real Estate,Real Estate - Development,8037194752,,0.017,,26.19,11.15
2012-12-17 00:00:00+05:30,39.849998474121094,41.099998474121094,39.79999923706055,40.04999923706055,557141,0.0,0.0,PARSVNATH.NS,Parsvnath Developers Limited,Real Estate,Real Estate - Development,8037194752,,0.017,,26.19,11.15
2012-12-18 00:00:00+05:30,40.400001525878906,41.349998474121094,39.5,40.95000076293945,635948,0.0,0.0,PARSVNATH.NS,Parsvnath Developers Limited,Real Estate,Real Estate - Development,8037194752,,0.017,,26.19,11.15
2012-12-19 00:00:00+05:30,41.400001525878906,41.5,39.95000076293945,40.099998474121094,509214,0.0,0.0,PARSVNATH.NS,Parsvnath Developers Limited,Real Estate,Real Estate - Development,8037194752,,0.017,,26.19,11.15
2012-12-20 00:00:00+05:30,40.150001525878906,40.5,39.400001525878906,39.95000076293945,300471,0.0,0.0,PARSVNATH.NS,Parsvnath Developers Limited,Real Estate,Real Estate - Development,8037194752,,0.017,,26.19,11.15
2012-12-21 00:00:00+05:30,39.900001525878906,41.54999923706055,38.5,38.70000076293945,1281416,0.0,0.0,PARSVNATH.NS,Parsvnath Developers Limited,Real Estate,Real Estate - Development,8037194752,,0.017,,26.19,11.15
2012-12-24 00:00:00+05:30,38.650001525878906,39.95000076293945,38.45000076293945,39.75,439044,0.0,0.0,PARSVNATH.NS,Parsvnath Developers Limited,Real Estate,Real Estate - Development,8037194752,,0.017,,26.19,11.15
2012-12-26 00:00:00+05:30,40.400001525878906,40.400001525878906,39.20000076293945,39.599998474121094,273673,0.0,0.0,PARSVNATH.NS,Parsvnath Developers Limited,Real Estate,Real Estate - Development,8037194752,,0.017,,26.19,11.15
2012-12-27 00:00:00+05:30,39.900001525878906,39.900001525878906,38.70000076293945,38.900001525878906,235308,0.0,0.0,PARSVNATH.NS,Parsvnath Developers Limited,Real Estate,Real Estate - Development,8037194752,,0.017,,26.19,11.15
2012-12-28 00:00:00+05:30,39.0,39.29999923706055,38.5,38.70000076293945,194641,0.0,0.0,PARSVNATH.NS,Parsvnath Developers Limited,Real Estate,Real Estate - Development,8037194752,,0.017,,26.19,11.15
2012-12-31 00:00:00+05:30,38.79999923706055,39.150001525878906,38.599998474121094,38.70000076293945,178353,0.0,0.0,PARSVNATH.NS,Parsvnath Developers Limited,Real Estate,Real Estate - Development,8037194752,,0.017,,26.19,11.15
2013-01-01 00:00:00+05:30,38.70000076293945,40.45000076293945,38.70000076293945,39.95000076293945,747153,0.0,0.0,PARSVNATH.NS,Parsvnath Developers Limited,Real Estate,Real Estate - Development,8037194752,,0.017,,26.19,11.15
2013-01-02 00:00:00+05:30,40.599998474121094,41.70000076293945,39.70000076293945,39.95000076293945,516180,0.0,0.0,PARSVNATH.NS,Parsvnath Developers Limited,Real Estate,Real Estate - Development,8037194752,,0.017,,26.19,11.15
2013-01-03 00:00:00+05:30,40.29999923706055,41.900001525878906,39.599998474121094,41.70000076293945,1099389,0.0,0.0,PARSVNATH.NS,Parsvnath Developers Limited,Real Estate,Real Estate - Development,8037194752,,0.017,,26.19,11.15
2013-01-04 00:00:00+05:30,41.70000076293945,42.5,40.5,40.79999923706055,620399,0.0,0.0,PARSVNATH.NS,Parsvnath Developers Limited,Real Estate,Real Estate - Development,8037194752,,0.017,,26.19,11.15
2013-01-07 00:00:00+05:30,41.0,41.150001525878906,40.0,40.150001525878906,396670,0.0,0.0,PARSVNATH.NS,Parsvnath Developers Limited,Real Estate,Real Estate - Development,8037194752,,0.017,,26.19,11.15
2013-01-08 00:00:00+05:30,40.150001525878906,40.400001525878906,39.5,39.70000076293945,513429,0.0,0.0,PARSVNATH.NS,Parsvnath Developers Limited,Real Estate,Real Estate - Development,8037194752,,0.017,,26.19,11.15
2013-01-09 00:00:00+05:30,39.70000076293945,41.0,39.599998474121094,39.849998474121094,575748,0.0,0.0,PARSVNATH.NS,Parsvnath Developers Limited,Real Estate,Real Estate - Development,8037194752,,0.017,,26.19,11.15
2013-01-10 00:00:00+05:30,40.0,40.25,39.20000076293945,39.45000076293945,366199,0.0,0.0,PARSVNATH.NS,Parsvnath Developers Limited,Real Estate,Real Estate - Development,8037194752,,0.017,,26.19,11.15
2013-01-11 00:00:00+05:30,40.0,40.0,39.20000076293945,39.349998474121094,228885,0.0,0.0,PARSVNATH.NS,Parsvnath Developers Limited,Real Estate,Real Estate - Development,8037194752,,0.017,,26.19,11.15
2013-01-14 00:00:00+05:30,39.25,40.400001525878906,39.20000076293945,39.95000076293945,257076,0.0,0.0,PARSVNATH.NS,Parsvnath Developers Limited,Real Estate,Real Estate - Development,8037194752,,0.017,,26.19,11.15
2013-01-15 00:00:00+05:30,39.70000076293945,41.0,38.599998474121094,38.75,642004,0.0,0.0,PARSVNATH.NS,Parsvnath Developers Limited,Real Estate,Real Estate - Development,8037194752,,0.017,,26.19,11.15
2013-01-16 00:00:00+05:30,38.75,38.95000076293945,37.150001525878906,37.45000076293945,502080,0.0,0.0,PARSVNATH.NS,Parsvnath Developers Limited,Real Estate,Real Estate - Development,8037194752,,0.017,,26.19,11.15
2013-01-17 00:00:00+05:30,37.900001525878906,38.0,37.400001525878906,37.75,131770,0.0,0.0,PARSVNATH.NS,Parsvnath Developers Limited,Real Estate,Real Estate - Development,8037194752,,0.017,,26.19,11.15
2013-01-18 00:00:00+05:30,38.099998474121094,38.599998474121094,38.0,38.20000076293945,190397,0.0,0.0,PARSVNATH.NS,Parsvnath Developers Limited,Real Estate,Real Estate - Development,8037194752,,0.017,,26.19,11.15
2013-01-21 00:00:00+05:30,38.400001525878906,38.5,37.650001525878906,38.099998474121094,74699,0.0,0.0,PARSVNATH.NS,Parsvnath Developers Limited,Real Estate,Real Estate - Development,8037194752,,0.017,,26.19,11.15
2013-01-22 00:00:00+05:30,38.45000076293945,38.900001525878906,37.0,37.349998474121094,318406,0.0,0.0,PARSVNATH.NS,Parsvnath Developers Limited,Real Estate,Real Estate - Development,8037194752,,0.017,,26.19,11.15
2013-01-23 00:00:00+05:30,37.900001525878906,38.0,36.349998474121094,36.599998474121094,332050,0.0,0.0,PARSVNATH.NS,Parsvnath Developers Limited,Real Estate,Real Estate - Development,8037194752,,0.017,,26.19,11.15
2013-01-24 00:00:00+05:30,36.5,37.599998474121094,35.20000076293945,36.95000076293945,653725,0.0,0.0,PARSVNATH.NS,Parsvnath Developers Limited,Real Estate,Real Estate - Development,8037194752,,0.017,,26.19,11.15
2013-01-25 00:00:00+05:30,36.900001525878906,38.099998474121094,36.20000076293945,37.900001525878906,219012,0.0,0.0,PARSVNATH.NS,Parsvnath Developers Limited,Real Estate,Real Estate - Development,8037194752,,0.017,,26.19,11.15
2013-01-28 00:00:00+05:30,38.400001525878906,38.5,37.650001525878906,37.95000076293945,224126,0.0,0.0,PARSVNATH.NS,Parsvnath Developers Limited,Real Estate,Real Estate - Development,8037194752,,0.017,,26.19,11.15
2013-01-29 00:00:00+05:30,38.79999923706055,39.20000076293945,37.5,39.04999923706055,904704,0.0,0.0,PARSVNATH.NS,Parsvnath Developers Limited,Real Estate,Real Estate - Development,8037194752,,0.017,,26.19,11.15
2013-01-30 00:00:00+05:30,39.150001525878906,40.70000076293945,38.70000076293945,40.45000076293945,637329,0.0,0.0,PARSVNATH.NS,Parsvnath Developers Limited,Real Estate,Real Estate - Development,8037194752,,0.017,,26.19,11.15
2013-01-31 00:00:00+05:30,39.79999923706055,41.20000076293945,39.5,41.0,587489,0.0,0.0,PARSVNATH.NS,Parsvnath Developers Limited,Real Estate,Real Estate - Development,8037194752,,0.017,,26.19,11.15
2013-02-01 00:00:00+05:30,40.650001525878906,42.20000076293945,40.650001525878906,41.599998474121094,561560,0.0,0.0,PARSVNATH.NS,Parsvnath Developers Limited,Real Estate,Real Estate - Development,8037194752,,0.017,,26.19,11.15
2013-02-04 00:00:00+05:30,41.70000076293945,42.400001525878906,40.849998474121094,42.04999923706055,484119,0.0,0.0,PARSVNATH.NS,Parsvnath Developers Limited,Real Estate,Real Estate - Development,8037194752,,0.017,,26.19,11.15
2013-02-05 00:00:00+05:30,41.599998474121094,42.95000076293945,41.150001525878906,42.5,691030,0.0,0.0,PARSVNATH.NS,Parsvnath Developers Limited,Real Estate,Real Estate - Development,8037194752,,0.017,,26.19,11.15
2013-02-06 00:00:00+05:30,42.95000076293945,43.900001525878906,42.650001525878906,43.150001525878906,508592,0.0,0.0,PARSVNATH.NS,Parsvnath Developers Limited,Real Estate,Real Estate - Development,8037194752,,0.017,,26.19,11.15
2013-02-07 00:00:00+05:30,43.150001525878906,43.650001525878906,42.400001525878906,43.349998474121094,583268,0.0,0.0,PARSVNATH.NS,Parsvnath Developers Limited,Real Estate,Real Estate - Development,8037194752,,0.017,,26.19,11.15
2013-02-08 00:00:00+05:30,43.0,43.54999923706055,42.5,42.900001525878906,413625,0.0,0.0,PARSVNATH.NS,Parsvnath Developers Limited,Real Estate,Real Estate - Development,8037194752,,0.017,,26.19,11.15
2013-02-11 00:00:00+05:30,42.650001525878906,43.650001525878906,42.20000076293945,43.349998474121094,909552,0.0,0.0,PARSVNATH.NS,Parsvnath Developers Limited,Real Estate,Real Estate - Development,8037194752,,0.017,,26.19,11.15
2013-02-12 00:00:00+05:30,44.150001525878906,44.20000076293945,42.0,42.79999923706055,392236,0.0,0.0,PARSVNATH.NS,Parsvnath Developers Limited,Real Estate,Real Estate - Development,8037194752,,0.017,,26.19,11.15
2013-02-13 00:00:00+05:30,42.599998474121094,43.45000076293945,42.5,43.29999923706055,424123,0.0,0.0,PARSVNATH.NS,Parsvnath Developers Limited,Real Estate,Real Estate - Development,8037194752,,0.017,,26.19,11.15
2013-02-14 00:00:00+05:30,43.45000076293945,43.70000076293945,42.349998474121094,42.54999923706055,377585,0.0,0.0,PARSVNATH.NS,Parsvnath Developers Limited,Real Estate,Real Estate - Development,8037194752,,0.017,,26.19,11.15
2013-02-15 00:00:00+05:30,41.099998474121094,43.54999923706055,41.0,42.70000076293945,162764,0.0,0.0,PARSVNATH.NS,Parsvnath Developers Limited,Real Estate,Real Estate - Development,8037194752,,0.017,,26.19,11.15
2013-02-18 00:00:00+05:30,42.5,43.45000076293945,42.5,42.95000076293945,194480,0.0,0.0,PARSVNATH.NS,Parsvnath Developers Limited,Real Estate,Real Estate - Development,8037194752,,0.017,,26.19,11.15
2013-02-19 00:00:00+05:30,43.0,43.54999923706055,42.79999923706055,43.20000076293945,229349,0.0,0.0,PARSVNATH.NS,Parsvnath Developers Limited,Real Estate,Real Estate - Development,8037194752,,0.017,,26.19,11.15
2013-02-20 00:00:00+05:30,43.0,44.29999923706055,42.95000076293945,43.400001525878906,433518,0.0,0.0,PARSVNATH.NS,Parsvnath Developers Limited,Real Estate,Real Estate - Development,8037194752,,0.017,,26.19,11.15
2013-02-21 00:00:00+05:30,43.25,43.70000076293945,43.0,43.349998474121094,249463,0.0,0.0,PARSVNATH.NS,Parsvnath Developers Limited,Real Estate,Real Estate - Development,8037194752,,0.017,,26.19,11.15
2013-02-22 00:00:00+05:30,43.0,44.150001525878906,42.79999923706055,43.95000076293945,281607,0.0,0.0,PARSVNATH.NS,Parsvnath Developers Limited,Real Estate,Real Estate - Development,8037194752,,0.017,,26.19,11.15
2013-02-25 00:00:00+05:30,43.849998474121094,44.25,42.29999923706055,43.79999923706055,327965,0.0,0.0,PARSVNATH.NS,Parsvnath Developers Limited,Real Estate,Real Estate - Development,8037194752,,0.017,,26.19,11.15
2013-02-26 00:00:00+05:30,43.099998474121094,43.79999923706055,42.29999923706055,42.75,306339,0.0,0.0,PARSVNATH.NS,Parsvnath Developers Limited,Real Estate,Real Estate - Development,8037194752,,0.017,,26.19,11.15
2013-02-27 00:00:00+05:30,43.0,43.79999923706055,42.099998474121094,43.54999923706055,221661,0.0,0.0,PARSVNATH.NS,Parsvnath Developers Limited,Real Estate,Real Estate - Development,8037194752,,0.017,,26.19,11.15
2013-02-28 00:00:00+05:30,44.0,44.099998474121094,42.29999923706055,43.150001525878906,245705,0.0,0.0,PARSVNATH.NS,Parsvnath Developers Limited,Real Estate,Real Estate - Development,8037194752,,0.017,,26.19,11.15
2013-03-01 00:00:00+05:30,42.0,43.599998474121094,42.0,43.29999923706055,210002,0.0,0.0,PARSVNATH.NS,Parsvnath Developers Limited,Real Estate,Real Estate - Development,8037194752,,0.017,,26.19,11.15
2013-03-04 00:00:00+05:30,44.0,44.0,42.5,43.45000076293945,314964,0.0,0.0,PARSVNATH.NS,Parsvnath Developers Limited,Real Estate,Real Estate - Development,8037194752,,0.017,,26.19,11.15
2013-03-05 00:00:00+05:30,43.400001525878906,43.70000076293945,42.599998474121094,43.29999923706055,203664,0.0,0.0,PARSVNATH.NS,Parsvnath Developers Limited,Real Estate,Real Estate - Development,8037194752,,0.017,,26.19,11.15
2013-03-06 00:00:00+05:30,43.0,43.95000076293945,41.150001525878906,42.900001525878906,275715,0.0,0.0,PARSVNATH.NS,Parsvnath Developers Limited,Real Estate,Real Estate - Development,8037194752,,0.017,,26.19,11.15
2013-03-07 00:00:00+05:30,42.54999923706055,44.0,42.54999923706055,43.75,202352,0.0,0.0,PARSVNATH.NS,Parsvnath Developers Limited,Real Estate,Real Estate - Development,8037194752,,0.017,,26.19,11.15
2013-03-08 00:00:00+05:30,43.849998474121094,44.0,43.400001525878906,43.70000076293945,301316,0.0,0.0,PARSVNATH.NS,Parsvnath Developers Limited,Real Estate,Real Estate - Development,8037194752,,0.017,,26.19,11.15
2013-03-11 00:00:00+05:30,42.70000076293945,43.849998474121094,42.70000076293945,43.349998474121094,372650,0.0,0.0,PARSVNATH.NS,Parsvnath Developers Limited,Real Estate,Real Estate - Development,8037194752,,0.017,,26.19,11.15
2013-03-12 00:00:00+05:30,43.0,43.45000076293945,42.099998474121094,42.150001525878906,235596,0.0,0.0,PARSVNATH.NS,Parsvnath Developers Limited,Real Estate,Real Estate - Development,8037194752,,0.017,,26.19,11.15
2013-03-13 00:00:00+05:30,42.0,42.75,41.5,41.79999923706055,198760,0.0,0.0,PARSVNATH.NS,Parsvnath Developers Limited,Real Estate,Real Estate - Development,8037194752,,0.017,,26.19,11.15
2013-03-14 00:00:00+05:30,41.25,42.45000076293945,41.150001525878906,41.650001525878906,1246606,0.0,0.0,PARSVNATH.NS,Parsvnath Developers Limited,Real Estate,Real Estate - Development,8037194752,,0.017,,26.19,11.15
2013-03-15 00:00:00+05:30,42.0,42.0,39.599998474121094,39.75,466005,0.0,0.0,PARSVNATH.NS,Parsvnath Developers Limited,Real Estate,Real Estate - Development,8037194752,,0.017,,26.19,11.15
2013-03-18 00:00:00+05:30,40.0,40.400001525878906,39.54999923706055,40.099998474121094,360302,0.0,0.0,PARSVNATH.NS,Parsvnath Developers Limited,Real Estate,Real Estate - Development,8037194752,,0.017,,26.19,11.15
2013-03-19 00:00:00+05:30,40.25,40.349998474121094,39.900001525878906,40.25,302574,0.0,0.0,PARSVNATH.NS,Parsvnath Developers Limited,Real Estate,Real Estate - Development,8037194752,,0.017,,26.19,11.15
2013-03-20 00:00:00+05:30,40.150001525878906,40.349998474121094,39.599998474121094,39.900001525878906,375787,0.0,0.0,PARSVNATH.NS,Parsvnath Developers Limited,Real Estate,Real Estate - Development,8037194752,,0.017,,26.19,11.15
2013-03-21 00:00:00+05:30,39.75,40.0,39.150001525878906,39.849998474121094,350194,0.0,0.0,PARSVNATH.NS,Parsvnath Developers Limited,Real Estate,Real Estate - Development,8037194752,,0.017,,26.19,11.15
2013-03-22 00:00:00+05:30,39.75,40.0,39.099998474121094,39.75,213952,0.0,0.0,PARSVNATH.NS,Parsvnath Developers Limited,Real Estate,Real Estate - Development,8037194752,,0.017,,26.19,11.15
2013-03-25 00:00:00+05:30,40.0,40.0,39.0,39.75,634651,0.0,0.0,PARSVNATH.NS,Parsvnath Developers Limited,Real Estate,Real Estate - Development,8037194752,,0.017,,26.19,11.15
2013-03-26 00:00:00+05:30,39.0,40.0,39.0,39.75,410071,0.0,0.0,PARSVNATH.NS,Parsvnath Developers Limited,Real Estate,Real Estate - Development,8037194752,,0.017,,26.19,11.15
2013-03-28 00:00:00+05:30,39.0,40.099998474121094,38.5,39.650001525878906,199973,0.0,0.0,PARSVNATH.NS,Parsvnath Developers Limited,Real Estate,Real Estate - Development,8037194752,,0.017,,26.19,11.15
2013-04-01 00:00:00+05:30,39.0,40.0,38.79999923706055,39.25,588794,0.0,0.0,PARSVNATH.NS,Parsvnath Developers Limited,Real Estate,Real Estate - Development,8037194752,,0.017,,26.19,11.15
2013-04-02 00:00:00+05:30,39.0,39.849998474121094,38.29999923706055,39.04999923706055,389300,0.0,0.0,PARSVNATH.NS,Parsvnath Developers Limited,Real Estate,Real Estate - Development,8037194752,,0.017,,26.19,11.15
2013-04-03 00:00:00+05:30,39.25,39.900001525878906,37.849998474121094,38.849998474121094,432563,0.0,0.0,PARSVNATH.NS,Parsvnath Developers Limited,Real Estate,Real Estate - Development,8037194752,,0.017,,26.19,11.15
2013-04-04 00:00:00+05:30,38.20000076293945,38.79999923706055,37.400001525878906,37.900001525878906,542093,0.0,0.0,PARSVNATH.NS,Parsvnath Developers Limited,Real Estate,Real Estate - Development,8037194752,,0.017,,26.19,11.15
2013-04-05 00:00:00+05:30,38.0,38.70000076293945,37.20000076293945,37.54999923706055,506362,0.0,0.0,PARSVNATH.NS,Parsvnath Developers Limited,Real Estate,Real Estate - Development,8037194752,,0.017,,26.19,11.15
2013-04-08 00:00:00+05:30,37.099998474121094,38.0,36.70000076293945,36.95000076293945,158816,0.0,0.0,PARSVNATH.NS,Parsvnath Developers Limited,Real Estate,Real Estate - Development,8037194752,,0.017,,26.19,11.15
2013-04-09 00:00:00+05:30,37.45000076293945,37.79999923706055,35.150001525878906,35.900001525878906,302905,0.0,0.0,PARSVNATH.NS,Parsvnath Developers Limited,Real Estate,Real Estate - Development,8037194752,,0.017,,26.19,11.15
2013-04-10 00:00:00+05:30,35.0,36.79999923706055,34.900001525878906,35.849998474121094,825487,0.0,0.0,PARSVNATH.NS,Parsvnath Developers Limited,Real Estate,Real Estate - Development,8037194752,,0.017,,26.19,11.15
2013-04-11 00:00:00+05:30,36.650001525878906,36.650001525878906,34.099998474121094,34.150001525878906,348234,0.0,0.0,PARSVNATH.NS,Parsvnath Developers Limited,Real Estate,Real Estate - Development,8037194752,,0.017,,26.19,11.15
2013-04-12 00:00:00+05:30,35.349998474121094,35.349998474121094,32.45000076293945,32.5,442463,0.0,0.0,PARSVNATH.NS,Parsvnath Developers Limited,Real Estate,Real Estate - Development,8037194752,,0.017,,26.19,11.15
2013-04-15 00:00:00+05:30,33.20000076293945,34.099998474121094,31.5,34.099998474121094,521170,0.0,0.0,PARSVNATH.NS,Parsvnath Developers Limited,Real Estate,Real Estate - Development,8037194752,,0.017,,26.19,11.15
2013-04-16 00:00:00+05:30,34.099998474121094,35.79999923706055,33.70000076293945,34.0,638693,0.0,0.0,PARSVNATH.NS,Parsvnath Developers Limited,Real Estate,Real Estate - Development,8037194752,,0.017,,26.19,11.15
2013-04-17 00:00:00+05:30,33.25,35.70000076293945,33.25,35.54999923706055,320248,0.0,0.0,PARSVNATH.NS,Parsvnath Developers Limited,Real Estate,Real Estate - Development,8037194752,,0.017,,26.19,11.15
2013-04-18 00:00:00+05:30,35.849998474121094,36.599998474121094,34.849998474121094,36.150001525878906,533146,0.0,0.0,PARSVNATH.NS,Parsvnath Developers Limited,Real Estate,Real Estate - Development,8037194752,,0.017,,26.19,11.15
2013-04-22 00:00:00+05:30,36.25,36.95000076293945,35.099998474121094,35.5,524226,0.0,0.0,PARSVNATH.NS,Parsvnath Developers Limited,Real Estate,Real Estate - Development,8037194752,,0.017,,26.19,11.15
2013-04-23 00:00:00+05:30,35.20000076293945,36.0,34.45000076293945,34.79999923706055,559111,0.0,0.0,PARSVNATH.NS,Parsvnath Developers Limited,Real Estate,Real Estate - Development,8037194752,,0.017,,26.19,11.15
2013-04-25 00:00:00+05:30,35.20000076293945,35.650001525878906,34.099998474121094,34.29999923706055,357599,0.0,0.0,PARSVNATH.NS,Parsvnath Developers Limited,Real Estate,Real Estate - Development,8037194752,,0.017,,26.19,11.15
2013-04-26 00:00:00+05:30,34.0,35.04999923706055,32.599998474121094,34.650001525878906,620094,0.0,0.0,PARSVNATH.NS,Parsvnath Developers Limited,Real Estate,Real Estate - Development,8037194752,,0.017,,26.19,11.15
2013-04-29 00:00:00+05:30,34.0,35.04999923706055,33.54999923706055,34.20000076293945,368646,0.0,0.0,PARSVNATH.NS,Parsvnath Developers Limited,Real Estate,Real Estate - Development,8037194752,,0.017,,26.19,11.15
2013-04-30 00:00:00+05:30,34.25,34.54999923706055,33.5,34.150001525878906,236179,0.0,0.0,PARSVNATH.NS,Parsvnath Developers Limited,Real Estate,Real Estate - Development,8037194752,,0.017,,26.19,11.15
2013-05-02 00:00:00+05:30,33.599998474121094,34.45000076293945,33.20000076293945,33.54999923706055,221408,0.0,0.0,PARSVNATH.NS,Parsvnath Developers Limited,Real Estate,Real Estate - Development,8037194752,,0.017,,26.19,11.15
2013-05-03 00:00:00+05:30,33.75,35.20000076293945,33.75,35.150001525878906,281311,0.0,0.0,PARSVNATH.NS,Parsvnath Developers Limited,Real Estate,Real Estate - Development,8037194752,,0.017,,26.19,11.15
2013-05-06 00:00:00+05:30,35.5,36.54999923706055,34.599998474121094,36.29999923706055,375712,0.0,0.0,PARSVNATH.NS,Parsvnath Developers Limited,Real Estate,Real Estate - Development,8037194752,,0.017,,26.19,11.15
2013-05-07 00:00:00+05:30,35.650001525878906,35.900001525878906,34.75,35.54999923706055,245863,0.0,0.0,PARSVNATH.NS,Parsvnath Developers Limited,Real Estate,Real Estate - Development,8037194752,,0.017,,26.19,11.15
2013-05-08 00:00:00+05:30,35.54999923706055,36.349998474121094,34.70000076293945,35.04999923706055,207515,0.0,0.0,PARSVNATH.NS,Parsvnath Developers Limited,Real Estate,Real Estate - Development,8037194752,,0.017,,26.19,11.15
2013-05-09 00:00:00+05:30,35.650001525878906,36.0,34.75,35.54999923706055,91423,0.0,0.0,PARSVNATH.NS,Parsvnath Developers Limited,Real Estate,Real Estate - Development,8037194752,,0.017,,26.19,11.15
2013-05-10 00:00:00+05:30,35.849998474121094,36.29999923706055,35.20000076293945,35.45000076293945,150509,0.0,0.0,PARSVNATH.NS,Parsvnath Developers Limited,Real Estate,Real Estate - Development,8037194752,,0.017,,26.19,11.15
2013-05-13 00:00:00+05:30,35.75,35.79999923706055,34.0,34.70000076293945,140639,0.0,0.0,PARSVNATH.NS,Parsvnath Developers Limited,Real Estate,Real Estate - Development,8037194752,,0.017,,26.19,11.15
2013-05-14 00:00:00+05:30,34.70000076293945,35.29999923706055,34.20000076293945,34.349998474121094,55072,0.0,0.0,PARSVNATH.NS,Parsvnath Developers Limited,Real Estate,Real Estate - Development,8037194752,,0.017,,26.19,11.15
2013-05-15 00:00:00+05:30,34.400001525878906,35.95000076293945,34.400001525878906,35.5,148230,0.0,0.0,PARSVNATH.NS,Parsvnath Developers Limited,Real Estate,Real Estate - Development,8037194752,,0.017,,26.19,11.15
2013-05-16 00:00:00+05:30,35.04999923706055,36.400001525878906,34.599998474121094,35.5,123710,0.0,0.0,PARSVNATH.NS,Parsvnath Developers Limited,Real Estate,Real Estate - Development,8037194752,,0.017,,26.19,11.15
2013-05-17 00:00:00+05:30,35.5,36.599998474121094,35.5,36.45000076293945,173341,0.0,0.0,PARSVNATH.NS,Parsvnath Developers Limited,Real Estate,Real Estate - Development,8037194752,,0.017,,26.19,11.15
2013-05-20 00:00:00+05:30,37.0,37.29999923706055,35.599998474121094,36.5,90728,0.0,0.0,PARSVNATH.NS,Parsvnath Developers Limited,Real Estate,Real Estate - Development,8037194752,,0.017,,26.19,11.15
2013-05-21 00:00:00+05:30,36.20000076293945,36.70000076293945,35.349998474121094,35.54999923706055,43296,0.0,0.0,PARSVNATH.NS,Parsvnath Developers Limited,Real Estate,Real Estate - Development,8037194752,,0.017,,26.19,11.15
2013-05-22 00:00:00+05:30,35.650001525878906,35.95000076293945,34.79999923706055,35.099998474121094,42768,0.0,0.0,PARSVNATH.NS,Parsvnath Developers Limited,Real Estate,Real Estate - Development,8037194752,,0.017,,26.19,11.15
2013-05-23 00:00:00+05:30,35.099998474121094,35.099998474121094,33.54999923706055,34.349998474121094,75159,0.0,0.0,PARSVNATH.NS,Parsvnath Developers Limited,Real Estate,Real Estate - Development,8037194752,,0.017,,26.19,11.15
2013-05-24 00:00:00+05:30,33.650001525878906,35.45000076293945,33.650001525878906,34.29999923706055,57352,0.0,0.0,PARSVNATH.NS,Parsvnath Developers Limited,Real Estate,Real Estate - Development,8037194752,,0.017,,26.19,11.15
2013-05-27 00:00:00+05:30,34.75,35.25,34.04999923706055,34.45000076293945,32657,0.0,0.0,PARSVNATH.NS,Parsvnath Developers Limited,Real Estate,Real Estate - Development,8037194752,,0.017,,26.19,11.15
2013-05-28 00:00:00+05:30,34.5,35.5,34.25,34.599998474121094,63922,0.0,0.0,PARSVNATH.NS,Parsvnath Developers Limited,Real Estate,Real Estate - Development,8037194752,,0.017,,26.19,11.15
2013-05-29 00:00:00+05:30,35.04999923706055,35.599998474121094,34.54999923706055,35.04999923706055,163416,0.0,0.0,PARSVNATH.NS,Parsvnath Developers Limited,Real Estate,Real Estate - Development,8037194752,,0.017,,26.19,11.15
2013-05-30 00:00:00+05:30,35.0,35.20000076293945,34.650001525878906,35.0,49272,0.0,0.0,PARSVNATH.NS,Parsvnath Developers Limited,Real Estate,Real Estate - Development,8037194752,,0.017,,26.19,11.15
2013-05-31 00:00:00+05:30,34.5,35.20000076293945,34.099998474121094,34.95000076293945,50182,0.0,0.0,PARSVNATH.NS,Parsvnath Developers Limited,Real Estate,Real Estate - Development,8037194752,,0.017,,26.19,11.15
2013-06-03 00:00:00+05:30,34.04999923706055,34.900001525878906,33.900001525878906,34.54999923706055,47654,0.0,0.0,PARSVNATH.NS,Parsvnath Developers Limited,Real Estate,Real Estate - Development,8037194752,,0.017,,26.19,11.15
2013-06-04 00:00:00+05:30,33.54999923706055,35.54999923706055,33.54999923706055,35.150001525878906,88543,0.0,0.0,PARSVNATH.NS,Parsvnath Developers Limited,Real Estate,Real Estate - Development,8037194752,,0.017,,26.19,11.15
2013-06-05 00:00:00+05:30,34.54999923706055,35.45000076293945,34.099998474121094,34.349998474121094,19292,0.0,0.0,PARSVNATH.NS,Parsvnath Developers Limited,Real Estate,Real Estate - Development,8037194752,,0.017,,26.19,11.15
2013-06-06 00:00:00+05:30,34.20000076293945,34.79999923706055,33.5,33.95000076293945,70045,0.0,0.0,PARSVNATH.NS,Parsvnath Developers Limited,Real Estate,Real Estate - Development,8037194752,,0.017,,26.19,11.15
2013-06-07 00:00:00+05:30,34.0,34.5,33.29999923706055,33.849998474121094,72441,0.0,0.0,PARSVNATH.NS,Parsvnath Developers Limited,Real Estate,Real Estate - Development,8037194752,,0.017,,26.19,11.15
2013-06-10 00:00:00+05:30,33.099998474121094,34.70000076293945,33.099998474121094,33.5,31319,0.0,0.0,PARSVNATH.NS,Parsvnath Developers Limited,Real Estate,Real Estate - Development,8037194752,,0.017,,26.19,11.15
2013-06-11 00:00:00+05:30,32.79999923706055,33.54999923706055,32.04999923706055,32.75,118770,0.0,0.0,PARSVNATH.NS,Parsvnath Developers Limited,Real Estate,Real Estate - Development,8037194752,,0.017,,26.19,11.15
2013-06-12 00:00:00+05:30,32.0,34.349998474121094,31.149999618530273,33.400001525878906,592109,0.0,0.0,PARSVNATH.NS,Parsvnath Developers Limited,Real Estate,Real Estate - Development,8037194752,,0.017,,26.19,11.15
2013-06-13 00:00:00+05:30,33.0,33.95000076293945,32.650001525878906,33.25,104196,0.0,0.0,PARSVNATH.NS,Parsvnath Developers Limited,Real Estate,Real Estate - Development,8037194752,,0.017,,26.19,11.15
2013-06-14 00:00:00+05:30,32.650001525878906,34.849998474121094,32.650001525878906,34.400001525878906,398942,0.0,0.0,PARSVNATH.NS,Parsvnath Developers Limited,Real Estate,Real Estate - Development,8037194752,,0.017,,26.19,11.15
2013-06-17 00:00:00+05:30,34.0,35.400001525878906,32.70000076293945,33.20000076293945,338824,0.0,0.0,PARSVNATH.NS,Parsvnath Developers Limited,Real Estate,Real Estate - Development,8037194752,,0.017,,26.19,11.15
2013-06-18 00:00:00+05:30,33.150001525878906,33.349998474121094,32.400001525878906,32.5,44633,0.0,0.0,PARSVNATH.NS,Parsvnath Developers Limited,Real Estate,Real Estate - Development,8037194752,,0.017,,26.19,11.15
2013-06-19 00:00:00+05:30,31.649999618530273,33.5,31.649999618530273,32.5,454570,0.0,0.0,PARSVNATH.NS,Parsvnath Developers Limited,Real Estate,Real Estate - Development,8037194752,,0.017,,26.19,11.15
2013-06-20 00:00:00+05:30,32.04999923706055,32.599998474121094,31.200000762939453,31.700000762939453,342099,0.0,0.0,PARSVNATH.NS,Parsvnath Developers Limited,Real Estate,Real Estate - Development,8037194752,,0.017,,26.19,11.15
2013-06-21 00:00:00+05:30,31.100000381469727,32.0,30.149999618530273,30.200000762939453,1058682,0.0,0.0,PARSVNATH.NS,Parsvnath Developers Limited,Real Estate,Real Estate - Development,8037194752,,0.017,,26.19,11.15
2013-06-24 00:00:00+05:30,30.5,30.5,28.700000762939453,28.700000762939453,301712,0.0,0.0,PARSVNATH.NS,Parsvnath Developers Limited,Real Estate,Real Estate - Development,8037194752,,0.017,,26.19,11.15
2013-06-25 00:00:00+05:30,28.0,30.100000381469727,27.299999237060547,30.0,612264,0.0,0.0,PARSVNATH.NS,Parsvnath Developers Limited,Real Estate,Real Estate - Development,8037194752,,0.017,,26.19,11.15
2013-06-26 00:00:00+05:30,30.0,31.5,29.549999237060547,31.350000381469727,425207,0.0,0.0,PARSVNATH.NS,Parsvnath Developers Limited,Real Estate,Real Estate - Development,8037194752,,0.017,,26.19,11.15
2013-06-27 00:00:00+05:30,31.0,32.349998474121094,31.0,32.20000076293945,368844,0.0,0.0,PARSVNATH.NS,Parsvnath Developers Limited,Real Estate,Real Estate - Development,8037194752,,0.017,,26.19,11.15
2013-06-28 00:00:00+05:30,32.0,33.70000076293945,31.950000762939453,32.29999923706055,54828,0.0,0.0,PARSVNATH.NS,Parsvnath Developers Limited,Real Estate,Real Estate - Development,8037194752,,0.017,,26.19,11.15
2013-07-01 00:00:00+05:30,31.399999618530273,33.0,31.399999618530273,32.45000076293945,129675,0.0,0.0,PARSVNATH.NS,Parsvnath Developers Limited,Real Estate,Real Estate - Development,8037194752,,0.017,,26.19,11.15
2013-07-02 00:00:00+05:30,33.0,33.0,31.950000762939453,32.150001525878906,150559,0.0,0.0,PARSVNATH.NS,Parsvnath Developers Limited,Real Estate,Real Estate - Development,8037194752,,0.017,,26.19,11.15
2013-07-03 00:00:00+05:30,32.849998474121094,32.849998474121094,31.25,31.899999618530273,682136,0.0,0.0,PARSVNATH.NS,Parsvnath Developers Limited,Real Estate,Real Estate - Development,8037194752,,0.017,,26.19,11.15
2013-07-04 00:00:00+05:30,32.45000076293945,32.5,31.5,31.950000762939453,299472,0.0,0.0,PARSVNATH.NS,Parsvnath Developers Limited,Real Estate,Real Estate - Development,8037194752,,0.017,,26.19,11.15
2013-07-05 00:00:00+05:30,32.099998474121094,32.400001525878906,31.75,32.04999923706055,879020,0.0,0.0,PARSVNATH.NS,Parsvnath Developers Limited,Real Estate,Real Estate - Development,8037194752,,0.017,,26.19,11.15
2013-07-08 00:00:00+05:30,31.899999618530273,32.70000076293945,31.049999237060547,32.45000076293945,400290,0.0,0.0,PARSVNATH.NS,Parsvnath Developers Limited,Real Estate,Real Estate - Development,8037194752,,0.017,,26.19,11.15
2013-07-09 00:00:00+05:30,31.549999237060547,32.75,31.549999237060547,32.0,427510,0.0,0.0,PARSVNATH.NS,Parsvnath Developers Limited,Real Estate,Real Estate - Development,8037194752,,0.017,,26.19,11.15
2013-07-10 00:00:00+05:30,32.5,32.5,31.25,31.700000762939453,270863,0.0,0.0,PARSVNATH.NS,Parsvnath Developers Limited,Real Estate,Real Estate - Development,8037194752,,0.017,,26.19,11.15
2013-07-11 00:00:00+05:30,31.700000762939453,32.29999923706055,31.600000381469727,31.899999618530273,295554,0.0,0.0,PARSVNATH.NS,Parsvnath Developers Limited,Real Estate,Real Estate - Development,8037194752,,0.017,,26.19,11.15
2013-07-12 00:00:00+05:30,32.0,32.0,31.25,31.5,184700,0.0,0.0,PARSVNATH.NS,Parsvnath Developers Limited,Real Estate,Real Estate - Development,8037194752,,0.017,,26.19,11.15
2013-07-15 00:00:00+05:30,31.100000381469727,32.25,30.75,31.549999237060547,268946,0.0,0.0,PARSVNATH.NS,Parsvnath Developers Limited,Real Estate,Real Estate - Development,8037194752,,0.017,,26.19,11.15
2013-07-16 00:00:00+05:30,31.0,31.950000762939453,31.0,31.549999237060547,244117,0.0,0.0,PARSVNATH.NS,Parsvnath Developers Limited,Real Estate,Real Estate - Development,8037194752,,0.017,,26.19,11.15
2013-07-17 00:00:00+05:30,31.549999237060547,31.799999237060547,31.0,31.149999618530273,28743,0.0,0.0,PARSVNATH.NS,Parsvnath Developers Limited,Real Estate,Real Estate - Development,8037194752,,0.017,,26.19,11.15
2013-07-18 00:00:00+05:30,31.5,31.850000381469727,30.950000762939453,31.149999618530273,39101,0.0,0.0,PARSVNATH.NS,Parsvnath Developers Limited,Real Estate,Real Estate - Development,8037194752,,0.017,,26.19,11.15
2013-07-19 00:00:00+05:30,31.299999237060547,31.5,30.100000381469727,31.049999237060547,187914,0.0,0.0,PARSVNATH.NS,Parsvnath Developers Limited,Real Estate,Real Estate - Development,8037194752,,0.017,,26.19,11.15
2013-07-22 00:00:00+05:30,31.0,31.5,30.549999237060547,30.850000381469727,39608,0.0,0.0,PARSVNATH.NS,Parsvnath Developers Limited,Real Estate,Real Estate - Development,8037194752,,0.017,,26.19,11.15
2013-07-23 00:00:00+05:30,31.0,31.399999618530273,30.549999237060547,30.649999618530273,156772,0.0,0.0,PARSVNATH.NS,Parsvnath Developers Limited,Real Estate,Real Estate - Development,8037194752,,0.017,,26.19,11.15
2013-07-24 00:00:00+05:30,30.100000381469727,30.649999618530273,29.799999237060547,29.950000762939453,31106,0.0,0.0,PARSVNATH.NS,Parsvnath Developers Limited,Real Estate,Real Estate - Development,8037194752,,0.017,,26.19,11.15
2013-07-25 00:00:00+05:30,29.950000762939453,30.100000381469727,29.0,29.799999237060547,254912,0.0,0.0,PARSVNATH.NS,Parsvnath Developers Limited,Real Estate,Real Estate - Development,8037194752,,0.017,,26.19,11.15
2013-07-26 00:00:00+05:30,30.0,30.299999237060547,29.25,29.600000381469727,27642,0.0,0.0,PARSVNATH.NS,Parsvnath Developers Limited,Real Estate,Real Estate - Development,8037194752,,0.017,,26.19,11.15
2013-07-29 00:00:00+05:30,28.25,30.299999237060547,28.149999618530273,29.549999237060547,485523,0.0,0.0,PARSVNATH.NS,Parsvnath Developers Limited,Real Estate,Real Estate - Development,8037194752,,0.017,,26.19,11.15
2013-07-30 00:00:00+05:30,29.5,29.899999618530273,28.600000381469727,28.850000381469727,357178,0.0,0.0,PARSVNATH.NS,Parsvnath Developers Limited,Real Estate,Real Estate - Development,8037194752,,0.017,,26.19,11.15
2013-07-31 00:00:00+05:30,28.100000381469727,29.75,28.049999237060547,28.600000381469727,430183,0.0,0.0,PARSVNATH.NS,Parsvnath Developers Limited,Real Estate,Real Estate - Development,8037194752,,0.017,,26.19,11.15
2013-08-01 00:00:00+05:30,28.649999618530273,28.950000762939453,27.200000762939453,27.899999618530273,157306,0.0,0.0,PARSVNATH.NS,Parsvnath Developers Limited,Real Estate,Real Estate - Development,8037194752,,0.017,,26.19,11.15
2013-08-02 00:00:00+05:30,28.0,28.799999237060547,27.350000381469727,27.75,117668,0.0,0.0,PARSVNATH.NS,Parsvnath Developers Limited,Real Estate,Real Estate - Development,8037194752,,0.017,,26.19,11.15
2013-08-05 00:00:00+05:30,27.850000381469727,29.0,27.850000381469727,28.350000381469727,51928,0.0,0.0,PARSVNATH.NS,Parsvnath Developers Limited,Real Estate,Real Estate - Development,8037194752,,0.017,,26.19,11.15
2013-08-06 00:00:00+05:30,27.100000381469727,29.0,26.950000762939453,28.049999237060547,360042,0.0,0.0,PARSVNATH.NS,Parsvnath Developers Limited,Real Estate,Real Estate - Development,8037194752,,0.017,,26.19,11.15
2013-08-07 00:00:00+05:30,27.25,28.399999618530273,26.649999618530273,26.950000762939453,266951,0.0,0.0,PARSVNATH.NS,Parsvnath Developers Limited,Real Estate,Real Estate - Development,8037194752,,0.017,,26.19,11.15
2013-08-08 00:00:00+05:30,27.5,28.25,27.149999618530273,28.100000381469727,188561,0.0,0.0,PARSVNATH.NS,Parsvnath Developers Limited,Real Estate,Real Estate - Development,8037194752,,0.017,,26.19,11.15
2013-08-12 00:00:00+05:30,28.049999237060547,29.200000762939453,27.149999618530273,28.899999618530273,88036,0.0,0.0,PARSVNATH.NS,Parsvnath Developers Limited,Real Estate,Real Estate - Development,8037194752,,0.017,,26.19,11.15
2013-08-13 00:00:00+05:30,28.5,30.299999237060547,28.399999618530273,30.299999237060547,151303,0.0,0.0,PARSVNATH.NS,Parsvnath Developers Limited,Real Estate,Real Estate - Development,8037194752,,0.017,,26.19,11.15
2013-08-14 00:00:00+05:30,31.0,31.0,29.399999618530273,30.350000381469727,178188,0.0,0.0,PARSVNATH.NS,Parsvnath Developers Limited,Real Estate,Real Estate - Development,8037194752,,0.017,,26.19,11.15
2013-08-16 00:00:00+05:30,30.049999237060547,30.350000381469727,29.25,29.75,30753,0.0,0.0,PARSVNATH.NS,Parsvnath Developers Limited,Real Estate,Real Estate - Development,8037194752,,0.017,,26.19,11.15
2013-08-19 00:00:00+05:30,29.799999237060547,30.0,28.700000762939453,29.799999237060547,30818,0.0,0.0,PARSVNATH.NS,Parsvnath Developers Limited,Real Estate,Real Estate - Development,8037194752,,0.017,,26.19,11.15
2013-08-20 00:00:00+05:30,28.5,30.200000762939453,28.5,29.600000381469727,44496,0.0,0.0,PARSVNATH.NS,Parsvnath Developers Limited,Real Estate,Real Estate - Development,8037194752,,0.017,,26.19,11.15
2013-08-21 00:00:00+05:30,30.5,31.049999237060547,29.950000762939453,30.950000762939453,171455,0.0,0.0,PARSVNATH.NS,Parsvnath Developers Limited,Real Estate,Real Estate - Development,8037194752,,0.017,,26.19,11.15
2013-08-22 00:00:00+05:30,30.100000381469727,32.45000076293945,30.100000381469727,31.899999618530273,112426,0.0,0.0,PARSVNATH.NS,Parsvnath Developers Limited,Real Estate,Real Estate - Development,8037194752,,0.017,,26.19,11.15
2013-08-23 00:00:00+05:30,33.0,33.0,31.700000762939453,32.0,153003,0.0,0.0,PARSVNATH.NS,Parsvnath Developers Limited,Real Estate,Real Estate - Development,8037194752,,0.017,,26.19,11.15
2013-08-26 00:00:00+05:30,32.099998474121094,32.900001525878906,31.0,31.5,132044,0.0,0.0,PARSVNATH.NS,Parsvnath Developers Limited,Real Estate,Real Estate - Development,8037194752,,0.017,,26.19,11.15
2013-08-27 00:00:00+05:30,31.799999237060547,31.799999237060547,30.549999237060547,30.649999618530273,12395,0.0,0.0,PARSVNATH.NS,Parsvnath Developers Limited,Real Estate,Real Estate - Development,8037194752,,0.017,,26.19,11.15
2013-08-28 00:00:00+05:30,30.0,30.549999237060547,29.200000762939453,29.5,403034,0.0,0.0,PARSVNATH.NS,Parsvnath Developers Limited,Real Estate,Real Estate - Development,8037194752,,0.017,,26.19,11.15
2013-08-29 00:00:00+05:30,30.0,30.5,28.25,28.350000381469727,249877,0.0,0.0,PARSVNATH.NS,Parsvnath Developers Limited,Real Estate,Real Estate - Development,8037194752,,0.017,,26.19,11.15
2013-08-30 00:00:00+05:30,28.899999618530273,28.899999618530273,27.399999618530273,27.549999237060547,120063,0.0,0.0,PARSVNATH.NS,Parsvnath Developers Limited,Real Estate,Real Estate - Development,8037194752,,0.017,,26.19,11.15
2013-09-02 00:00:00+05:30,27.5,28.399999618530273,27.200000762939453,27.75,152256,0.0,0.0,PARSVNATH.NS,Parsvnath Developers Limited,Real Estate,Real Estate - Development,8037194752,,0.017,,26.19,11.15
2013-09-03 00:00:00+05:30,28.0,28.0,26.649999618530273,26.950000762939453,142320,0.0,0.0,PARSVNATH.NS,Parsvnath Developers Limited,Real Estate,Real Estate - Development,8037194752,,0.017,,26.19,11.15
2013-09-04 00:00:00+05:30,27.600000381469727,27.75,26.5,27.649999618530273,176330,0.0,0.0,PARSVNATH.NS,Parsvnath Developers Limited,Real Estate,Real Estate - Development,8037194752,,0.017,,26.19,11.15
2013-09-05 00:00:00+05:30,27.950000762939453,28.5,27.25,28.200000762939453,144016,0.0,0.0,PARSVNATH.NS,Parsvnath Developers Limited,Real Estate,Real Estate - Development,8037194752,,0.017,,26.19,11.15
2013-09-06 00:00:00+05:30,28.200000762939453,28.75,27.600000381469727,28.5,108647,0.0,0.0,PARSVNATH.NS,Parsvnath Developers Limited,Real Estate,Real Estate - Development,8037194752,,0.017,,26.19,11.15
2013-09-10 00:00:00+05:30,28.0,29.049999237060547,27.600000381469727,28.350000381469727,76349,0.0,0.0,PARSVNATH.NS,Parsvnath Developers Limited,Real Estate,Real Estate - Development,8037194752,,0.017,,26.19,11.15
2013-09-11 00:00:00+05:30,28.600000381469727,28.799999237060547,28.25,28.549999237060547,74892,0.0,0.0,PARSVNATH.NS,Parsvnath Developers Limited,Real Estate,Real Estate - Development,8037194752,,0.017,,26.19,11.15
2013-09-12 00:00:00+05:30,28.799999237060547,29.600000381469727,28.549999237060547,28.649999618530273,114737,0.0,0.0,PARSVNATH.NS,Parsvnath Developers Limited,Real Estate,Real Estate - Development,8037194752,,0.017,,26.19,11.15
2013-09-13 00:00:00+05:30,28.649999618530273,29.299999237060547,28.25,28.700000762939453,44868,0.0,0.0,PARSVNATH.NS,Parsvnath Developers Limited,Real Estate,Real Estate - Development,8037194752,,0.017,,26.19,11.15
2013-09-16 00:00:00+05:30,28.899999618530273,29.700000762939453,28.049999237060547,28.350000381469727,47065,0.0,0.0,PARSVNATH.NS,Parsvnath Developers Limited,Real Estate,Real Estate - Development,8037194752,,0.017,,26.19,11.15
2013-09-17 00:00:00+05:30,28.100000381469727,28.299999237060547,27.5,27.950000762939453,75064,0.0,0.0,PARSVNATH.NS,Parsvnath Developers Limited,Real Estate,Real Estate - Development,8037194752,,0.017,,26.19,11.15
2013-09-18 00:00:00+05:30,28.0,28.100000381469727,27.5,27.600000381469727,85938,0.0,0.0,PARSVNATH.NS,Parsvnath Developers Limited,Real Estate,Real Estate - Development,8037194752,,0.017,,26.19,11.15
2013-09-19 00:00:00+05:30,27.700000762939453,28.399999618530273,27.200000762939453,27.350000381469727,347152,0.0,0.0,PARSVNATH.NS,Parsvnath Developers Limited,Real Estate,Real Estate - Development,8037194752,,0.017,,26.19,11.15
2013-09-20 00:00:00+05:30,27.149999618530273,27.799999237060547,26.0,26.200000762939453,514360,0.0,0.0,PARSVNATH.NS,Parsvnath Developers Limited,Real Estate,Real Estate - Development,8037194752,,0.017,,26.19,11.15
2013-09-23 00:00:00+05:30,26.0,26.950000762939453,25.700000762939453,26.350000381469727,203483,0.0,0.0,PARSVNATH.NS,Parsvnath Developers Limited,Real Estate,Real Estate - Development,8037194752,,0.017,,26.19,11.15
2013-09-24 00:00:00+05:30,26.5,26.950000762939453,26.200000762939453,26.299999237060547,78957,0.0,0.0,PARSVNATH.NS,Parsvnath Developers Limited,Real Estate,Real Estate - Development,8037194752,,0.017,,26.19,11.15
2013-09-25 00:00:00+05:30,26.450000762939453,26.899999618530273,26.0,26.149999618530273,22291,0.0,0.0,PARSVNATH.NS,Parsvnath Developers Limited,Real Estate,Real Estate - Development,8037194752,,0.017,,26.19,11.15
2013-09-26 00:00:00+05:30,26.049999237060547,26.600000381469727,26.0,26.049999237060547,375689,0.0,0.0,PARSVNATH.NS,Parsvnath Developers Limited,Real Estate,Real Estate - Development,8037194752,,0.017,,26.19,11.15
2013-09-27 00:00:00+05:30,26.299999237060547,27.0,25.399999618530273,26.450000762939453,297957,0.0,0.0,PARSVNATH.NS,Parsvnath Developers Limited,Real Estate,Real Estate - Development,8037194752,,0.017,,26.19,11.15
2013-09-30 00:00:00+05:30,25.600000381469727,26.5,25.600000381469727,26.100000381469727,68213,0.0,0.0,PARSVNATH.NS,Parsvnath Developers Limited,Real Estate,Real Estate - Development,8037194752,,0.017,,26.19,11.15
2013-10-01 00:00:00+05:30,26.149999618530273,27.399999618530273,25.799999237060547,26.700000762939453,270354,0.0,0.0,PARSVNATH.NS,Parsvnath Developers Limited,Real Estate,Real Estate - Development,8037194752,,0.017,,26.19,11.15
2013-10-03 00:00:00+05:30,27.350000381469727,28.0,26.850000381469727,27.899999618530273,189268,0.0,0.0,PARSVNATH.NS,Parsvnath Developers Limited,Real Estate,Real Estate - Development,8037194752,,0.017,,26.19,11.15
2013-10-04 00:00:00+05:30,27.75,29.100000381469727,27.049999237060547,27.799999237060547,283068,0.0,0.0,PARSVNATH.NS,Parsvnath Developers Limited,Real Estate,Real Estate - Development,8037194752,,0.017,,26.19,11.15
2013-10-07 00:00:00+05:30,27.5,27.799999237060547,26.899999618530273,27.100000381469727,119223,0.0,0.0,PARSVNATH.NS,Parsvnath Developers Limited,Real Estate,Real Estate - Development,8037194752,,0.017,,26.19,11.15
2013-10-08 00:00:00+05:30,27.0,27.5,26.649999618530273,27.200000762939453,569960,0.0,0.0,PARSVNATH.NS,Parsvnath Developers Limited,Real Estate,Real Estate - Development,8037194752,,0.017,,26.19,11.15
2013-10-09 00:00:00+05:30,26.899999618530273,27.899999618530273,26.899999618530273,27.25,221463,0.0,0.0,PARSVNATH.NS,Parsvnath Developers Limited,Real Estate,Real Estate - Development,8037194752,,0.017,,26.19,11.15
2013-10-10 00:00:00+05:30,27.0,27.75,26.399999618530273,26.5,296466,0.0,0.0,PARSVNATH.NS,Parsvnath Developers Limited,Real Estate,Real Estate - Development,8037194752,,0.017,,26.19,11.15
2013-10-11 00:00:00+05:30,26.299999237060547,27.200000762939453,26.200000762939453,27.0,161778,0.0,0.0,PARSVNATH.NS,Parsvnath Developers Limited,Real Estate,Real Estate - Development,8037194752,,0.017,,26.19,11.15
2013-10-14 00:00:00+05:30,26.850000381469727,27.0,26.5,26.600000381469727,71481,0.0,0.0,PARSVNATH.NS,Parsvnath Developers Limited,Real Estate,Real Estate - Development,8037194752,,0.017,,26.19,11.15
2013-10-15 00:00:00+05:30,26.950000762939453,26.950000762939453,25.899999618530273,26.049999237060547,122496,0.0,0.0,PARSVNATH.NS,Parsvnath Developers Limited,Real Estate,Real Estate - Development,8037194752,,0.017,,26.19,11.15
2013-10-17 00:00:00+05:30,26.049999237060547,26.700000762939453,25.75,26.100000381469727,270469,0.0,0.0,PARSVNATH.NS,Parsvnath Developers Limited,Real Estate,Real Estate - Development,8037194752,,0.017,,26.19,11.15
2013-10-18 00:00:00+05:30,25.950000762939453,27.0,24.799999237060547,26.649999618530273,256506,0.0,0.0,PARSVNATH.NS,Parsvnath Developers Limited,Real Estate,Real Estate - Development,8037194752,,0.017,,26.19,11.15
2013-10-21 00:00:00+05:30,26.600000381469727,27.299999237060547,26.200000762939453,26.350000381469727,212659,0.0,0.0,PARSVNATH.NS,Parsvnath Developers Limited,Real Estate,Real Estate - Development,8037194752,,0.017,,26.19,11.15
2013-10-22 00:00:00+05:30,26.5,27.049999237060547,26.049999237060547,26.450000762939453,294178,0.0,0.0,PARSVNATH.NS,Parsvnath Developers Limited,Real Estate,Real Estate - Development,8037194752,,0.017,,26.19,11.15
2013-10-23 00:00:00+05:30,26.600000381469727,27.149999618530273,26.049999237060547,26.299999237060547,141147,0.0,0.0,PARSVNATH.NS,Parsvnath Developers Limited,Real Estate,Real Estate - Development,8037194752,,0.017,,26.19,11.15
2013-10-24 00:00:00+05:30,26.350000381469727,26.600000381469727,25.950000762939453,26.25,147364,0.0,0.0,PARSVNATH.NS,Parsvnath Developers Limited,Real Estate,Real Estate - Development,8037194752,,0.017,,26.19,11.15
2013-10-25 00:00:00+05:30,26.299999237060547,26.75,26.0,26.350000381469727,82684,0.0,0.0,PARSVNATH.NS,Parsvnath Developers Limited,Real Estate,Real Estate - Development,8037194752,,0.017,,26.19,11.15
2013-10-28 00:00:00+05:30,26.850000381469727,27.0,26.049999237060547,26.799999237060547,187046,0.0,0.0,PARSVNATH.NS,Parsvnath Developers Limited,Real Estate,Real Estate - Development,8037194752,,0.017,,26.19,11.15
2013-10-29 00:00:00+05:30,26.799999237060547,26.799999237060547,26.100000381469727,26.399999618530273,170860,0.0,0.0,PARSVNATH.NS,Parsvnath Developers Limited,Real Estate,Real Estate - Development,8037194752,,0.017,,26.19,11.15
2013-10-30 00:00:00+05:30,26.5,26.75,26.149999618530273,26.25,259152,0.0,0.0,PARSVNATH.NS,Parsvnath Developers Limited,Real Estate,Real Estate - Development,8037194752,,0.017,,26.19,11.15
2013-10-31 00:00:00+05:30,26.399999618530273,26.450000762939453,25.700000762939453,26.200000762939453,272249,0.0,0.0,PARSVNATH.NS,Parsvnath Developers Limited,Real Estate,Real Estate - Development,8037194752,,0.017,,26.19,11.15
2013-11-01 00:00:00+05:30,26.25,26.799999237060547,26.100000381469727,26.450000762939453,348313,0.0,0.0,PARSVNATH.NS,Parsvnath Developers Limited,Real Estate,Real Estate - Development,8037194752,,0.017,,26.19,11.15
2013-11-05 00:00:00+05:30,27.0,27.049999237060547,26.700000762939453,26.899999618530273,95669,0.0,0.0,PARSVNATH.NS,Parsvnath Developers Limited,Real Estate,Real Estate - Development,8037194752,,0.017,,26.19,11.15
2013-11-06 00:00:00+05:30,27.0,28.200000762939453,26.950000762939453,27.149999618530273,365552,0.0,0.0,PARSVNATH.NS,Parsvnath Developers Limited,Real Estate,Real Estate - Development,8037194752,,0.017,,26.19,11.15
2013-11-07 00:00:00+05:30,27.700000762939453,27.75,26.399999618530273,26.649999618530273,303001,0.0,0.0,PARSVNATH.NS,Parsvnath Developers Limited,Real Estate,Real Estate - Development,8037194752,,0.017,,26.19,11.15
2013-11-08 00:00:00+05:30,26.399999618530273,26.75,26.149999618530273,26.399999618530273,365770,0.0,0.0,PARSVNATH.NS,Parsvnath Developers Limited,Real Estate,Real Estate - Development,8037194752,,0.017,,26.19,11.15
2013-11-11 00:00:00+05:30,26.600000381469727,27.100000381469727,26.0,26.100000381469727,439014,0.0,0.0,PARSVNATH.NS,Parsvnath Developers Limited,Real Estate,Real Estate - Development,8037194752,,0.017,,26.19,11.15
2013-11-12 00:00:00+05:30,26.0,26.350000381469727,25.850000381469727,26.100000381469727,59119,0.0,0.0,PARSVNATH.NS,Parsvnath Developers Limited,Real Estate,Real Estate - Development,8037194752,,0.017,,26.19,11.15
2013-11-13 00:00:00+05:30,25.950000762939453,26.200000762939453,25.399999618530273,25.75,62289,0.0,0.0,PARSVNATH.NS,Parsvnath Developers Limited,Real Estate,Real Estate - Development,8037194752,,0.017,,26.19,11.15
2013-11-14 00:00:00+05:30,25.899999618530273,26.950000762939453,25.600000381469727,26.450000762939453,216646,0.0,0.0,PARSVNATH.NS,Parsvnath Developers Limited,Real Estate,Real Estate - Development,8037194752,,0.017,,26.19,11.15
2013-11-18 00:00:00+05:30,26.149999618530273,26.899999618530273,25.899999618530273,26.100000381469727,109259,0.0,0.0,PARSVNATH.NS,Parsvnath Developers Limited,Real Estate,Real Estate - Development,8037194752,,0.017,,26.19,11.15
2013-11-19 00:00:00+05:30,26.100000381469727,26.450000762939453,25.600000381469727,25.700000762939453,103898,0.0,0.0,PARSVNATH.NS,Parsvnath Developers Limited,Real Estate,Real Estate - Development,8037194752,,0.017,,26.19,11.15
2013-11-20 00:00:00+05:30,25.700000762939453,26.200000762939453,25.600000381469727,25.649999618530273,88635,0.0,0.0,PARSVNATH.NS,Parsvnath Developers Limited,Real Estate,Real Estate - Development,8037194752,,0.017,,26.19,11.15
2013-11-21 00:00:00+05:30,26.0,26.0,25.350000381469727,25.649999618530273,106096,0.0,0.0,PARSVNATH.NS,Parsvnath Developers Limited,Real Estate,Real Estate - Development,8037194752,,0.017,,26.19,11.15
2013-11-22 00:00:00+05:30,25.950000762939453,26.799999237060547,25.350000381469727,26.149999618530273,142185,0.0,0.0,PARSVNATH.NS,Parsvnath Developers Limited,Real Estate,Real Estate - Development,8037194752,,0.017,,26.19,11.15
2013-11-25 00:00:00+05:30,25.75,26.299999237060547,25.700000762939453,25.850000381469727,62965,0.0,0.0,PARSVNATH.NS,Parsvnath Developers Limited,Real Estate,Real Estate - Development,8037194752,,0.017,,26.19,11.15
2013-11-26 00:00:00+05:30,25.600000381469727,25.950000762939453,24.600000381469727,24.600000381469727,363583,0.0,0.0,PARSVNATH.NS,Parsvnath Developers Limited,Real Estate,Real Estate - Development,8037194752,,0.017,,26.19,11.15
2013-11-27 00:00:00+05:30,25.200000762939453,25.200000762939453,23.399999618530273,24.799999237060547,962095,0.0,0.0,PARSVNATH.NS,Parsvnath Developers Limited,Real Estate,Real Estate - Development,8037194752,,0.017,,26.19,11.15
2013-11-28 00:00:00+05:30,25.0,25.350000381469727,24.350000381469727,25.0,1621240,0.0,0.0,PARSVNATH.NS,Parsvnath Developers Limited,Real Estate,Real Estate - Development,8037194752,,0.017,,26.19,11.15
2013-11-29 00:00:00+05:30,25.5,25.5,25.100000381469727,25.25,337684,0.0,0.0,PARSVNATH.NS,Parsvnath Developers Limited,Real Estate,Real Estate - Development,8037194752,,0.017,,26.19,11.15
2013-12-02 00:00:00+05:30,25.200000762939453,25.549999237060547,25.200000762939453,25.450000762939453,132472,0.0,0.0,PARSVNATH.NS,Parsvnath Developers Limited,Real Estate,Real Estate - Development,8037194752,,0.017,,26.19,11.15
2013-12-03 00:00:00+05:30,25.450000762939453,25.75,25.049999237060547,25.399999618530273,162478,0.0,0.0,PARSVNATH.NS,Parsvnath Developers Limited,Real Estate,Real Estate - Development,8037194752,,0.017,,26.19,11.15
2013-12-04 00:00:00+05:30,25.100000381469727,25.75,25.049999237060547,25.149999618530273,70500,0.0,0.0,PARSVNATH.NS,Parsvnath Developers Limited,Real Estate,Real Estate - Development,8037194752,,0.017,,26.19,11.15
2013-12-05 00:00:00+05:30,25.200000762939453,25.600000381469727,24.649999618530273,25.049999237060547,204836,0.0,0.0,PARSVNATH.NS,Parsvnath Developers Limited,Real Estate,Real Estate - Development,8037194752,,0.017,,26.19,11.15
2013-12-06 00:00:00+05:30,25.25,25.700000762939453,25.0,25.350000381469727,163545,0.0,0.0,PARSVNATH.NS,Parsvnath Developers Limited,Real Estate,Real Estate - Development,8037194752,,0.017,,26.19,11.15
2013-12-09 00:00:00+05:30,25.600000381469727,25.600000381469727,24.899999618530273,25.100000381469727,170162,0.0,0.0,PARSVNATH.NS,Parsvnath Developers Limited,Real Estate,Real Estate - Development,8037194752,,0.017,,26.19,11.15
2013-12-10 00:00:00+05:30,25.25,25.600000381469727,24.600000381469727,24.899999618530273,193863,0.0,0.0,PARSVNATH.NS,Parsvnath Developers Limited,Real Estate,Real Estate - Development,8037194752,,0.017,,26.19,11.15
2013-12-11 00:00:00+05:30,24.799999237060547,25.0,24.649999618530273,24.850000381469727,104519,0.0,0.0,PARSVNATH.NS,Parsvnath Developers Limited,Real Estate,Real Estate - Development,8037194752,,0.017,,26.19,11.15
2013-12-12 00:00:00+05:30,25.0,25.0,24.600000381469727,24.649999618530273,104793,0.0,0.0,PARSVNATH.NS,Parsvnath Developers Limited,Real Estate,Real Estate - Development,8037194752,,0.017,,26.19,11.15
2013-12-13 00:00:00+05:30,24.700000762939453,25.450000762939453,24.5,24.850000381469727,300937,0.0,0.0,PARSVNATH.NS,Parsvnath Developers Limited,Real Estate,Real Estate - Development,8037194752,,0.017,,26.19,11.15
2013-12-16 00:00:00+05:30,25.049999237060547,25.049999237060547,24.399999618530273,24.450000762939453,71548,0.0,0.0,PARSVNATH.NS,Parsvnath Developers Limited,Real Estate,Real Estate - Development,8037194752,,0.017,,26.19,11.15
2013-12-17 00:00:00+05:30,24.299999237060547,25.0,24.25,24.700000762939453,135976,0.0,0.0,PARSVNATH.NS,Parsvnath Developers Limited,Real Estate,Real Estate - Development,8037194752,,0.017,,26.19,11.15
2013-12-18 00:00:00+05:30,24.600000381469727,25.25,24.399999618530273,24.899999618530273,483560,0.0,0.0,PARSVNATH.NS,Parsvnath Developers Limited,Real Estate,Real Estate - Development,8037194752,,0.017,,26.19,11.15
2013-12-19 00:00:00+05:30,24.899999618530273,25.0,24.100000381469727,24.200000762939453,127549,0.0,0.0,PARSVNATH.NS,Parsvnath Developers Limited,Real Estate,Real Estate - Development,8037194752,,0.017,,26.19,11.15
2013-12-20 00:00:00+05:30,24.25,24.5,23.549999237060547,23.899999618530273,322596,0.0,0.0,PARSVNATH.NS,Parsvnath Developers Limited,Real Estate,Real Estate - Development,8037194752,,0.017,,26.19,11.15
2013-12-23 00:00:00+05:30,24.0,24.950000762939453,23.799999237060547,24.700000762939453,259844,0.0,0.0,PARSVNATH.NS,Parsvnath Developers Limited,Real Estate,Real Estate - Development,8037194752,,0.017,,26.19,11.15
2013-12-24 00:00:00+05:30,24.700000762939453,25.899999618530273,24.700000762939453,25.850000381469727,1083873,0.0,0.0,PARSVNATH.NS,Parsvnath Developers Limited,Real Estate,Real Estate - Development,8037194752,,0.017,,26.19,11.15
2013-12-26 00:00:00+05:30,26.0,26.399999618530273,25.799999237060547,26.0,395475,0.0,0.0,PARSVNATH.NS,Parsvnath Developers Limited,Real Estate,Real Estate - Development,8037194752,,0.017,,26.19,11.15
2013-12-27 00:00:00+05:30,26.0,26.75,25.399999618530273,26.25,417909,0.0,0.0,PARSVNATH.NS,Parsvnath Developers Limited,Real Estate,Real Estate - Development,8037194752,,0.017,,26.19,11.15
2013-12-30 00:00:00+05:30,26.299999237060547,26.950000762939453,26.0,26.450000762939453,154185,0.0,0.0,PARSVNATH.NS,Parsvnath Developers Limited,Real Estate,Real Estate - Development,8037194752,,0.017,,26.19,11.15
2013-12-31 00:00:00+05:30,26.299999237060547,26.600000381469727,25.25,25.700000762939453,482091,0.0,0.0,PARSVNATH.NS,Parsvnath Developers Limited,Real Estate,Real Estate - Development,8037194752,,0.017,,26.19,11.15
2014-01-01 00:00:00+05:30,25.899999618530273,26.649999618530273,25.799999237060547,26.549999237060547,430337,0.0,0.0,PARSVNATH.NS,Parsvnath Developers Limited,Real Estate,Real Estate - Development,8037194752,,0.017,,26.19,11.15
2014-01-02 00:00:00+05:30,26.5,27.450000762939453,26.100000381469727,26.5,278639,0.0,0.0,PARSVNATH.NS,Parsvnath Developers Limited,Real Estate,Real Estate - Development,8037194752,,0.017,,26.19,11.15
2014-01-03 00:00:00+05:30,26.299999237060547,26.5,25.799999237060547,26.299999237060547,477206,0.0,0.0,PARSVNATH.NS,Parsvnath Developers Limited,Real Estate,Real Estate - Development,8037194752,,0.017,,26.19,11.15
2014-01-06 00:00:00+05:30,26.200000762939453,26.5,25.950000762939453,26.049999237060547,73432,0.0,0.0,PARSVNATH.NS,Parsvnath Developers Limited,Real Estate,Real Estate - Development,8037194752,,0.017,,26.19,11.15
2014-01-07 00:00:00+05:30,26.049999237060547,26.450000762939453,25.200000762939453,25.899999618530273,258547,0.0,0.0,PARSVNATH.NS,Parsvnath Developers Limited,Real Estate,Real Estate - Development,8037194752,,0.017,,26.19,11.15
2014-01-08 00:00:00+05:30,26.100000381469727,26.5,25.75,26.149999618530273,548300,0.0,0.0,PARSVNATH.NS,Parsvnath Developers Limited,Real Estate,Real Estate - Development,8037194752,,0.017,,26.19,11.15
2014-01-09 00:00:00+05:30,26.149999618530273,26.5,25.450000762939453,25.600000381469727,348949,0.0,0.0,PARSVNATH.NS,Parsvnath Developers Limited,Real Estate,Real Estate - Development,8037194752,,0.017,,26.19,11.15
2014-01-10 00:00:00+05:30,25.450000762939453,26.299999237060547,25.149999618530273,25.700000762939453,199958,0.0,0.0,PARSVNATH.NS,Parsvnath Developers Limited,Real Estate,Real Estate - Development,8037194752,,0.017,,26.19,11.15
2014-01-13 00:00:00+05:30,25.700000762939453,26.0,24.950000762939453,25.350000381469727,137271,0.0,0.0,PARSVNATH.NS,Parsvnath Developers Limited,Real Estate,Real Estate - Development,8037194752,,0.017,,26.19,11.15
2014-01-14 00:00:00+05:30,25.450000762939453,25.799999237060547,24.799999237060547,25.299999237060547,141504,0.0,0.0,PARSVNATH.NS,Parsvnath Developers Limited,Real Estate,Real Estate - Development,8037194752,,0.017,,26.19,11.15
2014-01-15 00:00:00+05:30,25.25,25.5,25.100000381469727,25.25,83201,0.0,0.0,PARSVNATH.NS,Parsvnath Developers Limited,Real Estate,Real Estate - Development,8037194752,,0.017,,26.19,11.15
2014-01-16 00:00:00+05:30,25.25,25.399999618530273,24.75,24.899999618530273,216169,0.0,0.0,PARSVNATH.NS,Parsvnath Developers Limited,Real Estate,Real Estate - Development,8037194752,,0.017,,26.19,11.15
2014-01-17 00:00:00+05:30,25.0,25.200000762939453,24.5,24.799999237060547,81764,0.0,0.0,PARSVNATH.NS,Parsvnath Developers Limited,Real Estate,Real Estate - Development,8037194752,,0.017,,26.19,11.15
2014-01-20 00:00:00+05:30,24.5,25.0,24.5,24.850000381469727,96244,0.0,0.0,PARSVNATH.NS,Parsvnath Developers Limited,Real Estate,Real Estate - Development,8037194752,,0.017,,26.19,11.15
2014-01-21 00:00:00+05:30,24.899999618530273,24.950000762939453,24.649999618530273,24.799999237060547,118668,0.0,0.0,PARSVNATH.NS,Parsvnath Developers Limited,Real Estate,Real Estate - Development,8037194752,,0.017,,26.19,11.15
2014-01-22 00:00:00+05:30,24.700000762939453,25.0,24.549999237060547,24.700000762939453,70418,0.0,0.0,PARSVNATH.NS,Parsvnath Developers Limited,Real Estate,Real Estate - Development,8037194752,,0.017,,26.19,11.15
2014-01-23 00:00:00+05:30,24.549999237060547,25.0,24.149999618530273,24.649999618530273,180028,0.0,0.0,PARSVNATH.NS,Parsvnath Developers Limited,Real Estate,Real Estate - Development,8037194752,,0.017,,26.19,11.15
2014-01-24 00:00:00+05:30,24.399999618530273,24.649999618530273,24.0,24.350000381469727,150470,0.0,0.0,PARSVNATH.NS,Parsvnath Developers Limited,Real Estate,Real Estate - Development,8037194752,,0.017,,26.19,11.15
2014-01-27 00:00:00+05:30,24.0,24.25,23.549999237060547,23.700000762939453,42227,0.0,0.0,PARSVNATH.NS,Parsvnath Developers Limited,Real Estate,Real Estate - Development,8037194752,,0.017,,26.19,11.15
2014-01-28 00:00:00+05:30,23.350000381469727,23.950000762939453,23.25,23.549999237060547,189048,0.0,0.0,PARSVNATH.NS,Parsvnath Developers Limited,Real Estate,Real Estate - Development,8037194752,,0.017,,26.19,11.15
2014-01-29 00:00:00+05:30,23.399999618530273,24.399999618530273,23.100000381469727,24.0,525825,0.0,0.0,PARSVNATH.NS,Parsvnath Developers Limited,Real Estate,Real Estate - Development,8037194752,,0.017,,26.19,11.15
2014-01-30 00:00:00+05:30,23.899999618530273,23.899999618530273,23.0,23.299999237060547,178118,0.0,0.0,PARSVNATH.NS,Parsvnath Developers Limited,Real Estate,Real Estate - Development,8037194752,,0.017,,26.19,11.15
2014-01-31 00:00:00+05:30,23.049999237060547,24.100000381469727,23.0,23.75,184624,0.0,0.0,PARSVNATH.NS,Parsvnath Developers Limited,Real Estate,Real Estate - Development,8037194752,,0.017,,26.19,11.15
2014-02-03 00:00:00+05:30,23.75,23.799999237060547,23.100000381469727,23.399999618530273,93943,0.0,0.0,PARSVNATH.NS,Parsvnath Developers Limited,Real Estate,Real Estate - Development,8037194752,,0.017,,26.19,11.15
2014-02-04 00:00:00+05:30,23.25,23.600000381469727,23.200000762939453,23.5,155451,0.0,0.0,PARSVNATH.NS,Parsvnath Developers Limited,Real Estate,Real Estate - Development,8037194752,,0.017,,26.19,11.15
2014-02-05 00:00:00+05:30,23.399999618530273,23.600000381469727,23.200000762939453,23.399999618530273,117822,0.0,0.0,PARSVNATH.NS,Parsvnath Developers Limited,Real Estate,Real Estate - Development,8037194752,,0.017,,26.19,11.15
2014-02-06 00:00:00+05:30,23.299999237060547,23.600000381469727,23.299999237060547,23.399999618530273,25891,0.0,0.0,PARSVNATH.NS,Parsvnath Developers Limited,Real Estate,Real Estate - Development,8037194752,,0.017,,26.19,11.15
2014-02-07 00:00:00+05:30,23.350000381469727,24.549999237060547,22.25,24.450000762939453,603644,0.0,0.0,PARSVNATH.NS,Parsvnath Developers Limited,Real Estate,Real Estate - Development,8037194752,,0.017,,26.19,11.15
2014-02-10 00:00:00+05:30,24.600000381469727,25.649999618530273,24.5,25.549999237060547,555402,0.0,0.0,PARSVNATH.NS,Parsvnath Developers Limited,Real Estate,Real Estate - Development,8037194752,,0.017,,26.19,11.15
2014-02-11 00:00:00+05:30,25.299999237060547,26.75,25.299999237060547,26.600000381469727,352306,0.0,0.0,PARSVNATH.NS,Parsvnath Developers Limited,Real Estate,Real Estate - Development,8037194752,,0.017,,26.19,11.15
2014-02-12 00:00:00+05:30,26.350000381469727,27.5,26.350000381469727,27.299999237060547,397794,0.0,0.0,PARSVNATH.NS,Parsvnath Developers Limited,Real Estate,Real Estate - Development,8037194752,,0.017,,26.19,11.15
2014-02-13 00:00:00+05:30,27.0,27.850000381469727,26.799999237060547,27.350000381469727,291973,0.0,0.0,PARSVNATH.NS,Parsvnath Developers Limited,Real Estate,Real Estate - Development,8037194752,,0.017,,26.19,11.15
2014-02-14 00:00:00+05:30,27.5,27.5,26.700000762939453,26.899999618530273,167069,0.0,0.0,PARSVNATH.NS,Parsvnath Developers Limited,Real Estate,Real Estate - Development,8037194752,,0.017,,26.19,11.15
2014-02-17 00:00:00+05:30,26.5,27.25,26.350000381469727,26.799999237060547,293989,0.0,0.0,PARSVNATH.NS,Parsvnath Developers Limited,Real Estate,Real Estate - Development,8037194752,,0.017,,26.19,11.15
2014-02-18 00:00:00+05:30,27.299999237060547,27.299999237060547,26.200000762939453,26.450000762939453,168970,0.0,0.0,PARSVNATH.NS,Parsvnath Developers Limited,Real Estate,Real Estate - Development,8037194752,,0.017,,26.19,11.15
2014-02-19 00:00:00+05:30,26.25,26.700000762939453,26.25,26.350000381469727,46984,0.0,0.0,PARSVNATH.NS,Parsvnath Developers Limited,Real Estate,Real Estate - Development,8037194752,,0.017,,26.19,11.15
2014-02-20 00:00:00+05:30,26.25,26.700000762939453,25.5,25.600000381469727,84846,0.0,0.0,PARSVNATH.NS,Parsvnath Developers Limited,Real Estate,Real Estate - Development,8037194752,,0.017,,26.19,11.15
2014-02-21 00:00:00+05:30,25.399999618530273,25.850000381469727,25.149999618530273,25.549999237060547,35060,0.0,0.0,PARSVNATH.NS,Parsvnath Developers Limited,Real Estate,Real Estate - Development,8037194752,,0.017,,26.19,11.15
2014-02-24 00:00:00+05:30,25.100000381469727,25.399999618530273,24.399999618530273,24.75,114069,0.0,0.0,PARSVNATH.NS,Parsvnath Developers Limited,Real Estate,Real Estate - Development,8037194752,,0.017,,26.19,11.15
2014-02-25 00:00:00+05:30,24.549999237060547,24.899999618530273,24.299999237060547,24.549999237060547,62838,0.0,0.0,PARSVNATH.NS,Parsvnath Developers Limited,Real Estate,Real Estate - Development,8037194752,,0.017,,26.19,11.15
2014-02-26 00:00:00+05:30,24.350000381469727,25.0,23.350000381469727,23.549999237060547,361559,0.0,0.0,PARSVNATH.NS,Parsvnath Developers Limited,Real Estate,Real Estate - Development,8037194752,,0.017,,26.19,11.15
2014-02-28 00:00:00+05:30,23.700000762939453,24.200000762939453,23.25,24.0,156056,0.0,0.0,PARSVNATH.NS,Parsvnath Developers Limited,Real Estate,Real Estate - Development,8037194752,,0.017,,26.19,11.15
2014-03-03 00:00:00+05:30,23.700000762939453,24.0,23.600000381469727,23.950000762939453,47462,0.0,0.0,PARSVNATH.NS,Parsvnath Developers Limited,Real Estate,Real Estate - Development,8037194752,,0.017,,26.19,11.15
2014-03-04 00:00:00+05:30,23.700000762939453,25.100000381469727,23.649999618530273,24.600000381469727,828613,0.0,0.0,PARSVNATH.NS,Parsvnath Developers Limited,Real Estate,Real Estate - Development,8037194752,,0.017,,26.19,11.15
2014-03-05 00:00:00+05:30,24.700000762939453,25.5,24.700000762939453,25.25,66210,0.0,0.0,PARSVNATH.NS,Parsvnath Developers Limited,Real Estate,Real Estate - Development,8037194752,,0.017,,26.19,11.15
2014-03-06 00:00:00+05:30,26.0,26.350000381469727,25.799999237060547,26.100000381469727,135012,0.0,0.0,PARSVNATH.NS,Parsvnath Developers Limited,Real Estate,Real Estate - Development,8037194752,,0.017,,26.19,11.15
2014-03-07 00:00:00+05:30,26.25,26.450000762939453,25.0,25.649999618530273,515580,0.0,0.0,PARSVNATH.NS,Parsvnath Developers Limited,Real Estate,Real Estate - Development,8037194752,,0.017,,26.19,11.15
2014-03-10 00:00:00+05:30,25.100000381469727,25.5,24.950000762939453,25.149999618530273,70856,0.0,0.0,PARSVNATH.NS,Parsvnath Developers Limited,Real Estate,Real Estate - Development,8037194752,,0.017,,26.19,11.15
2014-03-11 00:00:00+05:30,24.899999618530273,25.350000381469727,24.75,24.950000762939453,121688,0.0,0.0,PARSVNATH.NS,Parsvnath Developers Limited,Real Estate,Real Estate - Development,8037194752,,0.017,,26.19,11.15
2014-03-12 00:00:00+05:30,25.0,25.149999618530273,24.649999618530273,24.75,163221,0.0,0.0,PARSVNATH.NS,Parsvnath Developers Limited,Real Estate,Real Estate - Development,8037194752,,0.017,,26.19,11.15
2014-03-13 00:00:00+05:30,24.600000381469727,24.899999618530273,24.299999237060547,24.399999618530273,64075,0.0,0.0,PARSVNATH.NS,Parsvnath Developers Limited,Real Estate,Real Estate - Development,8037194752,,0.017,,26.19,11.15
2014-03-14 00:00:00+05:30,24.299999237060547,24.600000381469727,24.049999237060547,24.299999237060547,35798,0.0,0.0,PARSVNATH.NS,Parsvnath Developers Limited,Real Estate,Real Estate - Development,8037194752,,0.017,,26.19,11.15
2014-03-18 00:00:00+05:30,24.049999237060547,24.600000381469727,24.049999237060547,24.299999237060547,58747,0.0,0.0,PARSVNATH.NS,Parsvnath Developers Limited,Real Estate,Real Estate - Development,8037194752,,0.017,,26.19,11.15
2014-03-19 00:00:00+05:30,24.25,24.549999237060547,23.850000381469727,23.899999618530273,102650,0.0,0.0,PARSVNATH.NS,Parsvnath Developers Limited,Real Estate,Real Estate - Development,8037194752,,0.017,,26.19,11.15
2014-03-20 00:00:00+05:30,23.950000762939453,23.950000762939453,23.049999237060547,23.25,184689,0.0,0.0,PARSVNATH.NS,Parsvnath Developers Limited,Real Estate,Real Estate - Development,8037194752,,0.017,,26.19,11.15
2014-03-21 00:00:00+05:30,23.25,24.299999237060547,23.0,24.149999618530273,512476,0.0,0.0,PARSVNATH.NS,Parsvnath Developers Limited,Real Estate,Real Estate - Development,8037194752,,0.017,,26.19,11.15
2014-03-24 00:00:00+05:30,24.0,24.5,23.899999618530273,23.899999618530273,45247,0.0,0.0,PARSVNATH.NS,Parsvnath Developers Limited,Real Estate,Real Estate - Development,8037194752,,0.017,,26.19,11.15
2014-03-25 00:00:00+05:30,23.799999237060547,24.100000381469727,23.600000381469727,24.0,427149,0.0,0.0,PARSVNATH.NS,Parsvnath Developers Limited,Real Estate,Real Estate - Development,8037194752,,0.017,,26.19,11.15
2014-03-26 00:00:00+05:30,23.899999618530273,24.25,23.75,23.899999618530273,1027228,0.0,0.0,PARSVNATH.NS,Parsvnath Developers Limited,Real Estate,Real Estate - Development,8037194752,,0.017,,26.19,11.15
2014-03-27 00:00:00+05:30,23.75,23.950000762939453,23.600000381469727,23.75,215584,0.0,0.0,PARSVNATH.NS,Parsvnath Developers Limited,Real Estate,Real Estate - Development,8037194752,,0.017,,26.19,11.15
2014-03-28 00:00:00+05:30,23.649999618530273,24.700000762939453,23.649999618530273,24.049999237060547,245555,0.0,0.0,PARSVNATH.NS,Parsvnath Developers Limited,Real Estate,Real Estate - Development,8037194752,,0.017,,26.19,11.15
2014-03-31 00:00:00+05:30,24.100000381469727,25.25,24.100000381469727,24.350000381469727,230042,0.0,0.0,PARSVNATH.NS,Parsvnath Developers Limited,Real Estate,Real Estate - Development,8037194752,,0.017,,26.19,11.15
2014-04-01 00:00:00+05:30,24.549999237060547,25.0,23.899999618530273,24.049999237060547,276735,0.0,0.0,PARSVNATH.NS,Parsvnath Developers Limited,Real Estate,Real Estate - Development,8037194752,,0.017,,26.19,11.15
2014-04-02 00:00:00+05:30,23.950000762939453,25.25,23.950000762939453,24.899999618530273,467575,0.0,0.0,PARSVNATH.NS,Parsvnath Developers Limited,Real Estate,Real Estate - Development,8037194752,,0.017,,26.19,11.15
2014-04-03 00:00:00+05:30,25.5,25.799999237060547,24.200000762939453,24.450000762939453,374281,0.0,0.0,PARSVNATH.NS,Parsvnath Developers Limited,Real Estate,Real Estate - Development,8037194752,,0.017,,26.19,11.15
2014-04-04 00:00:00+05:30,24.200000762939453,25.399999618530273,24.200000762939453,25.200000762939453,1492183,0.0,0.0,PARSVNATH.NS,Parsvnath Developers Limited,Real Estate,Real Estate - Development,8037194752,,0.017,,26.19,11.15
2014-04-07 00:00:00+05:30,25.450000762939453,26.25,25.350000381469727,25.5,612996,0.0,0.0,PARSVNATH.NS,Parsvnath Developers Limited,Real Estate,Real Estate - Development,8037194752,,0.017,,26.19,11.15
2014-04-09 00:00:00+05:30,25.799999237060547,26.5,25.450000762939453,26.200000762939453,494528,0.0,0.0,PARSVNATH.NS,Parsvnath Developers Limited,Real Estate,Real Estate - Development,8037194752,,0.017,,26.19,11.15
2014-04-10 00:00:00+05:30,26.299999237060547,27.0,25.799999237060547,26.200000762939453,516903,0.0,0.0,PARSVNATH.NS,Parsvnath Developers Limited,Real Estate,Real Estate - Development,8037194752,,0.017,,26.19,11.15
2014-04-11 00:00:00+05:30,25.799999237060547,27.299999237060547,25.600000381469727,26.850000381469727,626062,0.0,0.0,PARSVNATH.NS,Parsvnath Developers Limited,Real Estate,Real Estate - Development,8037194752,,0.017,,26.19,11.15
2014-04-15 00:00:00+05:30,26.700000762939453,27.25,25.75,25.899999618530273,298159,0.0,0.0,PARSVNATH.NS,Parsvnath Developers Limited,Real Estate,Real Estate - Development,8037194752,,0.017,,26.19,11.15
2014-04-16 00:00:00+05:30,25.600000381469727,25.799999237060547,24.850000381469727,24.950000762939453,190256,0.0,0.0,PARSVNATH.NS,Parsvnath Developers Limited,Real Estate,Real Estate - Development,8037194752,,0.017,,26.19,11.15
2014-04-17 00:00:00+05:30,25.100000381469727,25.600000381469727,24.899999618530273,25.350000381469727,97536,0.0,0.0,PARSVNATH.NS,Parsvnath Developers Limited,Real Estate,Real Estate - Development,8037194752,,0.017,,26.19,11.15
2014-04-21 00:00:00+05:30,25.200000762939453,25.700000762939453,24.850000381469727,25.0,210415,0.0,0.0,PARSVNATH.NS,Parsvnath Developers Limited,Real Estate,Real Estate - Development,8037194752,,0.017,,26.19,11.15
2014-04-22 00:00:00+05:30,24.799999237060547,25.25,24.649999618530273,24.75,277811,0.0,0.0,PARSVNATH.NS,Parsvnath Developers Limited,Real Estate,Real Estate - Development,8037194752,,0.017,,26.19,11.15
2014-04-23 00:00:00+05:30,24.700000762939453,25.350000381469727,24.700000762939453,24.899999618530273,110283,0.0,0.0,PARSVNATH.NS,Parsvnath Developers Limited,Real Estate,Real Estate - Development,8037194752,,0.017,,26.19,11.15
2014-04-24 00:00:00+05:30,24.899999618530273,24.899999618530273,24.899999618530273,24.899999618530273,0,0.0,0.0,PARSVNATH.NS,Parsvnath Developers Limited,Real Estate,Real Estate - Development,8037194752,,0.017,,26.19,11.15
2014-04-25 00:00:00+05:30,24.799999237060547,25.149999618530273,24.399999618530273,24.649999618530273,186753,0.0,0.0,PARSVNATH.NS,Parsvnath Developers Limited,Real Estate,Real Estate - Development,8037194752,,0.017,,26.19,11.15
2014-04-28 00:00:00+05:30,24.399999618530273,24.75,24.350000381469727,24.549999237060547,174291,0.0,0.0,PARSVNATH.NS,Parsvnath Developers Limited,Real Estate,Real Estate - Development,8037194752,,0.017,,26.19,11.15
2014-04-29 00:00:00+05:30,24.299999237060547,25.0,24.299999237060547,24.549999237060547,249577,0.0,0.0,PARSVNATH.NS,Parsvnath Developers Limited,Real Estate,Real Estate - Development,8037194752,,0.017,,26.19,11.15
2014-04-30 00:00:00+05:30,24.600000381469727,24.850000381469727,23.700000762939453,24.100000381469727,227587,0.0,0.0,PARSVNATH.NS,Parsvnath Developers Limited,Real Estate,Real Estate - Development,8037194752,,0.017,,26.19,11.15
2014-05-02 00:00:00+05:30,24.0,24.350000381469727,23.299999237060547,23.5,302305,0.0,0.0,PARSVNATH.NS,Parsvnath Developers Limited,Real Estate,Real Estate - Development,8037194752,,0.017,,26.19,11.15
2014-05-05 00:00:00+05:30,23.350000381469727,24.049999237060547,23.350000381469727,23.600000381469727,157158,0.0,0.0,PARSVNATH.NS,Parsvnath Developers Limited,Real Estate,Real Estate - Development,8037194752,,0.017,,26.19,11.15
2014-05-06 00:00:00+05:30,23.5,24.0,23.399999618530273,23.799999237060547,162980,0.0,0.0,PARSVNATH.NS,Parsvnath Developers Limited,Real Estate,Real Estate - Development,8037194752,,0.017,,26.19,11.15
2014-05-07 00:00:00+05:30,23.600000381469727,24.299999237060547,23.399999618530273,23.75,330929,0.0,0.0,PARSVNATH.NS,Parsvnath Developers Limited,Real Estate,Real Estate - Development,8037194752,,0.017,,26.19,11.15
2014-05-08 00:00:00+05:30,23.5,24.200000762939453,23.5,24.049999237060547,119788,0.0,0.0,PARSVNATH.NS,Parsvnath Developers Limited,Real Estate,Real Estate - Development,8037194752,,0.017,,26.19,11.15
2014-05-09 00:00:00+05:30,24.100000381469727,24.5,23.799999237060547,24.25,260824,0.0,0.0,PARSVNATH.NS,Parsvnath Developers Limited,Real Estate,Real Estate - Development,8037194752,,0.017,,26.19,11.15
2014-05-12 00:00:00+05:30,23.899999618530273,24.600000381469727,23.899999618530273,24.0,266699,0.0,0.0,PARSVNATH.NS,Parsvnath Developers Limited,Real Estate,Real Estate - Development,8037194752,,0.017,,26.19,11.15
2014-05-13 00:00:00+05:30,24.0,24.799999237060547,23.799999237060547,24.450000762939453,434997,0.0,0.0,PARSVNATH.NS,Parsvnath Developers Limited,Real Estate,Real Estate - Development,8037194752,,0.017,,26.19,11.15
2014-05-14 00:00:00+05:30,25.0,25.600000381469727,24.850000381469727,25.5,636498,0.0,0.0,PARSVNATH.NS,Parsvnath Developers Limited,Real Estate,Real Estate - Development,8037194752,,0.017,,26.19,11.15
2014-05-15 00:00:00+05:30,25.5,25.950000762939453,24.75,24.899999618530273,453755,0.0,0.0,PARSVNATH.NS,Parsvnath Developers Limited,Real Estate,Real Estate - Development,8037194752,,0.017,,26.19,11.15
2014-05-16 00:00:00+05:30,26.100000381469727,26.100000381469727,25.299999237060547,26.049999237060547,974095,0.0,0.0,PARSVNATH.NS,Parsvnath Developers Limited,Real Estate,Real Estate - Development,8037194752,,0.017,,26.19,11.15
2014-05-19 00:00:00+05:30,26.5,27.350000381469727,26.049999237060547,27.350000381469727,413842,0.0,0.0,PARSVNATH.NS,Parsvnath Developers Limited,Real Estate,Real Estate - Development,8037194752,,0.017,,26.19,11.15
2014-05-20 00:00:00+05:30,28.600000381469727,28.700000762939453,28.549999237060547,28.700000762939453,321900,0.0,0.0,PARSVNATH.NS,Parsvnath Developers Limited,Real Estate,Real Estate - Development,8037194752,,0.017,,26.19,11.15
2014-05-21 00:00:00+05:30,30.100000381469727,30.100000381469727,28.75,30.100000381469727,1140412,0.0,0.0,PARSVNATH.NS,Parsvnath Developers Limited,Real Estate,Real Estate - Development,8037194752,,0.017,,26.19,11.15
2014-05-22 00:00:00+05:30,31.600000381469727,31.600000381469727,31.149999618530273,31.600000381469727,303190,0.0,0.0,PARSVNATH.NS,Parsvnath Developers Limited,Real Estate,Real Estate - Development,8037194752,,0.017,,26.19,11.15
2014-05-23 00:00:00+05:30,33.150001525878906,33.150001525878906,33.150001525878906,33.150001525878906,401001,0.0,0.0,PARSVNATH.NS,Parsvnath Developers Limited,Real Estate,Real Estate - Development,8037194752,,0.017,,26.19,11.15
2014-05-26 00:00:00+05:30,34.400001525878906,34.79999923706055,31.5,31.600000381469727,919099,0.0,0.0,PARSVNATH.NS,Parsvnath Developers Limited,Real Estate,Real Estate - Development,8037194752,,0.017,,26.19,11.15
2014-05-27 00:00:00+05:30,31.5,32.75,30.149999618530273,31.299999237060547,475333,0.0,0.0,PARSVNATH.NS,Parsvnath Developers Limited,Real Estate,Real Estate - Development,8037194752,,0.017,,26.19,11.15
2014-05-28 00:00:00+05:30,31.149999618530273,31.5,30.299999237060547,30.450000762939453,327747,0.0,0.0,PARSVNATH.NS,Parsvnath Developers Limited,Real Estate,Real Estate - Development,8037194752,,0.017,,26.19,11.15
2014-05-29 00:00:00+05:30,30.0,30.25,29.299999237060547,29.600000381469727,172544,0.0,0.0,PARSVNATH.NS,Parsvnath Developers Limited,Real Estate,Real Estate - Development,8037194752,,0.017,,26.19,11.15
2014-05-30 00:00:00+05:30,29.850000381469727,31.0,29.600000381469727,30.299999237060547,231447,0.0,0.0,PARSVNATH.NS,Parsvnath Developers Limited,Real Estate,Real Estate - Development,8037194752,,0.017,,26.19,11.15
2014-06-02 00:00:00+05:30,30.399999618530273,31.450000762939453,29.75,31.299999237060547,215724,0.0,0.0,PARSVNATH.NS,Parsvnath Developers Limited,Real Estate,Real Estate - Development,8037194752,,0.017,,26.19,11.15
2014-06-03 00:00:00+05:30,31.100000381469727,32.849998474121094,30.549999237060547,32.849998474121094,370057,0.0,0.0,PARSVNATH.NS,Parsvnath Developers Limited,Real Estate,Real Estate - Development,8037194752,,0.017,,26.19,11.15
2014-06-04 00:00:00+05:30,33.79999923706055,34.45000076293945,33.150001525878906,34.45000076293945,933836,0.0,0.0,PARSVNATH.NS,Parsvnath Developers Limited,Real Estate,Real Estate - Development,8037194752,,0.017,,26.19,11.15
2014-06-05 00:00:00+05:30,35.79999923706055,36.150001525878906,34.20000076293945,35.900001525878906,700833,0.0,0.0,PARSVNATH.NS,Parsvnath Developers Limited,Real Estate,Real Estate - Development,8037194752,,0.017,,26.19,11.15
2014-06-06 00:00:00+05:30,36.70000076293945,37.650001525878906,35.0,35.650001525878906,1069954,0.0,0.0,PARSVNATH.NS,Parsvnath Developers Limited,Real Estate,Real Estate - Development,8037194752,,0.017,,26.19,11.15
2014-06-09 00:00:00+05:30,35.75,37.400001525878906,35.75,37.400001525878906,937624,0.0,0.0,PARSVNATH.NS,Parsvnath Developers Limited,Real Estate,Real Estate - Development,8037194752,,0.017,,26.19,11.15
2014-06-10 00:00:00+05:30,37.900001525878906,37.900001525878906,35.75,36.5,849633,0.0,0.0,PARSVNATH.NS,Parsvnath Developers Limited,Real Estate,Real Estate - Development,8037194752,,0.017,,26.19,11.15
2014-06-11 00:00:00+05:30,37.0,37.20000076293945,35.25,35.54999923706055,467708,0.0,0.0,PARSVNATH.NS,Parsvnath Developers Limited,Real Estate,Real Estate - Development,8037194752,,0.017,,26.19,11.15
2014-06-12 00:00:00+05:30,35.29999923706055,35.79999923706055,34.599998474121094,34.95000076293945,304480,0.0,0.0,PARSVNATH.NS,Parsvnath Developers Limited,Real Estate,Real Estate - Development,8037194752,,0.017,,26.19,11.15
2014-06-13 00:00:00+05:30,35.0,35.20000076293945,33.25,33.54999923706055,322310,0.0,0.0,PARSVNATH.NS,Parsvnath Developers Limited,Real Estate,Real Estate - Development,8037194752,,0.017,,26.19,11.15
2014-06-16 00:00:00+05:30,33.75,33.75,31.899999618530273,32.599998474121094,202508,0.0,0.0,PARSVNATH.NS,Parsvnath Developers Limited,Real Estate,Real Estate - Development,8037194752,,0.017,,26.19,11.15
2014-06-17 00:00:00+05:30,32.75,34.20000076293945,32.400001525878906,34.04999923706055,369122,0.0,0.0,PARSVNATH.NS,Parsvnath Developers Limited,Real Estate,Real Estate - Development,8037194752,,0.017,,26.19,11.15
2014-06-18 00:00:00+05:30,34.04999923706055,34.150001525878906,32.400001525878906,32.650001525878906,317342,0.0,0.0,PARSVNATH.NS,Parsvnath Developers Limited,Real Estate,Real Estate - Development,8037194752,,0.017,,26.19,11.15
2014-06-19 00:00:00+05:30,32.54999923706055,33.29999923706055,31.549999237060547,32.400001525878906,171080,0.0,0.0,PARSVNATH.NS,Parsvnath Developers Limited,Real Estate,Real Estate - Development,8037194752,,0.017,,26.19,11.15
2014-06-20 00:00:00+05:30,32.5,34.0,31.649999618530273,33.75,561024,0.0,0.0,PARSVNATH.NS,Parsvnath Developers Limited,Real Estate,Real Estate - Development,8037194752,,0.017,,26.19,11.15
2014-06-23 00:00:00+05:30,33.79999923706055,33.900001525878906,32.599998474121094,32.900001525878906,163322,0.0,0.0,PARSVNATH.NS,Parsvnath Developers Limited,Real Estate,Real Estate - Development,8037194752,,0.017,,26.19,11.15
2014-06-24 00:00:00+05:30,33.0,34.5,32.95000076293945,34.45000076293945,578394,0.0,0.0,PARSVNATH.NS,Parsvnath Developers Limited,Real Estate,Real Estate - Development,8037194752,,0.017,,26.19,11.15
2014-06-25 00:00:00+05:30,35.400001525878906,36.150001525878906,35.29999923706055,36.150001525878906,1155672,0.0,0.0,PARSVNATH.NS,Parsvnath Developers Limited,Real Estate,Real Estate - Development,8037194752,,0.017,,26.19,11.15
2014-06-26 00:00:00+05:30,36.54999923706055,36.54999923706055,34.349998474121094,34.45000076293945,451076,0.0,0.0,PARSVNATH.NS,Parsvnath Developers Limited,Real Estate,Real Estate - Development,8037194752,,0.017,,26.19,11.15
2014-06-27 00:00:00+05:30,34.150001525878906,35.0,33.70000076293945,34.25,214992,0.0,0.0,PARSVNATH.NS,Parsvnath Developers Limited,Real Estate,Real Estate - Development,8037194752,,0.017,,26.19,11.15
2014-06-30 00:00:00+05:30,34.29999923706055,35.599998474121094,34.29999923706055,34.95000076293945,206604,0.0,0.0,PARSVNATH.NS,Parsvnath Developers Limited,Real Estate,Real Estate - Development,8037194752,,0.017,,26.19,11.15
2014-07-01 00:00:00+05:30,34.900001525878906,35.5,34.54999923706055,34.75,156341,0.0,0.0,PARSVNATH.NS,Parsvnath Developers Limited,Real Estate,Real Estate - Development,8037194752,,0.017,,26.19,11.15
2014-07-02 00:00:00+05:30,34.70000076293945,35.400001525878906,34.70000076293945,34.95000076293945,243430,0.0,0.0,PARSVNATH.NS,Parsvnath Developers Limited,Real Estate,Real Estate - Development,8037194752,,0.017,,26.19,11.15
2014-07-03 00:00:00+05:30,34.95000076293945,35.25,34.04999923706055,34.349998474121094,125265,0.0,0.0,PARSVNATH.NS,Parsvnath Developers Limited,Real Estate,Real Estate - Development,8037194752,,0.017,,26.19,11.15
2014-07-04 00:00:00+05:30,34.150001525878906,34.79999923706055,33.70000076293945,34.099998474121094,178020,0.0,0.0,PARSVNATH.NS,Parsvnath Developers Limited,Real Estate,Real Estate - Development,8037194752,,0.017,,26.19,11.15
2014-07-07 00:00:00+05:30,33.79999923706055,34.95000076293945,33.79999923706055,34.150001525878906,173887,0.0,0.0,PARSVNATH.NS,Parsvnath Developers Limited,Real Estate,Real Estate - Development,8037194752,,0.017,,26.19,11.15
2014-07-08 00:00:00+05:30,34.20000076293945,34.45000076293945,32.45000076293945,32.5,195955,0.0,0.0,PARSVNATH.NS,Parsvnath Developers Limited,Real Estate,Real Estate - Development,8037194752,,0.017,,26.19,11.15
2014-07-09 00:00:00+05:30,31.700000762939453,32.900001525878906,30.899999618530273,31.049999237060547,226169,0.0,0.0,PARSVNATH.NS,Parsvnath Developers Limited,Real Estate,Real Estate - Development,8037194752,,0.017,,26.19,11.15
2014-07-10 00:00:00+05:30,30.899999618530273,32.599998474121094,30.0,31.450000762939453,516124,0.0,0.0,PARSVNATH.NS,Parsvnath Developers Limited,Real Estate,Real Estate - Development,8037194752,,0.017,,26.19,11.15
2014-07-11 00:00:00+05:30,32.0,32.5,30.0,30.25,216033,0.0,0.0,PARSVNATH.NS,Parsvnath Developers Limited,Real Estate,Real Estate - Development,8037194752,,0.017,,26.19,11.15
2014-07-14 00:00:00+05:30,30.75,31.5,29.75,30.049999237060547,331593,0.0,0.0,PARSVNATH.NS,Parsvnath Developers Limited,Real Estate,Real Estate - Development,8037194752,,0.017,,26.19,11.15
2014-07-15 00:00:00+05:30,30.399999618530273,31.0,29.799999237060547,30.350000381469727,149612,0.0,0.0,PARSVNATH.NS,Parsvnath Developers Limited,Real Estate,Real Estate - Development,8037194752,,0.017,,26.19,11.15
2014-07-16 00:00:00+05:30,30.950000762939453,31.399999618530273,30.0,30.950000762939453,650419,0.0,0.0,PARSVNATH.NS,Parsvnath Developers Limited,Real Estate,Real Estate - Development,8037194752,,0.017,,26.19,11.15
2014-07-17 00:00:00+05:30,31.0,31.899999618530273,30.950000762939453,31.100000381469727,274160,0.0,0.0,PARSVNATH.NS,Parsvnath Developers Limited,Real Estate,Real Estate - Development,8037194752,,0.017,,26.19,11.15
2014-07-18 00:00:00+05:30,31.049999237060547,31.049999237060547,30.399999618530273,30.450000762939453,197414,0.0,0.0,PARSVNATH.NS,Parsvnath Developers Limited,Real Estate,Real Estate - Development,8037194752,,0.017,,26.19,11.15
2014-07-21 00:00:00+05:30,30.5,31.0,30.350000381469727,30.450000762939453,123015,0.0,0.0,PARSVNATH.NS,Parsvnath Developers Limited,Real Estate,Real Estate - Development,8037194752,,0.017,,26.19,11.15
2014-07-22 00:00:00+05:30,30.5,30.75,30.0,30.149999618530273,106868,0.0,0.0,PARSVNATH.NS,Parsvnath Developers Limited,Real Estate,Real Estate - Development,8037194752,,0.017,,26.19,11.15
2014-07-23 00:00:00+05:30,30.0,30.450000762939453,29.850000381469727,30.25,178653,0.0,0.0,PARSVNATH.NS,Parsvnath Developers Limited,Real Estate,Real Estate - Development,8037194752,,0.017,,26.19,11.15
2014-07-24 00:00:00+05:30,30.049999237060547,30.700000762939453,29.899999618530273,30.149999618530273,116582,0.0,0.0,PARSVNATH.NS,Parsvnath Developers Limited,Real Estate,Real Estate - Development,8037194752,,0.017,,26.19,11.15
2014-07-25 00:00:00+05:30,29.700000762939453,30.399999618530273,28.799999237060547,29.100000381469727,179002,0.0,0.0,PARSVNATH.NS,Parsvnath Developers Limited,Real Estate,Real Estate - Development,8037194752,,0.017,,26.19,11.15
2014-07-28 00:00:00+05:30,29.299999237060547,29.399999618530273,27.649999618530273,27.700000762939453,166708,0.0,0.0,PARSVNATH.NS,Parsvnath Developers Limited,Real Estate,Real Estate - Development,8037194752,,0.017,,26.19,11.15
2014-07-30 00:00:00+05:30,27.399999618530273,27.700000762939453,26.350000381469727,27.049999237060547,282365,0.0,0.0,PARSVNATH.NS,Parsvnath Developers Limited,Real Estate,Real Estate - Development,8037194752,,0.017,,26.19,11.15
2014-07-31 00:00:00+05:30,26.649999618530273,27.450000762939453,26.5,26.600000381469727,733515,0.0,0.0,PARSVNATH.NS,Parsvnath Developers Limited,Real Estate,Real Estate - Development,8037194752,,0.017,,26.19,11.15
2014-08-01 00:00:00+05:30,26.399999618530273,27.25,26.399999618530273,26.75,230052,0.0,0.0,PARSVNATH.NS,Parsvnath Developers Limited,Real Estate,Real Estate - Development,8037194752,,0.017,,26.19,11.15
2014-08-04 00:00:00+05:30,26.899999618530273,27.350000381469727,26.649999618530273,26.850000381469727,83194,0.0,0.0,PARSVNATH.NS,Parsvnath Developers Limited,Real Estate,Real Estate - Development,8037194752,,0.017,,26.19,11.15
2014-08-05 00:00:00+05:30,26.700000762939453,28.049999237060547,26.700000762939453,27.799999237060547,155283,0.0,0.0,PARSVNATH.NS,Parsvnath Developers Limited,Real Estate,Real Estate - Development,8037194752,,0.017,,26.19,11.15
2014-08-06 00:00:00+05:30,28.0,28.0,26.600000381469727,26.75,166422,0.0,0.0,PARSVNATH.NS,Parsvnath Developers Limited,Real Estate,Real Estate - Development,8037194752,,0.017,,26.19,11.15
2014-08-07 00:00:00+05:30,26.899999618530273,27.100000381469727,26.399999618530273,26.5,190822,0.0,0.0,PARSVNATH.NS,Parsvnath Developers Limited,Real Estate,Real Estate - Development,8037194752,,0.017,,26.19,11.15
2014-08-08 00:00:00+05:30,26.350000381469727,26.350000381469727,25.200000762939453,25.75,353421,0.0,0.0,PARSVNATH.NS,Parsvnath Developers Limited,Real Estate,Real Estate - Development,8037194752,,0.017,,26.19,11.15
2014-08-11 00:00:00+05:30,26.350000381469727,26.700000762939453,26.100000381469727,26.25,141935,0.0,0.0,PARSVNATH.NS,Parsvnath Developers Limited,Real Estate,Real Estate - Development,8037194752,,0.017,,26.19,11.15
2014-08-12 00:00:00+05:30,26.399999618530273,26.75,26.200000762939453,26.399999618530273,121275,0.0,0.0,PARSVNATH.NS,Parsvnath Developers Limited,Real Estate,Real Estate - Development,8037194752,,0.017,,26.19,11.15
2014-08-13 00:00:00+05:30,26.450000762939453,26.450000762939453,25.100000381469727,25.100000381469727,294931,0.0,0.0,PARSVNATH.NS,Parsvnath Developers Limited,Real Estate,Real Estate - Development,8037194752,,0.017,,26.19,11.15
2014-08-14 00:00:00+05:30,24.799999237060547,25.950000762939453,23.850000381469727,25.149999618530273,176267,0.0,0.0,PARSVNATH.NS,Parsvnath Developers Limited,Real Estate,Real Estate - Development,8037194752,,0.017,,26.19,11.15
2014-08-18 00:00:00+05:30,24.850000381469727,25.700000762939453,24.850000381469727,25.5,65511,0.0,0.0,PARSVNATH.NS,Parsvnath Developers Limited,Real Estate,Real Estate - Development,8037194752,,0.017,,26.19,11.15
2014-08-19 00:00:00+05:30,25.700000762939453,26.25,25.5,25.600000381469727,164995,0.0,0.0,PARSVNATH.NS,Parsvnath Developers Limited,Real Estate,Real Estate - Development,8037194752,,0.017,,26.19,11.15
2014-08-20 00:00:00+05:30,25.600000381469727,25.799999237060547,25.399999618530273,25.5,73704,0.0,0.0,PARSVNATH.NS,Parsvnath Developers Limited,Real Estate,Real Estate - Development,8037194752,,0.017,,26.19,11.15
2014-08-21 00:00:00+05:30,25.75,26.149999618530273,25.399999618530273,25.549999237060547,114709,0.0,0.0,PARSVNATH.NS,Parsvnath Developers Limited,Real Estate,Real Estate - Development,8037194752,,0.017,,26.19,11.15
2014-08-22 00:00:00+05:30,25.600000381469727,25.799999237060547,24.600000381469727,25.0,230633,0.0,0.0,PARSVNATH.NS,Parsvnath Developers Limited,Real Estate,Real Estate - Development,8037194752,,0.017,,26.19,11.15
2014-08-25 00:00:00+05:30,25.0,25.799999237060547,24.350000381469727,24.399999618530273,159891,0.0,0.0,PARSVNATH.NS,Parsvnath Developers Limited,Real Estate,Real Estate - Development,8037194752,,0.017,,26.19,11.15
2014-08-26 00:00:00+05:30,24.600000381469727,24.600000381469727,23.200000762939453,23.200000762939453,338398,0.0,0.0,PARSVNATH.NS,Parsvnath Developers Limited,Real Estate,Real Estate - Development,8037194752,,0.017,,26.19,11.15
2014-08-27 00:00:00+05:30,23.100000381469727,23.899999618530273,22.450000762939453,22.649999618530273,397184,0.0,0.0,PARSVNATH.NS,Parsvnath Developers Limited,Real Estate,Real Estate - Development,8037194752,,0.017,,26.19,11.15
2014-08-28 00:00:00+05:30,22.549999237060547,23.299999237060547,22.549999237060547,23.149999618530273,145514,0.0,0.0,PARSVNATH.NS,Parsvnath Developers Limited,Real Estate,Real Estate - Development,8037194752,,0.017,,26.19,11.15
2014-09-01 00:00:00+05:30,23.700000762939453,24.25,23.149999618530273,24.100000381469727,269937,0.0,0.0,PARSVNATH.NS,Parsvnath Developers Limited,Real Estate,Real Estate - Development,8037194752,,0.017,,26.19,11.15
2014-09-02 00:00:00+05:30,25.200000762939453,25.200000762939453,24.25,24.75,290036,0.0,0.0,PARSVNATH.NS,Parsvnath Developers Limited,Real Estate,Real Estate - Development,8037194752,,0.017,,26.19,11.15
2014-09-03 00:00:00+05:30,24.700000762939453,25.450000762939453,24.600000381469727,25.049999237060547,168817,0.0,0.0,PARSVNATH.NS,Parsvnath Developers Limited,Real Estate,Real Estate - Development,8037194752,,0.017,,26.19,11.15
2014-09-04 00:00:00+05:30,25.100000381469727,25.5,24.149999618530273,24.450000762939453,198457,0.0,0.0,PARSVNATH.NS,Parsvnath Developers Limited,Real Estate,Real Estate - Development,8037194752,,0.017,,26.19,11.15
2014-09-05 00:00:00+05:30,24.25,24.450000762939453,23.700000762939453,23.799999237060547,97410,0.0,0.0,PARSVNATH.NS,Parsvnath Developers Limited,Real Estate,Real Estate - Development,8037194752,,0.017,,26.19,11.15
2014-09-08 00:00:00+05:30,24.200000762939453,24.899999618530273,24.0,24.700000762939453,211078,0.0,0.0,PARSVNATH.NS,Parsvnath Developers Limited,Real Estate,Real Estate - Development,8037194752,,0.017,,26.19,11.15
2014-09-09 00:00:00+05:30,24.700000762939453,24.700000762939453,23.799999237060547,23.899999618530273,131982,0.0,0.0,PARSVNATH.NS,Parsvnath Developers Limited,Real Estate,Real Estate - Development,8037194752,,0.017,,26.19,11.15
2014-09-10 00:00:00+05:30,23.899999618530273,24.299999237060547,23.5,23.799999237060547,414916,0.0,0.0,PARSVNATH.NS,Parsvnath Developers Limited,Real Estate,Real Estate - Development,8037194752,,0.017,,26.19,11.15
2014-09-11 00:00:00+05:30,23.899999618530273,24.299999237060547,23.75,24.0,252895,0.0,0.0,PARSVNATH.NS,Parsvnath Developers Limited,Real Estate,Real Estate - Development,8037194752,,0.017,,26.19,11.15
2014-09-12 00:00:00+05:30,24.049999237060547,24.200000762939453,23.549999237060547,23.75,172014,0.0,0.0,PARSVNATH.NS,Parsvnath Developers Limited,Real Estate,Real Estate - Development,8037194752,,0.017,,26.19,11.15
2014-09-15 00:00:00+05:30,23.700000762939453,24.0,23.649999618530273,23.75,213182,0.0,0.0,PARSVNATH.NS,Parsvnath Developers Limited,Real Estate,Real Estate - Development,8037194752,,0.017,,26.19,11.15
2014-09-16 00:00:00+05:30,23.75,24.549999237060547,23.0,23.149999618530273,371810,0.0,0.0,PARSVNATH.NS,Parsvnath Developers Limited,Real Estate,Real Estate - Development,8037194752,,0.017,,26.19,11.15
2014-09-17 00:00:00+05:30,23.200000762939453,23.5,22.700000762939453,22.799999237060547,137773,0.0,0.0,PARSVNATH.NS,Parsvnath Developers Limited,Real Estate,Real Estate - Development,8037194752,,0.017,,26.19,11.15
2014-09-18 00:00:00+05:30,22.799999237060547,23.899999618530273,22.75,23.799999237060547,411301,0.0,0.0,PARSVNATH.NS,Parsvnath Developers Limited,Real Estate,Real Estate - Development,8037194752,,0.017,,26.19,11.15
2014-09-19 00:00:00+05:30,24.5,24.5,23.399999618530273,23.950000762939453,275233,0.0,0.0,PARSVNATH.NS,Parsvnath Developers Limited,Real Estate,Real Estate - Development,8037194752,,0.017,,26.19,11.15
2014-09-22 00:00:00+05:30,24.399999618530273,25.0,24.0,24.25,469719,0.0,0.0,PARSVNATH.NS,Parsvnath Developers Limited,Real Estate,Real Estate - Development,8037194752,,0.017,,26.19,11.15
2014-09-23 00:00:00+05:30,24.549999237060547,24.600000381469727,23.5,23.649999618530273,670646,0.0,0.0,PARSVNATH.NS,Parsvnath Developers Limited,Real Estate,Real Estate - Development,8037194752,,0.017,,26.19,11.15
2014-09-24 00:00:00+05:30,23.399999618530273,23.649999618530273,22.549999237060547,22.649999618530273,320647,0.0,0.0,PARSVNATH.NS,Parsvnath Developers Limited,Real Estate,Real Estate - Development,8037194752,,0.017,,26.19,11.15
2014-09-25 00:00:00+05:30,22.75,22.850000381469727,21.549999237060547,21.549999237060547,239146,0.0,0.0,PARSVNATH.NS,Parsvnath Developers Limited,Real Estate,Real Estate - Development,8037194752,,0.017,,26.19,11.15
2014-09-26 00:00:00+05:30,21.399999618530273,22.5,20.600000381469727,21.649999618530273,422717,0.0,0.0,PARSVNATH.NS,Parsvnath Developers Limited,Real Estate,Real Estate - Development,8037194752,,0.017,,26.19,11.15
2014-09-29 00:00:00+05:30,21.649999618530273,22.350000381469727,21.649999618530273,21.799999237060547,82236,0.0,0.0,PARSVNATH.NS,Parsvnath Developers Limited,Real Estate,Real Estate - Development,8037194752,,0.017,,26.19,11.15
2014-09-30 00:00:00+05:30,21.600000381469727,22.399999618530273,21.600000381469727,21.950000762939453,117972,0.0,0.0,PARSVNATH.NS,Parsvnath Developers Limited,Real Estate,Real Estate - Development,8037194752,,0.017,,26.19,11.15
2014-10-01 00:00:00+05:30,21.649999618530273,21.850000381469727,20.950000762939453,21.149999618530273,214716,0.0,0.0,PARSVNATH.NS,Parsvnath Developers Limited,Real Estate,Real Estate - Development,8037194752,,0.017,,26.19,11.15
2014-10-07 00:00:00+05:30,21.0,21.399999618530273,20.799999237060547,20.950000762939453,216049,0.0,0.0,PARSVNATH.NS,Parsvnath Developers Limited,Real Estate,Real Estate - Development,8037194752,,0.017,,26.19,11.15
2014-10-08 00:00:00+05:30,20.700000762939453,20.950000762939453,20.0,20.100000381469727,325094,0.0,0.0,PARSVNATH.NS,Parsvnath Developers Limited,Real Estate,Real Estate - Development,8037194752,,0.017,,26.19,11.15
2014-10-09 00:00:00+05:30,20.100000381469727,20.549999237060547,20.100000381469727,20.399999618530273,392374,0.0,0.0,PARSVNATH.NS,Parsvnath Developers Limited,Real Estate,Real Estate - Development,8037194752,,0.017,,26.19,11.15
2014-10-10 00:00:00+05:30,20.399999618530273,20.399999618530273,19.799999237060547,19.899999618530273,211037,0.0,0.0,PARSVNATH.NS,Parsvnath Developers Limited,Real Estate,Real Estate - Development,8037194752,,0.017,,26.19,11.15
2014-10-13 00:00:00+05:30,20.0,20.600000381469727,19.649999618530273,20.5,230386,0.0,0.0,PARSVNATH.NS,Parsvnath Developers Limited,Real Estate,Real Estate - Development,8037194752,,0.017,,26.19,11.15
2014-10-14 00:00:00+05:30,20.450000762939453,21.0,20.200000762939453,20.549999237060547,164177,0.0,0.0,PARSVNATH.NS,Parsvnath Developers Limited,Real Estate,Real Estate - Development,8037194752,,0.017,,26.19,11.15
2014-10-15 00:00:00+05:30,20.549999237060547,20.549999237060547,20.549999237060547,20.549999237060547,0,0.0,0.0,PARSVNATH.NS,Parsvnath Developers Limited,Real Estate,Real Estate - Development,8037194752,,0.017,,26.19,11.15
2014-10-16 00:00:00+05:30,20.399999618530273,20.649999618530273,19.799999237060547,20.049999237060547,334438,0.0,0.0,PARSVNATH.NS,Parsvnath Developers Limited,Real Estate,Real Estate - Development,8037194752,,0.017,,26.19,11.15
2014-10-17 00:00:00+05:30,19.850000381469727,20.299999237060547,19.700000762939453,20.149999618530273,82655,0.0,0.0,PARSVNATH.NS,Parsvnath Developers Limited,Real Estate,Real Estate - Development,8037194752,,0.017,,26.19,11.15
2014-10-20 00:00:00+05:30,20.100000381469727,20.450000762939453,19.799999237060547,19.950000762939453,84882,0.0,0.0,PARSVNATH.NS,Parsvnath Developers Limited,Real Estate,Real Estate - Development,8037194752,,0.017,,26.19,11.15
2014-10-21 00:00:00+05:30,19.799999237060547,20.149999618530273,19.700000762939453,19.799999237060547,68045,0.0,0.0,PARSVNATH.NS,Parsvnath Developers Limited,Real Estate,Real Estate - Development,8037194752,,0.017,,26.19,11.15
2014-10-22 00:00:00+05:30,19.850000381469727,20.200000762939453,19.850000381469727,19.950000762939453,79020,0.0,0.0,PARSVNATH.NS,Parsvnath Developers Limited,Real Estate,Real Estate - Development,8037194752,,0.017,,26.19,11.15
2014-10-27 00:00:00+05:30,20.5,20.5,20.049999237060547,20.100000381469727,76302,0.0,0.0,PARSVNATH.NS,Parsvnath Developers Limited,Real Estate,Real Estate - Development,8037194752,,0.017,,26.19,11.15
2014-10-28 00:00:00+05:30,20.0,20.200000762939453,19.75,19.850000381469727,104351,0.0,0.0,PARSVNATH.NS,Parsvnath Developers Limited,Real Estate,Real Estate - Development,8037194752,,0.017,,26.19,11.15
2014-10-29 00:00:00+05:30,19.700000762939453,20.100000381469727,19.700000762939453,20.0,122081,0.0,0.0,PARSVNATH.NS,Parsvnath Developers Limited,Real Estate,Real Estate - Development,8037194752,,0.017,,26.19,11.15
2014-10-30 00:00:00+05:30,20.350000381469727,21.0,20.149999618530273,20.350000381469727,856233,0.0,0.0,PARSVNATH.NS,Parsvnath Developers Limited,Real Estate,Real Estate - Development,8037194752,,0.017,,26.19,11.15
2014-10-31 00:00:00+05:30,20.350000381469727,20.899999618530273,20.25,20.299999237060547,447412,0.0,0.0,PARSVNATH.NS,Parsvnath Developers Limited,Real Estate,Real Estate - Development,8037194752,,0.017,,26.19,11.15
2014-11-03 00:00:00+05:30,20.299999237060547,21.299999237060547,20.25,21.200000762939453,472394,0.0,0.0,PARSVNATH.NS,Parsvnath Developers Limited,Real Estate,Real Estate - Development,8037194752,,0.017,,26.19,11.15
2014-11-05 00:00:00+05:30,21.399999618530273,21.850000381469727,20.850000381469727,21.0,714911,0.0,0.0,PARSVNATH.NS,Parsvnath Developers Limited,Real Estate,Real Estate - Development,8037194752,,0.017,,26.19,11.15
2014-11-07 00:00:00+05:30,21.100000381469727,21.149999618530273,20.700000762939453,20.75,153182,0.0,0.0,PARSVNATH.NS,Parsvnath Developers Limited,Real Estate,Real Estate - Development,8037194752,,0.017,,26.19,11.15
2014-11-10 00:00:00+05:30,21.75,21.75,19.75,19.75,1098032,0.0,0.0,PARSVNATH.NS,Parsvnath Developers Limited,Real Estate,Real Estate - Development,8037194752,,0.017,,26.19,11.15
2014-11-11 00:00:00+05:30,19.850000381469727,20.200000762939453,18.799999237060547,19.299999237060547,785052,0.0,0.0,PARSVNATH.NS,Parsvnath Developers Limited,Real Estate,Real Estate - Development,8037194752,,0.017,,26.19,11.15
2014-11-12 00:00:00+05:30,19.100000381469727,20.0,18.850000381469727,19.25,396667,0.0,0.0,PARSVNATH.NS,Parsvnath Developers Limited,Real Estate,Real Estate - Development,8037194752,,0.017,,26.19,11.15
2014-11-13 00:00:00+05:30,19.149999618530273,19.399999618530273,18.899999618530273,19.0,244256,0.0,0.0,PARSVNATH.NS,Parsvnath Developers Limited,Real Estate,Real Estate - Development,8037194752,,0.017,,26.19,11.15
2014-11-14 00:00:00+05:30,18.799999237060547,19.200000762939453,18.799999237060547,18.950000762939453,210058,0.0,0.0,PARSVNATH.NS,Parsvnath Developers Limited,Real Estate,Real Estate - Development,8037194752,,0.017,,26.19,11.15
2014-11-17 00:00:00+05:30,19.299999237060547,19.600000381469727,19.100000381469727,19.450000762939453,340809,0.0,0.0,PARSVNATH.NS,Parsvnath Developers Limited,Real Estate,Real Estate - Development,8037194752,,0.017,,26.19,11.15
2014-11-18 00:00:00+05:30,19.299999237060547,19.700000762939453,19.149999618530273,19.200000762939453,247065,0.0,0.0,PARSVNATH.NS,Parsvnath Developers Limited,Real Estate,Real Estate - Development,8037194752,,0.017,,26.19,11.15
2014-11-19 00:00:00+05:30,19.100000381469727,19.450000762939453,18.899999618530273,18.950000762939453,261650,0.0,0.0,PARSVNATH.NS,Parsvnath Developers Limited,Real Estate,Real Estate - Development,8037194752,,0.017,,26.19,11.15
2014-11-20 00:00:00+05:30,18.799999237060547,19.100000381469727,18.549999237060547,18.799999237060547,319190,0.0,0.0,PARSVNATH.NS,Parsvnath Developers Limited,Real Estate,Real Estate - Development,8037194752,,0.017,,26.19,11.15
2014-11-21 00:00:00+05:30,18.600000381469727,19.049999237060547,18.5,18.549999237060547,962630,0.0,0.0,PARSVNATH.NS,Parsvnath Developers Limited,Real Estate,Real Estate - Development,8037194752,,0.017,,26.19,11.15
2014-11-24 00:00:00+05:30,18.5,19.0,18.5,18.700000762939453,300579,0.0,0.0,PARSVNATH.NS,Parsvnath Developers Limited,Real Estate,Real Estate - Development,8037194752,,0.017,,26.19,11.15
2014-11-25 00:00:00+05:30,18.600000381469727,18.75,18.149999618530273,18.350000381469727,363081,0.0,0.0,PARSVNATH.NS,Parsvnath Developers Limited,Real Estate,Real Estate - Development,8037194752,,0.017,,26.19,11.15
2014-11-26 00:00:00+05:30,18.25,18.450000762939453,18.100000381469727,18.200000762939453,337319,0.0,0.0,PARSVNATH.NS,Parsvnath Developers Limited,Real Estate,Real Estate - Development,8037194752,,0.017,,26.19,11.15
2014-11-27 00:00:00+05:30,18.0,18.899999618530273,18.0,18.549999237060547,182682,0.0,0.0,PARSVNATH.NS,Parsvnath Developers Limited,Real Estate,Real Estate - Development,8037194752,,0.017,,26.19,11.15
2014-11-28 00:00:00+05:30,18.399999618530273,19.049999237060547,18.399999618530273,18.899999618530273,293770,0.0,0.0,PARSVNATH.NS,Parsvnath Developers Limited,Real Estate,Real Estate - Development,8037194752,,0.017,,26.19,11.15
2014-12-01 00:00:00+05:30,18.799999237060547,19.5,18.799999237060547,19.049999237060547,305351,0.0,0.0,PARSVNATH.NS,Parsvnath Developers Limited,Real Estate,Real Estate - Development,8037194752,,0.017,,26.19,11.15
2014-12-02 00:00:00+05:30,18.899999618530273,19.100000381469727,18.75,18.75,177832,0.0,0.0,PARSVNATH.NS,Parsvnath Developers Limited,Real Estate,Real Estate - Development,8037194752,,0.017,,26.19,11.15
2014-12-03 00:00:00+05:30,18.600000381469727,19.299999237060547,18.600000381469727,18.950000762939453,136957,0.0,0.0,PARSVNATH.NS,Parsvnath Developers Limited,Real Estate,Real Estate - Development,8037194752,,0.017,,26.19,11.15
2014-12-04 00:00:00+05:30,19.299999237060547,19.700000762939453,18.700000762939453,19.399999618530273,420774,0.0,0.0,PARSVNATH.NS,Parsvnath Developers Limited,Real Estate,Real Estate - Development,8037194752,,0.017,,26.19,11.15
2014-12-05 00:00:00+05:30,19.5,19.700000762939453,19.100000381469727,19.200000762939453,324142,0.0,0.0,PARSVNATH.NS,Parsvnath Developers Limited,Real Estate,Real Estate - Development,8037194752,,0.017,,26.19,11.15
2014-12-08 00:00:00+05:30,19.100000381469727,19.149999618530273,18.450000762939453,18.799999237060547,249406,0.0,0.0,PARSVNATH.NS,Parsvnath Developers Limited,Real Estate,Real Estate - Development,8037194752,,0.017,,26.19,11.15
2014-12-09 00:00:00+05:30,18.600000381469727,18.75,18.299999237060547,18.350000381469727,103505,0.0,0.0,PARSVNATH.NS,Parsvnath Developers Limited,Real Estate,Real Estate - Development,8037194752,,0.017,,26.19,11.15
2014-12-10 00:00:00+05:30,18.200000762939453,18.399999618530273,18.149999618530273,18.200000762939453,112320,0.0,0.0,PARSVNATH.NS,Parsvnath Developers Limited,Real Estate,Real Estate - Development,8037194752,,0.017,,26.19,11.15
2014-12-11 00:00:00+05:30,18.25,18.600000381469727,18.049999237060547,18.450000762939453,237768,0.0,0.0,PARSVNATH.NS,Parsvnath Developers Limited,Real Estate,Real Estate - Development,8037194752,,0.017,,26.19,11.15
2014-12-12 00:00:00+05:30,18.299999237060547,18.5,18.100000381469727,18.25,137308,0.0,0.0,PARSVNATH.NS,Parsvnath Developers Limited,Real Estate,Real Estate - Development,8037194752,,0.017,,26.19,11.15
2014-12-15 00:00:00+05:30,18.0,18.299999237060547,17.350000381469727,18.049999237060547,304342,0.0,0.0,PARSVNATH.NS,Parsvnath Developers Limited,Real Estate,Real Estate - Development,8037194752,,0.017,,26.19,11.15
2014-12-16 00:00:00+05:30,17.850000381469727,17.899999618530273,16.549999237060547,17.0,301029,0.0,0.0,PARSVNATH.NS,Parsvnath Developers Limited,Real Estate,Real Estate - Development,8037194752,,0.017,,26.19,11.15
2014-12-17 00:00:00+05:30,16.799999237060547,16.950000762939453,16.350000381469727,16.5,227124,0.0,0.0,PARSVNATH.NS,Parsvnath Developers Limited,Real Estate,Real Estate - Development,8037194752,,0.017,,26.19,11.15
2014-12-18 00:00:00+05:30,16.700000762939453,17.0,16.700000762939453,16.950000762939453,212821,0.0,0.0,PARSVNATH.NS,Parsvnath Developers Limited,Real Estate,Real Estate - Development,8037194752,,0.017,,26.19,11.15
2014-12-19 00:00:00+05:30,16.850000381469727,17.350000381469727,15.850000381469727,16.149999618530273,493134,0.0,0.0,PARSVNATH.NS,Parsvnath Developers Limited,Real Estate,Real Estate - Development,8037194752,,0.017,,26.19,11.15
2014-12-22 00:00:00+05:30,16.0,16.25,15.75,16.100000381469727,167386,0.0,0.0,PARSVNATH.NS,Parsvnath Developers Limited,Real Estate,Real Estate - Development,8037194752,,0.017,,26.19,11.15
2014-12-23 00:00:00+05:30,15.899999618530273,16.350000381469727,15.899999618530273,16.149999618530273,350745,0.0,0.0,PARSVNATH.NS,Parsvnath Developers Limited,Real Estate,Real Estate - Development,8037194752,,0.017,,26.19,11.15
2014-12-24 00:00:00+05:30,16.0,16.299999237060547,16.0,16.200000762939453,158993,0.0,0.0,PARSVNATH.NS,Parsvnath Developers Limited,Real Estate,Real Estate - Development,8037194752,,0.017,,26.19,11.15
2014-12-26 00:00:00+05:30,16.149999618530273,16.649999618530273,16.149999618530273,16.450000762939453,280601,0.0,0.0,PARSVNATH.NS,Parsvnath Developers Limited,Real Estate,Real Estate - Development,8037194752,,0.017,,26.19,11.15
2014-12-29 00:00:00+05:30,16.649999618530273,16.899999618530273,16.399999618530273,16.75,206771,0.0,0.0,PARSVNATH.NS,Parsvnath Developers Limited,Real Estate,Real Estate - Development,8037194752,,0.017,,26.19,11.15
2014-12-30 00:00:00+05:30,16.799999237060547,17.200000762939453,16.75,17.0,202044,0.0,0.0,PARSVNATH.NS,Parsvnath Developers Limited,Real Estate,Real Estate - Development,8037194752,,0.017,,26.19,11.15
2014-12-31 00:00:00+05:30,17.0,17.200000762939453,16.600000381469727,16.799999237060547,156630,0.0,0.0,PARSVNATH.NS,Parsvnath Developers Limited,Real Estate,Real Estate - Development,8037194752,,0.017,,26.19,11.15
2015-01-01 00:00:00+05:30,16.75,17.0,16.649999618530273,16.899999618530273,119545,0.0,0.0,PARSVNATH.NS,Parsvnath Developers Limited,Real Estate,Real Estate - Development,8037194752,,0.017,,26.19,11.15
2015-01-02 00:00:00+05:30,17.100000381469727,19.600000381469727,17.0,18.75,734044,0.0,0.0,PARSVNATH.NS,Parsvnath Developers Limited,Real Estate,Real Estate - Development,8037194752,,0.017,,26.19,11.15
2015-01-05 00:00:00+05:30,18.899999618530273,19.399999618530273,18.649999618530273,18.950000762939453,313449,0.0,0.0,PARSVNATH.NS,Parsvnath Developers Limited,Real Estate,Real Estate - Development,8037194752,,0.017,,26.19,11.15
2015-01-06 00:00:00+05:30,18.75,18.75,17.5,17.75,287776,0.0,0.0,PARSVNATH.NS,Parsvnath Developers Limited,Real Estate,Real Estate - Development,8037194752,,0.017,,26.19,11.15
2015-01-07 00:00:00+05:30,17.600000381469727,17.950000762939453,14.199999809265137,15.399999618530273,8077188,0.0,0.0,PARSVNATH.NS,Parsvnath Developers Limited,Real Estate,Real Estate - Development,8037194752,,0.017,,26.19,11.15
2015-01-08 00:00:00+05:30,16.0,17.5,15.649999618530273,17.100000381469727,1419302,0.0,0.0,PARSVNATH.NS,Parsvnath Developers Limited,Real Estate,Real Estate - Development,8037194752,,0.017,,26.19,11.15
2015-01-09 00:00:00+05:30,17.350000381469727,18.149999618530273,16.649999618530273,17.850000381469727,1100522,0.0,0.0,PARSVNATH.NS,Parsvnath Developers Limited,Real Estate,Real Estate - Development,8037194752,,0.017,,26.19,11.15
2015-01-12 00:00:00+05:30,17.5,18.700000762939453,17.5,18.450000762939453,573967,0.0,0.0,PARSVNATH.NS,Parsvnath Developers Limited,Real Estate,Real Estate - Development,8037194752,,0.017,,26.19,11.15
2015-01-13 00:00:00+05:30,18.850000381469727,18.850000381469727,17.799999237060547,18.399999618530273,508843,0.0,0.0,PARSVNATH.NS,Parsvnath Developers Limited,Real Estate,Real Estate - Development,8037194752,,0.017,,26.19,11.15
2015-01-14 00:00:00+05:30,18.299999237060547,18.350000381469727,17.399999618530273,18.0,401219,0.0,0.0,PARSVNATH.NS,Parsvnath Developers Limited,Real Estate,Real Estate - Development,8037194752,,0.017,,26.19,11.15
2015-01-15 00:00:00+05:30,18.100000381469727,18.75,17.899999618530273,18.049999237060547,933354,0.0,0.0,PARSVNATH.NS,Parsvnath Developers Limited,Real Estate,Real Estate - Development,8037194752,,0.017,,26.19,11.15
2015-01-16 00:00:00+05:30,18.049999237060547,18.649999618530273,17.649999618530273,17.899999618530273,674819,0.0,0.0,PARSVNATH.NS,Parsvnath Developers Limited,Real Estate,Real Estate - Development,8037194752,,0.017,,26.19,11.15
2015-01-19 00:00:00+05:30,18.0,19.850000381469727,17.950000762939453,18.700000762939453,3122232,0.0,0.0,PARSVNATH.NS,Parsvnath Developers Limited,Real Estate,Real Estate - Development,8037194752,,0.017,,26.19,11.15
2015-01-20 00:00:00+05:30,19.0,19.149999618530273,18.200000762939453,18.299999237060547,345435,0.0,0.0,PARSVNATH.NS,Parsvnath Developers Limited,Real Estate,Real Estate - Development,8037194752,,0.017,,26.19,11.15
2015-01-21 00:00:00+05:30,18.299999237060547,18.5,17.600000381469727,17.75,363175,0.0,0.0,PARSVNATH.NS,Parsvnath Developers Limited,Real Estate,Real Estate - Development,8037194752,,0.017,,26.19,11.15
2015-01-22 00:00:00+05:30,18.049999237060547,18.25,17.600000381469727,17.75,413616,0.0,0.0,PARSVNATH.NS,Parsvnath Developers Limited,Real Estate,Real Estate - Development,8037194752,,0.017,,26.19,11.15
2015-01-23 00:00:00+05:30,17.899999618530273,18.0,17.299999237060547,17.5,347353,0.0,0.0,PARSVNATH.NS,Parsvnath Developers Limited,Real Estate,Real Estate - Development,8037194752,,0.017,,26.19,11.15
2015-01-27 00:00:00+05:30,17.399999618530273,17.75,16.950000762939453,17.100000381469727,297952,0.0,0.0,PARSVNATH.NS,Parsvnath Developers Limited,Real Estate,Real Estate - Development,8037194752,,0.017,,26.19,11.15
2015-01-28 00:00:00+05:30,17.200000762939453,17.450000762939453,16.899999618530273,17.0,185623,0.0,0.0,PARSVNATH.NS,Parsvnath Developers Limited,Real Estate,Real Estate - Development,8037194752,,0.017,,26.19,11.15
2015-01-29 00:00:00+05:30,17.200000762939453,17.850000381469727,17.049999237060547,17.5,558099,0.0,0.0,PARSVNATH.NS,Parsvnath Developers Limited,Real Estate,Real Estate - Development,8037194752,,0.017,,26.19,11.15
2015-01-30 00:00:00+05:30,17.700000762939453,18.600000381469727,17.549999237060547,18.0,721910,0.0,0.0,PARSVNATH.NS,Parsvnath Developers Limited,Real Estate,Real Estate - Development,8037194752,,0.017,,26.19,11.15
2015-02-02 00:00:00+05:30,18.0,18.75,18.0,18.399999618530273,318004,0.0,0.0,PARSVNATH.NS,Parsvnath Developers Limited,Real Estate,Real Estate - Development,8037194752,,0.017,,26.19,11.15
2015-02-03 00:00:00+05:30,18.350000381469727,18.600000381469727,17.899999618530273,18.149999618530273,238693,0.0,0.0,PARSVNATH.NS,Parsvnath Developers Limited,Real Estate,Real Estate - Development,8037194752,,0.017,,26.19,11.15
2015-02-04 00:00:00+05:30,18.299999237060547,18.700000762939453,18.049999237060547,18.450000762939453,319378,0.0,0.0,PARSVNATH.NS,Parsvnath Developers Limited,Real Estate,Real Estate - Development,8037194752,,0.017,,26.19,11.15
2015-02-05 00:00:00+05:30,19.950000762939453,19.950000762939453,18.049999237060547,18.399999618530273,806890,0.0,0.0,PARSVNATH.NS,Parsvnath Developers Limited,Real Estate,Real Estate - Development,8037194752,,0.017,,26.19,11.15
2015-02-06 00:00:00+05:30,18.200000762939453,19.549999237060547,17.850000381469727,19.149999618530273,1010133,0.0,0.0,PARSVNATH.NS,Parsvnath Developers Limited,Real Estate,Real Estate - Development,8037194752,,0.017,,26.19,11.15
2015-02-09 00:00:00+05:30,19.149999618530273,19.399999618530273,18.799999237060547,19.149999618530273,691049,0.0,0.0,PARSVNATH.NS,Parsvnath Developers Limited,Real Estate,Real Estate - Development,8037194752,,0.017,,26.19,11.15
2015-02-10 00:00:00+05:30,18.799999237060547,19.600000381469727,18.799999237060547,19.25,688616,0.0,0.0,PARSVNATH.NS,Parsvnath Developers Limited,Real Estate,Real Estate - Development,8037194752,,0.017,,26.19,11.15
2015-02-11 00:00:00+05:30,19.299999237060547,19.549999237060547,19.049999237060547,19.200000762939453,185491,0.0,0.0,PARSVNATH.NS,Parsvnath Developers Limited,Real Estate,Real Estate - Development,8037194752,,0.017,,26.19,11.15
2015-02-12 00:00:00+05:30,19.100000381469727,19.299999237060547,19.0,19.200000762939453,298721,0.0,0.0,PARSVNATH.NS,Parsvnath Developers Limited,Real Estate,Real Estate - Development,8037194752,,0.017,,26.19,11.15
2015-02-13 00:00:00+05:30,19.350000381469727,19.399999618530273,19.049999237060547,19.149999618530273,242558,0.0,0.0,PARSVNATH.NS,Parsvnath Developers Limited,Real Estate,Real Estate - Development,8037194752,,0.017,,26.19,11.15
2015-02-16 00:00:00+05:30,19.700000762939453,21.25,19.700000762939453,20.5,937771,0.0,0.0,PARSVNATH.NS,Parsvnath Developers Limited,Real Estate,Real Estate - Development,8037194752,,0.017,,26.19,11.15
2015-02-18 00:00:00+05:30,20.549999237060547,24.600000381469727,20.549999237060547,24.350000381469727,2172621,0.0,0.0,PARSVNATH.NS,Parsvnath Developers Limited,Real Estate,Real Estate - Development,8037194752,,0.017,,26.19,11.15
2015-02-19 00:00:00+05:30,24.299999237060547,24.799999237060547,22.799999237060547,24.25,1254094,0.0,0.0,PARSVNATH.NS,Parsvnath Developers Limited,Real Estate,Real Estate - Development,8037194752,,0.017,,26.19,11.15
2015-02-20 00:00:00+05:30,24.0,24.899999618530273,23.399999618530273,24.399999618530273,654442,0.0,0.0,PARSVNATH.NS,Parsvnath Developers Limited,Real Estate,Real Estate - Development,8037194752,,0.017,,26.19,11.15
2015-02-23 00:00:00+05:30,25.0,25.5,24.0,24.600000381469727,746192,0.0,0.0,PARSVNATH.NS,Parsvnath Developers Limited,Real Estate,Real Estate - Development,8037194752,,0.017,,26.19,11.15
2015-02-24 00:00:00+05:30,25.299999237060547,26.450000762939453,24.0,25.700000762939453,1084358,0.0,0.0,PARSVNATH.NS,Parsvnath Developers Limited,Real Estate,Real Estate - Development,8037194752,,0.017,,26.19,11.15
2015-02-25 00:00:00+05:30,26.0,26.75,25.25,26.399999618530273,1190282,0.0,0.0,PARSVNATH.NS,Parsvnath Developers Limited,Real Estate,Real Estate - Development,8037194752,,0.017,,26.19,11.15
2015-02-26 00:00:00+05:30,26.399999618530273,26.600000381469727,25.299999237060547,25.549999237060547,433492,0.0,0.0,PARSVNATH.NS,Parsvnath Developers Limited,Real Estate,Real Estate - Development,8037194752,,0.017,,26.19,11.15
2015-02-27 00:00:00+05:30,25.549999237060547,26.5,25.25,26.25,628209,0.0,0.0,PARSVNATH.NS,Parsvnath Developers Limited,Real Estate,Real Estate - Development,8037194752,,0.017,,26.19,11.15
2015-03-02 00:00:00+05:30,26.0,26.5,24.5,24.75,383602,0.0,0.0,PARSVNATH.NS,Parsvnath Developers Limited,Real Estate,Real Estate - Development,8037194752,,0.017,,26.19,11.15
2015-03-03 00:00:00+05:30,24.75,24.799999237060547,24.049999237060547,24.149999618530273,368089,0.0,0.0,PARSVNATH.NS,Parsvnath Developers Limited,Real Estate,Real Estate - Development,8037194752,,0.017,,26.19,11.15
2015-03-04 00:00:00+05:30,24.600000381469727,25.200000762939453,23.299999237060547,23.700000762939453,282873,0.0,0.0,PARSVNATH.NS,Parsvnath Developers Limited,Real Estate,Real Estate - Development,8037194752,,0.017,,26.19,11.15
2015-03-05 00:00:00+05:30,23.950000762939453,23.950000762939453,22.649999618530273,22.950000762939453,242557,0.0,0.0,PARSVNATH.NS,Parsvnath Developers Limited,Real Estate,Real Estate - Development,8037194752,,0.017,,26.19,11.15
2015-03-09 00:00:00+05:30,22.75,22.799999237060547,21.75,22.0,211298,0.0,0.0,PARSVNATH.NS,Parsvnath Developers Limited,Real Estate,Real Estate - Development,8037194752,,0.017,,26.19,11.15
2015-03-10 00:00:00+05:30,22.200000762939453,23.5,22.0,23.100000381469727,545382,0.0,0.0,PARSVNATH.NS,Parsvnath Developers Limited,Real Estate,Real Estate - Development,8037194752,,0.017,,26.19,11.15
2015-03-11 00:00:00+05:30,23.100000381469727,24.100000381469727,22.450000762939453,23.549999237060547,298435,0.0,0.0,PARSVNATH.NS,Parsvnath Developers Limited,Real Estate,Real Estate - Development,8037194752,,0.017,,26.19,11.15
2015-03-12 00:00:00+05:30,23.5,23.899999618530273,22.75,23.0,177364,0.0,0.0,PARSVNATH.NS,Parsvnath Developers Limited,Real Estate,Real Estate - Development,8037194752,,0.017,,26.19,11.15
2015-03-13 00:00:00+05:30,23.0,23.700000762939453,22.25,22.899999618530273,280380,0.0,0.0,PARSVNATH.NS,Parsvnath Developers Limited,Real Estate,Real Estate - Development,8037194752,,0.017,,26.19,11.15
2015-03-16 00:00:00+05:30,22.100000381469727,23.75,21.649999618530273,22.850000381469727,311511,0.0,0.0,PARSVNATH.NS,Parsvnath Developers Limited,Real Estate,Real Estate - Development,8037194752,,0.017,,26.19,11.15
2015-03-17 00:00:00+05:30,23.25,23.600000381469727,22.399999618530273,23.049999237060547,488992,0.0,0.0,PARSVNATH.NS,Parsvnath Developers Limited,Real Estate,Real Estate - Development,8037194752,,0.017,,26.19,11.15
2015-03-18 00:00:00+05:30,23.0,23.100000381469727,22.25,22.450000762939453,159307,0.0,0.0,PARSVNATH.NS,Parsvnath Developers Limited,Real Estate,Real Estate - Development,8037194752,,0.017,,26.19,11.15
2015-03-19 00:00:00+05:30,22.75,22.75,21.299999237060547,21.600000381469727,412062,0.0,0.0,PARSVNATH.NS,Parsvnath Developers Limited,Real Estate,Real Estate - Development,8037194752,,0.017,,26.19,11.15
2015-03-20 00:00:00+05:30,21.350000381469727,21.5,19.049999237060547,19.200000762939453,1534983,0.0,0.0,PARSVNATH.NS,Parsvnath Developers Limited,Real Estate,Real Estate - Development,8037194752,,0.017,,26.19,11.15
2015-03-23 00:00:00+05:30,19.850000381469727,20.25,19.100000381469727,19.5,205272,0.0,0.0,PARSVNATH.NS,Parsvnath Developers Limited,Real Estate,Real Estate - Development,8037194752,,0.017,,26.19,11.15
2015-03-24 00:00:00+05:30,19.75,20.0,18.799999237060547,19.049999237060547,147976,0.0,0.0,PARSVNATH.NS,Parsvnath Developers Limited,Real Estate,Real Estate - Development,8037194752,,0.017,,26.19,11.15
2015-03-25 00:00:00+05:30,19.0,19.399999618530273,18.049999237060547,18.25,213919,0.0,0.0,PARSVNATH.NS,Parsvnath Developers Limited,Real Estate,Real Estate - Development,8037194752,,0.017,,26.19,11.15
2015-03-26 00:00:00+05:30,17.899999618530273,19.5,17.899999618530273,18.950000762939453,544465,0.0,0.0,PARSVNATH.NS,Parsvnath Developers Limited,Real Estate,Real Estate - Development,8037194752,,0.017,,26.19,11.15
2015-03-27 00:00:00+05:30,18.75,19.399999618530273,18.25,19.0,285029,0.0,0.0,PARSVNATH.NS,Parsvnath Developers Limited,Real Estate,Real Estate - Development,8037194752,,0.017,,26.19,11.15
2015-03-30 00:00:00+05:30,19.100000381469727,20.100000381469727,18.5,18.799999237060547,237765,0.0,0.0,PARSVNATH.NS,Parsvnath Developers Limited,Real Estate,Real Estate - Development,8037194752,,0.017,,26.19,11.15
2015-03-31 00:00:00+05:30,19.200000762939453,19.299999237060547,18.299999237060547,18.549999237060547,196442,0.0,0.0,PARSVNATH.NS,Parsvnath Developers Limited,Real Estate,Real Estate - Development,8037194752,,0.017,,26.19,11.15
2015-04-01 00:00:00+05:30,18.899999618530273,19.5,18.549999237060547,18.899999618530273,222761,0.0,0.0,PARSVNATH.NS,Parsvnath Developers Limited,Real Estate,Real Estate - Development,8037194752,,0.017,,26.19,11.15
2015-04-06 00:00:00+05:30,19.0,20.149999618530273,18.899999618530273,19.700000762939453,404867,0.0,0.0,PARSVNATH.NS,Parsvnath Developers Limited,Real Estate,Real Estate - Development,8037194752,,0.017,,26.19,11.15
2015-04-07 00:00:00+05:30,19.850000381469727,20.100000381469727,19.5,19.799999237060547,400740,0.0,0.0,PARSVNATH.NS,Parsvnath Developers Limited,Real Estate,Real Estate - Development,8037194752,,0.017,,26.19,11.15
2015-04-08 00:00:00+05:30,19.799999237060547,20.700000762939453,19.649999618530273,20.149999618530273,586066,0.0,0.0,PARSVNATH.NS,Parsvnath Developers Limited,Real Estate,Real Estate - Development,8037194752,,0.017,,26.19,11.15
2015-04-09 00:00:00+05:30,20.350000381469727,20.799999237060547,20.0,20.649999618530273,239875,0.0,0.0,PARSVNATH.NS,Parsvnath Developers Limited,Real Estate,Real Estate - Development,8037194752,,0.017,,26.19,11.15
2015-04-10 00:00:00+05:30,21.100000381469727,21.600000381469727,20.299999237060547,21.100000381469727,369696,0.0,0.0,PARSVNATH.NS,Parsvnath Developers Limited,Real Estate,Real Estate - Development,8037194752,,0.017,,26.19,11.15
2015-04-13 00:00:00+05:30,21.350000381469727,22.75,21.200000762939453,22.25,385853,0.0,0.0,PARSVNATH.NS,Parsvnath Developers Limited,Real Estate,Real Estate - Development,8037194752,,0.017,,26.19,11.15
2015-04-15 00:00:00+05:30,22.350000381469727,23.149999618530273,21.600000381469727,22.049999237060547,252242,0.0,0.0,PARSVNATH.NS,Parsvnath Developers Limited,Real Estate,Real Estate - Development,8037194752,,0.017,,26.19,11.15
2015-04-16 00:00:00+05:30,22.149999618530273,23.0,21.850000381469727,22.899999618530273,487668,0.0,0.0,PARSVNATH.NS,Parsvnath Developers Limited,Real Estate,Real Estate - Development,8037194752,,0.017,,26.19,11.15
2015-04-17 00:00:00+05:30,22.950000762939453,23.5,22.450000762939453,23.149999618530273,388197,0.0,0.0,PARSVNATH.NS,Parsvnath Developers Limited,Real Estate,Real Estate - Development,8037194752,,0.017,,26.19,11.15
2015-04-20 00:00:00+05:30,23.0,23.399999618530273,22.350000381469727,23.049999237060547,238565,0.0,0.0,PARSVNATH.NS,Parsvnath Developers Limited,Real Estate,Real Estate - Development,8037194752,,0.017,,26.19,11.15
2015-04-21 00:00:00+05:30,22.799999237060547,23.299999237060547,22.600000381469727,23.100000381469727,203916,0.0,0.0,PARSVNATH.NS,Parsvnath Developers Limited,Real Estate,Real Estate - Development,8037194752,,0.017,,26.19,11.15
2015-04-22 00:00:00+05:30,22.899999618530273,23.350000381469727,22.649999618530273,23.049999237060547,118882,0.0,0.0,PARSVNATH.NS,Parsvnath Developers Limited,Real Estate,Real Estate - Development,8037194752,,0.017,,26.19,11.15
2015-04-23 00:00:00+05:30,22.600000381469727,23.5,22.399999618530273,22.700000762939453,90797,0.0,0.0,PARSVNATH.NS,Parsvnath Developers Limited,Real Estate,Real Estate - Development,8037194752,,0.017,,26.19,11.15
2015-04-24 00:00:00+05:30,22.549999237060547,22.700000762939453,21.450000762939453,21.600000381469727,101252,0.0,0.0,PARSVNATH.NS,Parsvnath Developers Limited,Real Estate,Real Estate - Development,8037194752,,0.017,,26.19,11.15
2015-04-27 00:00:00+05:30,21.700000762939453,21.899999618530273,20.0,20.950000762939453,246554,0.0,0.0,PARSVNATH.NS,Parsvnath Developers Limited,Real Estate,Real Estate - Development,8037194752,,0.017,,26.19,11.15
2015-04-28 00:00:00+05:30,20.799999237060547,21.25,20.049999237060547,20.799999237060547,148192,0.0,0.0,PARSVNATH.NS,Parsvnath Developers Limited,Real Estate,Real Estate - Development,8037194752,,0.017,,26.19,11.15
2015-04-29 00:00:00+05:30,21.299999237060547,21.299999237060547,20.450000762939453,20.700000762939453,46481,0.0,0.0,PARSVNATH.NS,Parsvnath Developers Limited,Real Estate,Real Estate - Development,8037194752,,0.017,,26.19,11.15
2015-04-30 00:00:00+05:30,20.5,21.25,20.299999237060547,20.899999618530273,103657,0.0,0.0,PARSVNATH.NS,Parsvnath Developers Limited,Real Estate,Real Estate - Development,8037194752,,0.017,,26.19,11.15
2015-05-04 00:00:00+05:30,20.899999618530273,21.350000381469727,20.600000381469727,20.950000762939453,106654,0.0,0.0,PARSVNATH.NS,Parsvnath Developers Limited,Real Estate,Real Estate - Development,8037194752,,0.017,,26.19,11.15
2015-05-05 00:00:00+05:30,20.700000762939453,21.450000762939453,20.700000762939453,21.100000381469727,172506,0.0,0.0,PARSVNATH.NS,Parsvnath Developers Limited,Real Estate,Real Estate - Development,8037194752,,0.017,,26.19,11.15
2015-05-06 00:00:00+05:30,20.799999237060547,21.0,19.799999237060547,20.350000381469727,194048,0.0,0.0,PARSVNATH.NS,Parsvnath Developers Limited,Real Estate,Real Estate - Development,8037194752,,0.017,,26.19,11.15
2015-05-07 00:00:00+05:30,20.100000381469727,20.25,19.299999237060547,19.5,75244,0.0,0.0,PARSVNATH.NS,Parsvnath Developers Limited,Real Estate,Real Estate - Development,8037194752,,0.017,,26.19,11.15
2015-05-08 00:00:00+05:30,19.700000762939453,20.75,18.149999618530273,20.399999618530273,1198086,0.0,0.0,PARSVNATH.NS,Parsvnath Developers Limited,Real Estate,Real Estate - Development,8037194752,,0.017,,26.19,11.15
2015-05-11 00:00:00+05:30,20.25,20.950000762939453,19.75,20.5,170249,0.0,0.0,PARSVNATH.NS,Parsvnath Developers Limited,Real Estate,Real Estate - Development,8037194752,,0.017,,26.19,11.15
2015-05-12 00:00:00+05:30,20.149999618530273,20.649999618530273,19.75,20.399999618530273,153371,0.0,0.0,PARSVNATH.NS,Parsvnath Developers Limited,Real Estate,Real Estate - Development,8037194752,,0.017,,26.19,11.15
2015-05-13 00:00:00+05:30,19.700000762939453,20.600000381469727,19.700000762939453,20.450000762939453,134524,0.0,0.0,PARSVNATH.NS,Parsvnath Developers Limited,Real Estate,Real Estate - Development,8037194752,,0.017,,26.19,11.15
2015-05-14 00:00:00+05:30,20.100000381469727,20.450000762939453,19.75,20.299999237060547,86617,0.0,0.0,PARSVNATH.NS,Parsvnath Developers Limited,Real Estate,Real Estate - Development,8037194752,,0.017,,26.19,11.15
2015-05-15 00:00:00+05:30,20.450000762939453,21.100000381469727,20.100000381469727,20.450000762939453,186467,0.0,0.0,PARSVNATH.NS,Parsvnath Developers Limited,Real Estate,Real Estate - Development,8037194752,,0.017,,26.19,11.15
2015-05-18 00:00:00+05:30,20.600000381469727,21.299999237060547,20.200000762939453,20.799999237060547,169784,0.0,0.0,PARSVNATH.NS,Parsvnath Developers Limited,Real Estate,Real Estate - Development,8037194752,,0.017,,26.19,11.15
2015-05-19 00:00:00+05:30,20.350000381469727,22.5,20.350000381469727,21.549999237060547,199726,0.0,0.0,PARSVNATH.NS,Parsvnath Developers Limited,Real Estate,Real Estate - Development,8037194752,,0.017,,26.19,11.15
2015-05-20 00:00:00+05:30,21.549999237060547,22.600000381469727,21.549999237060547,22.100000381469727,195610,0.0,0.0,PARSVNATH.NS,Parsvnath Developers Limited,Real Estate,Real Estate - Development,8037194752,,0.017,,26.19,11.15
2015-05-21 00:00:00+05:30,22.0,22.450000762939453,21.549999237060547,21.899999618530273,104429,0.0,0.0,PARSVNATH.NS,Parsvnath Developers Limited,Real Estate,Real Estate - Development,8037194752,,0.017,,26.19,11.15
2015-05-22 00:00:00+05:30,21.850000381469727,22.149999618530273,21.600000381469727,21.950000762939453,63641,0.0,0.0,PARSVNATH.NS,Parsvnath Developers Limited,Real Estate,Real Estate - Development,8037194752,,0.017,,26.19,11.15
2015-05-25 00:00:00+05:30,22.299999237060547,22.700000762939453,21.600000381469727,21.850000381469727,167440,0.0,0.0,PARSVNATH.NS,Parsvnath Developers Limited,Real Estate,Real Estate - Development,8037194752,,0.017,,26.19,11.15
2015-05-26 00:00:00+05:30,21.700000762939453,22.5,21.149999618530273,22.0,793379,0.0,0.0,PARSVNATH.NS,Parsvnath Developers Limited,Real Estate,Real Estate - Development,8037194752,,0.017,,26.19,11.15
2015-05-27 00:00:00+05:30,21.350000381469727,22.399999618530273,21.25,21.799999237060547,204968,0.0,0.0,PARSVNATH.NS,Parsvnath Developers Limited,Real Estate,Real Estate - Development,8037194752,,0.017,,26.19,11.15
2015-05-28 00:00:00+05:30,21.600000381469727,21.850000381469727,21.399999618530273,21.549999237060547,116836,0.0,0.0,PARSVNATH.NS,Parsvnath Developers Limited,Real Estate,Real Estate - Development,8037194752,,0.017,,26.19,11.15
2015-05-29 00:00:00+05:30,21.549999237060547,21.600000381469727,20.950000762939453,21.049999237060547,79924,0.0,0.0,PARSVNATH.NS,Parsvnath Developers Limited,Real Estate,Real Estate - Development,8037194752,,0.017,,26.19,11.15
2015-06-01 00:00:00+05:30,21.299999237060547,21.299999237060547,20.100000381469727,20.399999618530273,106972,0.0,0.0,PARSVNATH.NS,Parsvnath Developers Limited,Real Estate,Real Estate - Development,8037194752,,0.017,,26.19,11.15
2015-06-02 00:00:00+05:30,20.700000762939453,21.399999618530273,20.450000762939453,21.100000381469727,268703,0.0,0.0,PARSVNATH.NS,Parsvnath Developers Limited,Real Estate,Real Estate - Development,8037194752,,0.017,,26.19,11.15
2015-06-03 00:00:00+05:30,20.700000762939453,20.899999618530273,19.149999618530273,20.399999618530273,244644,0.0,0.0,PARSVNATH.NS,Parsvnath Developers Limited,Real Estate,Real Estate - Development,8037194752,,0.017,,26.19,11.15
2015-06-04 00:00:00+05:30,20.149999618530273,20.75,19.200000762939453,20.25,234360,0.0,0.0,PARSVNATH.NS,Parsvnath Developers Limited,Real Estate,Real Estate - Development,8037194752,,0.017,,26.19,11.15
2015-06-05 00:00:00+05:30,20.0,20.549999237060547,19.700000762939453,20.100000381469727,49028,0.0,0.0,PARSVNATH.NS,Parsvnath Developers Limited,Real Estate,Real Estate - Development,8037194752,,0.017,,26.19,11.15
2015-06-08 00:00:00+05:30,19.5,21.100000381469727,19.5,20.799999237060547,177031,0.0,0.0,PARSVNATH.NS,Parsvnath Developers Limited,Real Estate,Real Estate - Development,8037194752,,0.017,,26.19,11.15
2015-06-09 00:00:00+05:30,20.600000381469727,21.799999237060547,20.200000762939453,20.899999618530273,372600,0.0,0.0,PARSVNATH.NS,Parsvnath Developers Limited,Real Estate,Real Estate - Development,8037194752,,0.017,,26.19,11.15
2015-06-10 00:00:00+05:30,20.600000381469727,21.399999618530273,20.600000381469727,20.850000381469727,251742,0.0,0.0,PARSVNATH.NS,Parsvnath Developers Limited,Real Estate,Real Estate - Development,8037194752,,0.017,,26.19,11.15
2015-06-11 00:00:00+05:30,20.950000762939453,21.399999618530273,20.100000381469727,20.75,296693,0.0,0.0,PARSVNATH.NS,Parsvnath Developers Limited,Real Estate,Real Estate - Development,8037194752,,0.017,,26.19,11.15
2015-06-12 00:00:00+05:30,20.350000381469727,21.350000381469727,20.25,21.149999618530273,244347,0.0,0.0,PARSVNATH.NS,Parsvnath Developers Limited,Real Estate,Real Estate - Development,8037194752,,0.017,,26.19,11.15
2015-06-15 00:00:00+05:30,21.450000762939453,21.450000762939453,20.299999237060547,20.899999618530273,213074,0.0,0.0,PARSVNATH.NS,Parsvnath Developers Limited,Real Estate,Real Estate - Development,8037194752,,0.017,,26.19,11.15
2015-06-16 00:00:00+05:30,20.549999237060547,21.0,20.5,20.850000381469727,96074,0.0,0.0,PARSVNATH.NS,Parsvnath Developers Limited,Real Estate,Real Estate - Development,8037194752,,0.017,,26.19,11.15
2015-06-17 00:00:00+05:30,20.950000762939453,21.299999237060547,20.600000381469727,21.100000381469727,179031,0.0,0.0,PARSVNATH.NS,Parsvnath Developers Limited,Real Estate,Real Estate - Development,8037194752,,0.017,,26.19,11.15
2015-06-18 00:00:00+05:30,21.350000381469727,21.450000762939453,20.850000381469727,21.25,75832,0.0,0.0,PARSVNATH.NS,Parsvnath Developers Limited,Real Estate,Real Estate - Development,8037194752,,0.017,,26.19,11.15
2015-06-19 00:00:00+05:30,21.299999237060547,21.899999618530273,21.0,21.549999237060547,163385,0.0,0.0,PARSVNATH.NS,Parsvnath Developers Limited,Real Estate,Real Estate - Development,8037194752,,0.017,,26.19,11.15
2015-06-22 00:00:00+05:30,21.100000381469727,23.0,21.100000381469727,22.0,119919,0.0,0.0,PARSVNATH.NS,Parsvnath Developers Limited,Real Estate,Real Estate - Development,8037194752,,0.017,,26.19,11.15
2015-06-23 00:00:00+05:30,22.399999618530273,22.5,21.600000381469727,21.700000762939453,76219,0.0,0.0,PARSVNATH.NS,Parsvnath Developers Limited,Real Estate,Real Estate - Development,8037194752,,0.017,,26.19,11.15
2015-06-24 00:00:00+05:30,21.700000762939453,22.100000381469727,21.649999618530273,21.899999618530273,124855,0.0,0.0,PARSVNATH.NS,Parsvnath Developers Limited,Real Estate,Real Estate - Development,8037194752,,0.017,,26.19,11.15
2015-06-25 00:00:00+05:30,21.600000381469727,22.0,21.600000381469727,21.850000381469727,88107,0.0,0.0,PARSVNATH.NS,Parsvnath Developers Limited,Real Estate,Real Estate - Development,8037194752,,0.017,,26.19,11.15
2015-06-26 00:00:00+05:30,21.600000381469727,22.049999237060547,21.350000381469727,21.850000381469727,129583,0.0,0.0,PARSVNATH.NS,Parsvnath Developers Limited,Real Estate,Real Estate - Development,8037194752,,0.017,,26.19,11.15
2015-06-29 00:00:00+05:30,21.350000381469727,22.5,21.25,22.049999237060547,185283,0.0,0.0,PARSVNATH.NS,Parsvnath Developers Limited,Real Estate,Real Estate - Development,8037194752,,0.017,,26.19,11.15
2015-06-30 00:00:00+05:30,21.600000381469727,22.299999237060547,21.600000381469727,21.950000762939453,83187,0.0,0.0,PARSVNATH.NS,Parsvnath Developers Limited,Real Estate,Real Estate - Development,8037194752,,0.017,,26.19,11.15
2015-07-01 00:00:00+05:30,22.0,22.25,21.850000381469727,22.049999237060547,142202,0.0,0.0,PARSVNATH.NS,Parsvnath Developers Limited,Real Estate,Real Estate - Development,8037194752,,0.017,,26.19,11.15
2015-07-02 00:00:00+05:30,22.049999237060547,22.399999618530273,21.850000381469727,21.950000762939453,61507,0.0,0.0,PARSVNATH.NS,Parsvnath Developers Limited,Real Estate,Real Estate - Development,8037194752,,0.017,,26.19,11.15
2015-07-03 00:00:00+05:30,21.950000762939453,22.25,21.850000381469727,22.0,61606,0.0,0.0,PARSVNATH.NS,Parsvnath Developers Limited,Real Estate,Real Estate - Development,8037194752,,0.017,,26.19,11.15
2015-07-06 00:00:00+05:30,21.100000381469727,22.100000381469727,20.600000381469727,22.0,118404,0.0,0.0,PARSVNATH.NS,Parsvnath Developers Limited,Real Estate,Real Estate - Development,8037194752,,0.017,,26.19,11.15
2015-07-07 00:00:00+05:30,21.700000762939453,22.100000381469727,21.700000762939453,21.850000381469727,37083,0.0,0.0,PARSVNATH.NS,Parsvnath Developers Limited,Real Estate,Real Estate - Development,8037194752,,0.017,,26.19,11.15
2015-07-08 00:00:00+05:30,21.399999618530273,22.25,20.649999618530273,21.899999618530273,411582,0.0,0.0,PARSVNATH.NS,Parsvnath Developers Limited,Real Estate,Real Estate - Development,8037194752,,0.017,,26.19,11.15
2015-07-09 00:00:00+05:30,21.649999618530273,22.100000381469727,21.450000762939453,21.950000762939453,95297,0.0,0.0,PARSVNATH.NS,Parsvnath Developers Limited,Real Estate,Real Estate - Development,8037194752,,0.017,,26.19,11.15
2015-07-10 00:00:00+05:30,21.649999618530273,22.0,21.450000762939453,21.600000381469727,38631,0.0,0.0,PARSVNATH.NS,Parsvnath Developers Limited,Real Estate,Real Estate - Development,8037194752,,0.017,,26.19,11.15
2015-07-13 00:00:00+05:30,21.450000762939453,21.799999237060547,21.350000381469727,21.5,176741,0.0,0.0,PARSVNATH.NS,Parsvnath Developers Limited,Real Estate,Real Estate - Development,8037194752,,0.017,,26.19,11.15
2015-07-14 00:00:00+05:30,21.399999618530273,21.799999237060547,21.350000381469727,21.399999618530273,31683,0.0,0.0,PARSVNATH.NS,Parsvnath Developers Limited,Real Estate,Real Estate - Development,8037194752,,0.017,,26.19,11.15
2015-07-15 00:00:00+05:30,21.25,21.600000381469727,21.149999618530273,21.25,43568,0.0,0.0,PARSVNATH.NS,Parsvnath Developers Limited,Real Estate,Real Estate - Development,8037194752,,0.017,,26.19,11.15
2015-07-16 00:00:00+05:30,21.200000762939453,21.5,20.700000762939453,21.100000381469727,86606,0.0,0.0,PARSVNATH.NS,Parsvnath Developers Limited,Real Estate,Real Estate - Development,8037194752,,0.017,,26.19,11.15
2015-07-17 00:00:00+05:30,21.149999618530273,21.450000762939453,20.600000381469727,20.75,73124,0.0,0.0,PARSVNATH.NS,Parsvnath Developers Limited,Real Estate,Real Estate - Development,8037194752,,0.017,,26.19,11.15
2015-07-20 00:00:00+05:30,20.600000381469727,20.799999237060547,19.600000381469727,20.049999237060547,143927,0.0,0.0,PARSVNATH.NS,Parsvnath Developers Limited,Real Estate,Real Estate - Development,8037194752,,0.017,,26.19,11.15
2015-07-21 00:00:00+05:30,20.350000381469727,20.350000381469727,19.549999237060547,19.700000762939453,53792,0.0,0.0,PARSVNATH.NS,Parsvnath Developers Limited,Real Estate,Real Estate - Development,8037194752,,0.017,,26.19,11.15
2015-07-22 00:00:00+05:30,19.600000381469727,19.899999618530273,19.200000762939453,19.450000762939453,81185,0.0,0.0,PARSVNATH.NS,Parsvnath Developers Limited,Real Estate,Real Estate - Development,8037194752,,0.017,,26.19,11.15
2015-07-23 00:00:00+05:30,19.25,19.950000762939453,19.25,19.649999618530273,56880,0.0,0.0,PARSVNATH.NS,Parsvnath Developers Limited,Real Estate,Real Estate - Development,8037194752,,0.017,,26.19,11.15
2015-07-24 00:00:00+05:30,19.700000762939453,20.200000762939453,19.5,19.649999618530273,44348,0.0,0.0,PARSVNATH.NS,Parsvnath Developers Limited,Real Estate,Real Estate - Development,8037194752,,0.017,,26.19,11.15
2015-07-27 00:00:00+05:30,19.25,20.100000381469727,19.149999618530273,19.350000381469727,83024,0.0,0.0,PARSVNATH.NS,Parsvnath Developers Limited,Real Estate,Real Estate - Development,8037194752,,0.017,,26.19,11.15
2015-07-28 00:00:00+05:30,19.299999237060547,19.700000762939453,18.5,18.799999237060547,132204,0.0,0.0,PARSVNATH.NS,Parsvnath Developers Limited,Real Estate,Real Estate - Development,8037194752,,0.017,,26.19,11.15
2015-07-29 00:00:00+05:30,19.299999237060547,19.299999237060547,17.75,18.799999237060547,210592,0.0,0.0,PARSVNATH.NS,Parsvnath Developers Limited,Real Estate,Real Estate - Development,8037194752,,0.017,,26.19,11.15
2015-07-30 00:00:00+05:30,19.049999237060547,19.899999618530273,17.850000381469727,18.899999618530273,101260,0.0,0.0,PARSVNATH.NS,Parsvnath Developers Limited,Real Estate,Real Estate - Development,8037194752,,0.017,,26.19,11.15
2015-07-31 00:00:00+05:30,19.049999237060547,19.5,18.950000762939453,19.149999618530273,55211,0.0,0.0,PARSVNATH.NS,Parsvnath Developers Limited,Real Estate,Real Estate - Development,8037194752,,0.017,,26.19,11.15
2015-08-03 00:00:00+05:30,18.649999618530273,19.600000381469727,18.649999618530273,19.149999618530273,40906,0.0,0.0,PARSVNATH.NS,Parsvnath Developers Limited,Real Estate,Real Estate - Development,8037194752,,0.017,,26.19,11.15
2015-08-04 00:00:00+05:30,18.950000762939453,19.399999618530273,18.0,18.75,156045,0.0,0.0,PARSVNATH.NS,Parsvnath Developers Limited,Real Estate,Real Estate - Development,8037194752,,0.017,,26.19,11.15
2015-08-05 00:00:00+05:30,18.950000762939453,19.899999618530273,18.850000381469727,19.200000762939453,144794,0.0,0.0,PARSVNATH.NS,Parsvnath Developers Limited,Real Estate,Real Estate - Development,8037194752,,0.017,,26.19,11.15
2015-08-06 00:00:00+05:30,19.049999237060547,20.0,18.600000381469727,19.5,148248,0.0,0.0,PARSVNATH.NS,Parsvnath Developers Limited,Real Estate,Real Estate - Development,8037194752,,0.017,,26.19,11.15
2015-08-07 00:00:00+05:30,19.5,19.649999618530273,19.0,19.299999237060547,111455,0.0,0.0,PARSVNATH.NS,Parsvnath Developers Limited,Real Estate,Real Estate - Development,8037194752,,0.017,,26.19,11.15
2015-08-10 00:00:00+05:30,19.299999237060547,19.700000762939453,19.0,19.25,58816,0.0,0.0,PARSVNATH.NS,Parsvnath Developers Limited,Real Estate,Real Estate - Development,8037194752,,0.017,,26.19,11.15
2015-08-11 00:00:00+05:30,19.299999237060547,19.700000762939453,18.549999237060547,19.350000381469727,147420,0.0,0.0,PARSVNATH.NS,Parsvnath Developers Limited,Real Estate,Real Estate - Development,8037194752,,0.017,,26.19,11.15
2015-08-12 00:00:00+05:30,18.799999237060547,19.549999237060547,18.75,19.25,128839,0.0,0.0,PARSVNATH.NS,Parsvnath Developers Limited,Real Estate,Real Estate - Development,8037194752,,0.017,,26.19,11.15
2015-08-13 00:00:00+05:30,19.149999618530273,19.5,18.450000762939453,18.950000762939453,256804,0.0,0.0,PARSVNATH.NS,Parsvnath Developers Limited,Real Estate,Real Estate - Development,8037194752,,0.017,,26.19,11.15
2015-08-14 00:00:00+05:30,18.899999618530273,19.700000762939453,18.799999237060547,19.299999237060547,283490,0.0,0.0,PARSVNATH.NS,Parsvnath Developers Limited,Real Estate,Real Estate - Development,8037194752,,0.017,,26.19,11.15
2015-08-17 00:00:00+05:30,19.399999618530273,19.399999618530273,18.850000381469727,19.100000381469727,28285,0.0,0.0,PARSVNATH.NS,Parsvnath Developers Limited,Real Estate,Real Estate - Development,8037194752,,0.017,,26.19,11.15
2015-08-18 00:00:00+05:30,19.299999237060547,19.549999237060547,18.799999237060547,19.25,113243,0.0,0.0,PARSVNATH.NS,Parsvnath Developers Limited,Real Estate,Real Estate - Development,8037194752,,0.017,,26.19,11.15
2015-08-19 00:00:00+05:30,19.049999237060547,19.5,19.0,19.299999237060547,94710,0.0,0.0,PARSVNATH.NS,Parsvnath Developers Limited,Real Estate,Real Estate - Development,8037194752,,0.017,,26.19,11.15
2015-08-20 00:00:00+05:30,19.100000381469727,19.25,18.799999237060547,18.899999618530273,28521,0.0,0.0,PARSVNATH.NS,Parsvnath Developers Limited,Real Estate,Real Estate - Development,8037194752,,0.017,,26.19,11.15
2015-08-21 00:00:00+05:30,18.799999237060547,19.600000381469727,18.25,19.299999237060547,411592,0.0,0.0,PARSVNATH.NS,Parsvnath Developers Limited,Real Estate,Real Estate - Development,8037194752,,0.017,,26.19,11.15
2015-08-24 00:00:00+05:30,18.100000381469727,19.399999618530273,17.399999618530273,18.25,520929,0.0,0.0,PARSVNATH.NS,Parsvnath Developers Limited,Real Estate,Real Estate - Development,8037194752,,0.017,,26.19,11.15
2015-08-25 00:00:00+05:30,17.5,18.299999237060547,17.100000381469727,17.950000762939453,194985,0.0,0.0,PARSVNATH.NS,Parsvnath Developers Limited,Real Estate,Real Estate - Development,8037194752,,0.017,,26.19,11.15
2015-08-26 00:00:00+05:30,18.399999618530273,18.5,17.450000762939453,17.950000762939453,246383,0.0,0.0,PARSVNATH.NS,Parsvnath Developers Limited,Real Estate,Real Estate - Development,8037194752,,0.017,,26.19,11.15
2015-08-27 00:00:00+05:30,18.100000381469727,18.299999237060547,17.799999237060547,17.899999618530273,65667,0.0,0.0,PARSVNATH.NS,Parsvnath Developers Limited,Real Estate,Real Estate - Development,8037194752,,0.017,,26.19,11.15
2015-08-28 00:00:00+05:30,18.299999237060547,18.5,17.549999237060547,18.200000762939453,204594,0.0,0.0,PARSVNATH.NS,Parsvnath Developers Limited,Real Estate,Real Estate - Development,8037194752,,0.017,,26.19,11.15
2015-08-31 00:00:00+05:30,18.100000381469727,18.600000381469727,17.899999618530273,18.350000381469727,63620,0.0,0.0,PARSVNATH.NS,Parsvnath Developers Limited,Real Estate,Real Estate - Development,8037194752,,0.017,,26.19,11.15
2015-09-01 00:00:00+05:30,17.700000762939453,18.549999237060547,17.700000762939453,18.25,43837,0.0,0.0,PARSVNATH.NS,Parsvnath Developers Limited,Real Estate,Real Estate - Development,8037194752,,0.017,,26.19,11.15
2015-09-02 00:00:00+05:30,18.049999237060547,18.600000381469727,17.950000762939453,18.399999618530273,95407,0.0,0.0,PARSVNATH.NS,Parsvnath Developers Limited,Real Estate,Real Estate - Development,8037194752,,0.017,,26.19,11.15
2015-09-03 00:00:00+05:30,18.0,18.5,18.0,18.200000762939453,55472,0.0,0.0,PARSVNATH.NS,Parsvnath Developers Limited,Real Estate,Real Estate - Development,8037194752,,0.017,,26.19,11.15
2015-09-04 00:00:00+05:30,18.100000381469727,19.100000381469727,17.649999618530273,18.600000381469727,161459,0.0,0.0,PARSVNATH.NS,Parsvnath Developers Limited,Real Estate,Real Estate - Development,8037194752,,0.017,,26.19,11.15
2015-09-07 00:00:00+05:30,18.200000762939453,18.600000381469727,17.899999618530273,18.299999237060547,228107,0.0,0.0,PARSVNATH.NS,Parsvnath Developers Limited,Real Estate,Real Estate - Development,8037194752,,0.017,,26.19,11.15
2015-09-08 00:00:00+05:30,18.350000381469727,18.399999618530273,17.799999237060547,18.25,209639,0.0,0.0,PARSVNATH.NS,Parsvnath Developers Limited,Real Estate,Real Estate - Development,8037194752,,0.017,,26.19,11.15
2015-09-09 00:00:00+05:30,18.5,18.649999618530273,18.100000381469727,18.299999237060547,39085,0.0,0.0,PARSVNATH.NS,Parsvnath Developers Limited,Real Estate,Real Estate - Development,8037194752,,0.017,,26.19,11.15
2015-09-10 00:00:00+05:30,18.5,18.5,17.950000762939453,18.049999237060547,130642,0.0,0.0,PARSVNATH.NS,Parsvnath Developers Limited,Real Estate,Real Estate - Development,8037194752,,0.017,,26.19,11.15
2015-09-11 00:00:00+05:30,17.899999618530273,18.25,17.899999618530273,18.049999237060547,53895,0.0,0.0,PARSVNATH.NS,Parsvnath Developers Limited,Real Estate,Real Estate - Development,8037194752,,0.017,,26.19,11.15
2015-09-14 00:00:00+05:30,18.200000762939453,18.350000381469727,17.799999237060547,18.049999237060547,173248,0.0,0.0,PARSVNATH.NS,Parsvnath Developers Limited,Real Estate,Real Estate - Development,8037194752,,0.017,,26.19,11.15
2015-09-15 00:00:00+05:30,18.149999618530273,18.149999618530273,17.700000762939453,17.850000381469727,151739,0.0,0.0,PARSVNATH.NS,Parsvnath Developers Limited,Real Estate,Real Estate - Development,8037194752,,0.017,,26.19,11.15
2015-09-16 00:00:00+05:30,17.899999618530273,18.200000762939453,17.200000762939453,17.399999618530273,237299,0.0,0.0,PARSVNATH.NS,Parsvnath Developers Limited,Real Estate,Real Estate - Development,8037194752,,0.017,,26.19,11.15
2015-09-18 00:00:00+05:30,17.299999237060547,18.600000381469727,15.600000381469727,17.100000381469727,1813045,0.0,0.0,PARSVNATH.NS,Parsvnath Developers Limited,Real Estate,Real Estate - Development,8037194752,,0.017,,26.19,11.15
2015-09-21 00:00:00+05:30,17.5,18.0,17.100000381469727,17.649999618530273,325892,0.0,0.0,PARSVNATH.NS,Parsvnath Developers Limited,Real Estate,Real Estate - Development,8037194752,,0.017,,26.19,11.15
2015-09-22 00:00:00+05:30,17.649999618530273,18.100000381469727,17.549999237060547,17.899999618530273,285005,0.0,0.0,PARSVNATH.NS,Parsvnath Developers Limited,Real Estate,Real Estate - Development,8037194752,,0.017,,26.19,11.15
2015-09-23 00:00:00+05:30,17.850000381469727,18.25,17.649999618530273,17.950000762939453,139807,0.0,0.0,PARSVNATH.NS,Parsvnath Developers Limited,Real Estate,Real Estate - Development,8037194752,,0.017,,26.19,11.15
2015-09-24 00:00:00+05:30,17.950000762939453,18.5,17.100000381469727,18.0,121021,0.0,0.0,PARSVNATH.NS,Parsvnath Developers Limited,Real Estate,Real Estate - Development,8037194752,,0.017,,26.19,11.15
2015-09-28 00:00:00+05:30,17.600000381469727,18.350000381469727,17.600000381469727,18.049999237060547,34366,0.0,0.0,PARSVNATH.NS,Parsvnath Developers Limited,Real Estate,Real Estate - Development,8037194752,,0.017,,26.19,11.15
2015-09-29 00:00:00+05:30,17.75,18.25,17.700000762939453,17.899999618530273,105701,0.0,0.0,PARSVNATH.NS,Parsvnath Developers Limited,Real Estate,Real Estate - Development,8037194752,,0.017,,26.19,11.15
2015-09-30 00:00:00+05:30,18.149999618530273,18.200000762939453,17.850000381469727,18.0,83876,0.0,0.0,PARSVNATH.NS,Parsvnath Developers Limited,Real Estate,Real Estate - Development,8037194752,,0.017,,26.19,11.15
2015-10-01 00:00:00+05:30,17.850000381469727,18.049999237060547,17.700000762939453,17.950000762939453,63029,0.0,0.0,PARSVNATH.NS,Parsvnath Developers Limited,Real Estate,Real Estate - Development,8037194752,,0.017,,26.19,11.15
2015-10-05 00:00:00+05:30,18.299999237060547,18.450000762939453,17.950000762939453,18.0,153822,0.0,0.0,PARSVNATH.NS,Parsvnath Developers Limited,Real Estate,Real Estate - Development,8037194752,,0.017,,26.19,11.15
2015-10-06 00:00:00+05:30,18.0,18.149999618530273,17.700000762939453,17.950000762939453,154255,0.0,0.0,PARSVNATH.NS,Parsvnath Developers Limited,Real Estate,Real Estate - Development,8037194752,,0.017,,26.19,11.15
2015-10-07 00:00:00+05:30,17.799999237060547,18.25,17.799999237060547,17.950000762939453,326104,0.0,0.0,PARSVNATH.NS,Parsvnath Developers Limited,Real Estate,Real Estate - Development,8037194752,,0.017,,26.19,11.15
2015-10-08 00:00:00+05:30,17.950000762939453,18.25,17.399999618530273,17.799999237060547,220472,0.0,0.0,PARSVNATH.NS,Parsvnath Developers Limited,Real Estate,Real Estate - Development,8037194752,,0.017,,26.19,11.15
2015-10-09 00:00:00+05:30,17.799999237060547,18.049999237060547,17.75,17.950000762939453,175179,0.0,0.0,PARSVNATH.NS,Parsvnath Developers Limited,Real Estate,Real Estate - Development,8037194752,,0.017,,26.19,11.15
2015-10-12 00:00:00+05:30,17.950000762939453,18.100000381469727,17.850000381469727,17.899999618530273,65070,0.0,0.0,PARSVNATH.NS,Parsvnath Developers Limited,Real Estate,Real Estate - Development,8037194752,,0.017,,26.19,11.15
2015-10-13 00:00:00+05:30,17.850000381469727,18.0,17.700000762939453,17.799999237060547,113320,0.0,0.0,PARSVNATH.NS,Parsvnath Developers Limited,Real Estate,Real Estate - Development,8037194752,,0.017,,26.19,11.15
2015-10-14 00:00:00+05:30,17.799999237060547,18.299999237060547,17.649999618530273,18.0,172198,0.0,0.0,PARSVNATH.NS,Parsvnath Developers Limited,Real Estate,Real Estate - Development,8037194752,,0.017,,26.19,11.15
2015-10-15 00:00:00+05:30,18.149999618530273,18.200000762939453,17.75,17.850000381469727,117570,0.0,0.0,PARSVNATH.NS,Parsvnath Developers Limited,Real Estate,Real Estate - Development,8037194752,,0.017,,26.19,11.15
2015-10-16 00:00:00+05:30,18.25,18.649999618530273,17.600000381469727,17.649999618530273,529190,0.0,0.0,PARSVNATH.NS,Parsvnath Developers Limited,Real Estate,Real Estate - Development,8037194752,,0.017,,26.19,11.15
2015-10-19 00:00:00+05:30,17.600000381469727,17.799999237060547,17.549999237060547,17.649999618530273,127954,0.0,0.0,PARSVNATH.NS,Parsvnath Developers Limited,Real Estate,Real Estate - Development,8037194752,,0.017,,26.19,11.15
2015-10-20 00:00:00+05:30,17.850000381469727,18.149999618530273,17.700000762939453,17.899999618530273,364866,0.0,0.0,PARSVNATH.NS,Parsvnath Developers Limited,Real Estate,Real Estate - Development,8037194752,,0.017,,26.19,11.15
2015-10-21 00:00:00+05:30,18.100000381469727,18.25,17.700000762939453,17.850000381469727,277822,0.0,0.0,PARSVNATH.NS,Parsvnath Developers Limited,Real Estate,Real Estate - Development,8037194752,,0.017,,26.19,11.15
2015-10-23 00:00:00+05:30,17.799999237060547,17.950000762939453,17.549999237060547,17.600000381469727,90118,0.0,0.0,PARSVNATH.NS,Parsvnath Developers Limited,Real Estate,Real Estate - Development,8037194752,,0.017,,26.19,11.15
2015-10-26 00:00:00+05:30,17.399999618530273,17.700000762939453,17.149999618530273,17.200000762939453,164266,0.0,0.0,PARSVNATH.NS,Parsvnath Developers Limited,Real Estate,Real Estate - Development,8037194752,,0.017,,26.19,11.15
2015-10-27 00:00:00+05:30,17.100000381469727,18.0,16.799999237060547,17.549999237060547,207992,0.0,0.0,PARSVNATH.NS,Parsvnath Developers Limited,Real Estate,Real Estate - Development,8037194752,,0.017,,26.19,11.15
2015-10-28 00:00:00+05:30,17.299999237060547,17.799999237060547,17.200000762939453,17.649999618530273,233018,0.0,0.0,PARSVNATH.NS,Parsvnath Developers Limited,Real Estate,Real Estate - Development,8037194752,,0.017,,26.19,11.15
2015-10-29 00:00:00+05:30,17.450000762939453,18.149999618530273,17.450000762939453,17.799999237060547,165951,0.0,0.0,PARSVNATH.NS,Parsvnath Developers Limited,Real Estate,Real Estate - Development,8037194752,,0.017,,26.19,11.15
2015-10-30 00:00:00+05:30,17.75,17.899999618530273,17.25,17.600000381469727,145589,0.0,0.0,PARSVNATH.NS,Parsvnath Developers Limited,Real Estate,Real Estate - Development,8037194752,,0.017,,26.19,11.15
2015-11-02 00:00:00+05:30,17.200000762939453,17.75,17.200000762939453,17.5,48340,0.0,0.0,PARSVNATH.NS,Parsvnath Developers Limited,Real Estate,Real Estate - Development,8037194752,,0.017,,26.19,11.15
2015-11-03 00:00:00+05:30,17.75,17.75,17.299999237060547,17.450000762939453,55322,0.0,0.0,PARSVNATH.NS,Parsvnath Developers Limited,Real Estate,Real Estate - Development,8037194752,,0.017,,26.19,11.15
2015-11-04 00:00:00+05:30,17.350000381469727,17.5,17.25,17.299999237060547,35116,0.0,0.0,PARSVNATH.NS,Parsvnath Developers Limited,Real Estate,Real Estate - Development,8037194752,,0.017,,26.19,11.15
2015-11-05 00:00:00+05:30,17.399999618530273,17.450000762939453,16.799999237060547,16.850000381469727,63834,0.0,0.0,PARSVNATH.NS,Parsvnath Developers Limited,Real Estate,Real Estate - Development,8037194752,,0.017,,26.19,11.15
2015-11-06 00:00:00+05:30,16.600000381469727,17.100000381469727,16.600000381469727,16.850000381469727,37369,0.0,0.0,PARSVNATH.NS,Parsvnath Developers Limited,Real Estate,Real Estate - Development,8037194752,,0.017,,26.19,11.15
2015-11-09 00:00:00+05:30,16.75,16.899999618530273,16.600000381469727,16.799999237060547,22238,0.0,0.0,PARSVNATH.NS,Parsvnath Developers Limited,Real Estate,Real Estate - Development,8037194752,,0.017,,26.19,11.15
2015-11-10 00:00:00+05:30,16.75,17.100000381469727,16.200000762939453,16.399999618530273,60165,0.0,0.0,PARSVNATH.NS,Parsvnath Developers Limited,Real Estate,Real Estate - Development,8037194752,,0.017,,26.19,11.15
2015-11-13 00:00:00+05:30,16.399999618530273,17.0,16.399999618530273,16.600000381469727,35799,0.0,0.0,PARSVNATH.NS,Parsvnath Developers Limited,Real Estate,Real Estate - Development,8037194752,,0.017,,26.19,11.15
2015-11-16 00:00:00+05:30,16.299999237060547,16.5,16.149999618530273,16.299999237060547,58603,0.0,0.0,PARSVNATH.NS,Parsvnath Developers Limited,Real Estate,Real Estate - Development,8037194752,,0.017,,26.19,11.15
2015-11-17 00:00:00+05:30,16.299999237060547,16.549999237060547,16.100000381469727,16.25,41475,0.0,0.0,PARSVNATH.NS,Parsvnath Developers Limited,Real Estate,Real Estate - Development,8037194752,,0.017,,26.19,11.15
2015-11-18 00:00:00+05:30,16.450000762939453,16.700000762939453,15.850000381469727,16.399999618530273,318593,0.0,0.0,PARSVNATH.NS,Parsvnath Developers Limited,Real Estate,Real Estate - Development,8037194752,,0.017,,26.19,11.15
2015-11-19 00:00:00+05:30,16.350000381469727,17.549999237060547,16.100000381469727,16.950000762939453,283342,0.0,0.0,PARSVNATH.NS,Parsvnath Developers Limited,Real Estate,Real Estate - Development,8037194752,,0.017,,26.19,11.15
2015-11-20 00:00:00+05:30,16.899999618530273,18.5,16.299999237060547,17.75,687847,0.0,0.0,PARSVNATH.NS,Parsvnath Developers Limited,Real Estate,Real Estate - Development,8037194752,,0.017,,26.19,11.15
2015-11-23 00:00:00+05:30,18.0,19.299999237060547,17.5,18.899999618530273,615304,0.0,0.0,PARSVNATH.NS,Parsvnath Developers Limited,Real Estate,Real Estate - Development,8037194752,,0.017,,26.19,11.15
2015-11-24 00:00:00+05:30,18.75,19.100000381469727,18.100000381469727,18.799999237060547,370978,0.0,0.0,PARSVNATH.NS,Parsvnath Developers Limited,Real Estate,Real Estate - Development,8037194752,,0.017,,26.19,11.15
2015-11-26 00:00:00+05:30,19.200000762939453,19.200000762939453,18.450000762939453,19.049999237060547,237345,0.0,0.0,PARSVNATH.NS,Parsvnath Developers Limited,Real Estate,Real Estate - Development,8037194752,,0.017,,26.19,11.15
2015-11-27 00:00:00+05:30,18.600000381469727,22.850000381469727,18.549999237060547,22.299999237060547,2638885,0.0,0.0,PARSVNATH.NS,Parsvnath Developers Limited,Real Estate,Real Estate - Development,8037194752,,0.017,,26.19,11.15
2015-11-30 00:00:00+05:30,21.399999618530273,26.600000381469727,21.100000381469727,26.100000381469727,4277550,0.0,0.0,PARSVNATH.NS,Parsvnath Developers Limited,Real Estate,Real Estate - Development,8037194752,,0.017,,26.19,11.15
2015-12-01 00:00:00+05:30,26.25,27.899999618530273,24.799999237060547,27.399999618530273,2351072,0.0,0.0,PARSVNATH.NS,Parsvnath Developers Limited,Real Estate,Real Estate - Development,8037194752,,0.017,,26.19,11.15
2015-12-02 00:00:00+05:30,27.399999618530273,29.0,26.649999618530273,28.75,2231626,0.0,0.0,PARSVNATH.NS,Parsvnath Developers Limited,Real Estate,Real Estate - Development,8037194752,,0.017,,26.19,11.15
2015-12-03 00:00:00+05:30,28.600000381469727,29.299999237060547,26.549999237060547,27.350000381469727,1104058,0.0,0.0,PARSVNATH.NS,Parsvnath Developers Limited,Real Estate,Real Estate - Development,8037194752,,0.017,,26.19,11.15
2015-12-04 00:00:00+05:30,26.549999237060547,29.549999237060547,26.549999237060547,28.899999618530273,2349052,0.0,0.0,PARSVNATH.NS,Parsvnath Developers Limited,Real Estate,Real Estate - Development,8037194752,,0.017,,26.19,11.15
2015-12-07 00:00:00+05:30,29.5,30.149999618530273,28.600000381469727,29.399999618530273,1128424,0.0,0.0,PARSVNATH.NS,Parsvnath Developers Limited,Real Estate,Real Estate - Development,8037194752,,0.017,,26.19,11.15
2015-12-08 00:00:00+05:30,29.100000381469727,29.549999237060547,27.649999618530273,28.049999237060547,420945,0.0,0.0,PARSVNATH.NS,Parsvnath Developers Limited,Real Estate,Real Estate - Development,8037194752,,0.017,,26.19,11.15
2015-12-09 00:00:00+05:30,28.0,28.899999618530273,25.25,25.450000762939453,581789,0.0,0.0,PARSVNATH.NS,Parsvnath Developers Limited,Real Estate,Real Estate - Development,8037194752,,0.017,,26.19,11.15
2015-12-10 00:00:00+05:30,25.700000762939453,26.5,24.5,26.149999618530273,376037,0.0,0.0,PARSVNATH.NS,Parsvnath Developers Limited,Real Estate,Real Estate - Development,8037194752,,0.017,,26.19,11.15
2015-12-11 00:00:00+05:30,26.149999618530273,26.5,25.049999237060547,25.350000381469727,188466,0.0,0.0,PARSVNATH.NS,Parsvnath Developers Limited,Real Estate,Real Estate - Development,8037194752,,0.017,,26.19,11.15
2015-12-14 00:00:00+05:30,24.5,26.299999237060547,24.5,25.600000381469727,132947,0.0,0.0,PARSVNATH.NS,Parsvnath Developers Limited,Real Estate,Real Estate - Development,8037194752,,0.017,,26.19,11.15
2015-12-15 00:00:00+05:30,25.149999618530273,26.200000762939453,25.149999618530273,25.549999237060547,109835,0.0,0.0,PARSVNATH.NS,Parsvnath Developers Limited,Real Estate,Real Estate - Development,8037194752,,0.017,,26.19,11.15
2015-12-16 00:00:00+05:30,25.700000762939453,26.75,25.200000762939453,25.649999618530273,231847,0.0,0.0,PARSVNATH.NS,Parsvnath Developers Limited,Real Estate,Real Estate - Development,8037194752,,0.017,,26.19,11.15
2015-12-17 00:00:00+05:30,25.649999618530273,26.0,25.299999237060547,25.5,96366,0.0,0.0,PARSVNATH.NS,Parsvnath Developers Limited,Real Estate,Real Estate - Development,8037194752,,0.017,,26.19,11.15
2015-12-18 00:00:00+05:30,25.299999237060547,26.600000381469727,25.299999237060547,26.200000762939453,218481,0.0,0.0,PARSVNATH.NS,Parsvnath Developers Limited,Real Estate,Real Estate - Development,8037194752,,0.017,,26.19,11.15
2015-12-21 00:00:00+05:30,26.25,27.5,26.0,27.25,333474,0.0,0.0,PARSVNATH.NS,Parsvnath Developers Limited,Real Estate,Real Estate - Development,8037194752,,0.017,,26.19,11.15
2015-12-22 00:00:00+05:30,27.600000381469727,27.600000381469727,26.25,26.5,415599,0.0,0.0,PARSVNATH.NS,Parsvnath Developers Limited,Real Estate,Real Estate - Development,8037194752,,0.017,,26.19,11.15
2015-12-23 00:00:00+05:30,26.299999237060547,26.899999618530273,25.75,26.25,546209,0.0,0.0,PARSVNATH.NS,Parsvnath Developers Limited,Real Estate,Real Estate - Development,8037194752,,0.017,,26.19,11.15
2015-12-24 00:00:00+05:30,26.299999237060547,26.75,26.0,26.450000762939453,249435,0.0,0.0,PARSVNATH.NS,Parsvnath Developers Limited,Real Estate,Real Estate - Development,8037194752,,0.017,,26.19,11.15
2015-12-28 00:00:00+05:30,26.200000762939453,27.649999618530273,25.799999237060547,26.799999237060547,586191,0.0,0.0,PARSVNATH.NS,Parsvnath Developers Limited,Real Estate,Real Estate - Development,8037194752,,0.017,,26.19,11.15
2015-12-29 00:00:00+05:30,26.950000762939453,27.350000381469727,25.899999618530273,26.149999618530273,607986,0.0,0.0,PARSVNATH.NS,Parsvnath Developers Limited,Real Estate,Real Estate - Development,8037194752,,0.017,,26.19,11.15
2015-12-30 00:00:00+05:30,25.75,26.350000381469727,25.600000381469727,25.899999618530273,300212,0.0,0.0,PARSVNATH.NS,Parsvnath Developers Limited,Real Estate,Real Estate - Development,8037194752,,0.017,,26.19,11.15
2015-12-31 00:00:00+05:30,25.899999618530273,26.0,25.399999618530273,25.75,281948,0.0,0.0,PARSVNATH.NS,Parsvnath Developers Limited,Real Estate,Real Estate - Development,8037194752,,0.017,,26.19,11.15
2016-01-01 00:00:00+05:30,25.799999237060547,26.100000381469727,25.549999237060547,25.950000762939453,442743,0.0,0.0,PARSVNATH.NS,Parsvnath Developers Limited,Real Estate,Real Estate - Development,8037194752,,0.017,,26.19,11.15
2016-01-04 00:00:00+05:30,26.0,28.649999618530273,26.0,27.0,838807,0.0,0.0,PARSVNATH.NS,Parsvnath Developers Limited,Real Estate,Real Estate - Development,8037194752,,0.017,,26.19,11.15
2016-01-05 00:00:00+05:30,27.5,28.700000762939453,26.200000762939453,28.100000381469727,621932,0.0,0.0,PARSVNATH.NS,Parsvnath Developers Limited,Real Estate,Real Estate - Development,8037194752,,0.017,,26.19,11.15
2016-01-06 00:00:00+05:30,29.0,29.0,26.399999618530273,27.25,375884,0.0,0.0,PARSVNATH.NS,Parsvnath Developers Limited,Real Estate,Real Estate - Development,8037194752,,0.017,,26.19,11.15
2016-01-07 00:00:00+05:30,26.799999237060547,26.799999237060547,24.75,25.25,621983,0.0,0.0,PARSVNATH.NS,Parsvnath Developers Limited,Real Estate,Real Estate - Development,8037194752,,0.017,,26.19,11.15
2016-01-08 00:00:00+05:30,25.549999237060547,26.049999237060547,24.450000762939453,25.549999237060547,446956,0.0,0.0,PARSVNATH.NS,Parsvnath Developers Limited,Real Estate,Real Estate - Development,8037194752,,0.017,,26.19,11.15
2016-01-11 00:00:00+05:30,25.100000381469727,25.5,24.600000381469727,25.299999237060547,212668,0.0,0.0,PARSVNATH.NS,Parsvnath Developers Limited,Real Estate,Real Estate - Development,8037194752,,0.017,,26.19,11.15
2016-01-12 00:00:00+05:30,25.450000762939453,25.450000762939453,23.850000381469727,24.049999237060547,254642,0.0,0.0,PARSVNATH.NS,Parsvnath Developers Limited,Real Estate,Real Estate - Development,8037194752,,0.017,,26.19,11.15
2016-01-13 00:00:00+05:30,24.299999237060547,24.549999237060547,21.950000762939453,23.799999237060547,487027,0.0,0.0,PARSVNATH.NS,Parsvnath Developers Limited,Real Estate,Real Estate - Development,8037194752,,0.017,,26.19,11.15
2016-01-14 00:00:00+05:30,23.799999237060547,23.799999237060547,22.399999618530273,22.799999237060547,179104,0.0,0.0,PARSVNATH.NS,Parsvnath Developers Limited,Real Estate,Real Estate - Development,8037194752,,0.017,,26.19,11.15
2016-01-15 00:00:00+05:30,22.850000381469727,22.899999618530273,21.200000762939453,21.5,102270,0.0,0.0,PARSVNATH.NS,Parsvnath Developers Limited,Real Estate,Real Estate - Development,8037194752,,0.017,,26.19,11.15
2016-01-18 00:00:00+05:30,21.299999237060547,21.350000381469727,19.399999618530273,19.700000762939453,206667,0.0,0.0,PARSVNATH.NS,Parsvnath Developers Limited,Real Estate,Real Estate - Development,8037194752,,0.017,,26.19,11.15
2016-01-19 00:00:00+05:30,19.850000381469727,20.799999237060547,18.649999618530273,19.700000762939453,136263,0.0,0.0,PARSVNATH.NS,Parsvnath Developers Limited,Real Estate,Real Estate - Development,8037194752,,0.017,,26.19,11.15
2016-01-20 00:00:00+05:30,19.399999618530273,19.700000762939453,18.100000381469727,18.450000762939453,150760,0.0,0.0,PARSVNATH.NS,Parsvnath Developers Limited,Real Estate,Real Estate - Development,8037194752,,0.017,,26.19,11.15
2016-01-21 00:00:00+05:30,18.549999237060547,19.350000381469727,17.899999618530273,18.399999618530273,146270,0.0,0.0,PARSVNATH.NS,Parsvnath Developers Limited,Real Estate,Real Estate - Development,8037194752,,0.017,,26.19,11.15
2016-01-22 00:00:00+05:30,18.899999618530273,19.399999618530273,18.600000381469727,18.75,204060,0.0,0.0,PARSVNATH.NS,Parsvnath Developers Limited,Real Estate,Real Estate - Development,8037194752,,0.017,,26.19,11.15
2016-01-25 00:00:00+05:30,18.799999237060547,19.799999237060547,18.5,18.700000762939453,205107,0.0,0.0,PARSVNATH.NS,Parsvnath Developers Limited,Real Estate,Real Estate - Development,8037194752,,0.017,,26.19,11.15
2016-01-27 00:00:00+05:30,18.450000762939453,19.149999618530273,18.25,18.600000381469727,89944,0.0,0.0,PARSVNATH.NS,Parsvnath Developers Limited,Real Estate,Real Estate - Development,8037194752,,0.017,,26.19,11.15
2016-01-28 00:00:00+05:30,18.899999618530273,19.25,18.399999618530273,18.950000762939453,93882,0.0,0.0,PARSVNATH.NS,Parsvnath Developers Limited,Real Estate,Real Estate - Development,8037194752,,0.017,,26.19,11.15
2016-01-29 00:00:00+05:30,18.700000762939453,19.200000762939453,18.649999618530273,19.049999237060547,65467,0.0,0.0,PARSVNATH.NS,Parsvnath Developers Limited,Real Estate,Real Estate - Development,8037194752,,0.017,,26.19,11.15
2016-02-01 00:00:00+05:30,19.649999618530273,19.649999618530273,18.649999618530273,19.350000381469727,54849,0.0,0.0,PARSVNATH.NS,Parsvnath Developers Limited,Real Estate,Real Estate - Development,8037194752,,0.017,,26.19,11.15
2016-02-02 00:00:00+05:30,19.299999237060547,19.75,18.700000762939453,18.899999618530273,73886,0.0,0.0,PARSVNATH.NS,Parsvnath Developers Limited,Real Estate,Real Estate - Development,8037194752,,0.017,,26.19,11.15
2016-02-03 00:00:00+05:30,18.299999237060547,18.950000762939453,16.200000762939453,17.450000762939453,243755,0.0,0.0,PARSVNATH.NS,Parsvnath Developers Limited,Real Estate,Real Estate - Development,8037194752,,0.017,,26.19,11.15
2016-02-04 00:00:00+05:30,17.850000381469727,18.149999618530273,17.299999237060547,17.399999618530273,69184,0.0,0.0,PARSVNATH.NS,Parsvnath Developers Limited,Real Estate,Real Estate - Development,8037194752,,0.017,,26.19,11.15
2016-02-05 00:00:00+05:30,17.450000762939453,18.700000762939453,16.899999618530273,18.0,110309,0.0,0.0,PARSVNATH.NS,Parsvnath Developers Limited,Real Estate,Real Estate - Development,8037194752,,0.017,,26.19,11.15
2016-02-08 00:00:00+05:30,17.799999237060547,19.200000762939453,17.600000381469727,19.0,144021,0.0,0.0,PARSVNATH.NS,Parsvnath Developers Limited,Real Estate,Real Estate - Development,8037194752,,0.017,,26.19,11.15
2016-02-09 00:00:00+05:30,18.600000381469727,19.399999618530273,18.0,19.200000762939453,74692,0.0,0.0,PARSVNATH.NS,Parsvnath Developers Limited,Real Estate,Real Estate - Development,8037194752,,0.017,,26.19,11.15
2016-02-10 00:00:00+05:30,19.25,19.600000381469727,18.100000381469727,19.25,92373,0.0,0.0,PARSVNATH.NS,Parsvnath Developers Limited,Real Estate,Real Estate - Development,8037194752,,0.017,,26.19,11.15
2016-02-11 00:00:00+05:30,18.899999618530273,19.25,16.200000762939453,16.799999237060547,255288,0.0,0.0,PARSVNATH.NS,Parsvnath Developers Limited,Real Estate,Real Estate - Development,8037194752,,0.017,,26.19,11.15
2016-02-12 00:00:00+05:30,16.899999618530273,17.399999618530273,14.5,15.100000381469727,425538,0.0,0.0,PARSVNATH.NS,Parsvnath Developers Limited,Real Estate,Real Estate - Development,8037194752,,0.017,,26.19,11.15
2016-02-15 00:00:00+05:30,14.949999809265137,16.5,14.899999618530273,16.399999618530273,299626,0.0,0.0,PARSVNATH.NS,Parsvnath Developers Limited,Real Estate,Real Estate - Development,8037194752,,0.017,,26.19,11.15
2016-02-16 00:00:00+05:30,16.75,16.799999237060547,15.699999809265137,16.149999618530273,103732,0.0,0.0,PARSVNATH.NS,Parsvnath Developers Limited,Real Estate,Real Estate - Development,8037194752,,0.017,,26.19,11.15
2016-02-17 00:00:00+05:30,16.200000762939453,17.75,15.5,16.549999237060547,112789,0.0,0.0,PARSVNATH.NS,Parsvnath Developers Limited,Real Estate,Real Estate - Development,8037194752,,0.017,,26.19,11.15
2016-02-18 00:00:00+05:30,16.549999237060547,16.899999618530273,16.149999618530273,16.5,112965,0.0,0.0,PARSVNATH.NS,Parsvnath Developers Limited,Real Estate,Real Estate - Development,8037194752,,0.017,,26.19,11.15
2016-02-19 00:00:00+05:30,16.5,16.75,16.25,16.450000762939453,46376,0.0,0.0,PARSVNATH.NS,Parsvnath Developers Limited,Real Estate,Real Estate - Development,8037194752,,0.017,,26.19,11.15
2016-02-22 00:00:00+05:30,16.75,16.950000762939453,16.299999237060547,16.75,29511,0.0,0.0,PARSVNATH.NS,Parsvnath Developers Limited,Real Estate,Real Estate - Development,8037194752,,0.017,,26.19,11.15
2016-02-23 00:00:00+05:30,16.850000381469727,18.0,16.649999618530273,17.100000381469727,308369,0.0,0.0,PARSVNATH.NS,Parsvnath Developers Limited,Real Estate,Real Estate - Development,8037194752,,0.017,,26.19,11.15
2016-02-24 00:00:00+05:30,17.149999618530273,17.399999618530273,16.799999237060547,16.899999618530273,70210,0.0,0.0,PARSVNATH.NS,Parsvnath Developers Limited,Real Estate,Real Estate - Development,8037194752,,0.017,,26.19,11.15
2016-02-25 00:00:00+05:30,16.850000381469727,16.899999618530273,16.399999618530273,16.450000762939453,46267,0.0,0.0,PARSVNATH.NS,Parsvnath Developers Limited,Real Estate,Real Estate - Development,8037194752,,0.017,,26.19,11.15
2016-02-26 00:00:00+05:30,16.600000381469727,16.899999618530273,16.100000381469727,16.200000762939453,49301,0.0,0.0,PARSVNATH.NS,Parsvnath Developers Limited,Real Estate,Real Estate - Development,8037194752,,0.017,,26.19,11.15
2016-02-29 00:00:00+05:30,16.299999237060547,16.799999237060547,16.149999618530273,16.25,79657,0.0,0.0,PARSVNATH.NS,Parsvnath Developers Limited,Real Estate,Real Estate - Development,8037194752,,0.017,,26.19,11.15
2016-03-01 00:00:00+05:30,16.25,17.0,16.25,16.850000381469727,40352,0.0,0.0,PARSVNATH.NS,Parsvnath Developers Limited,Real Estate,Real Estate - Development,8037194752,,0.017,,26.19,11.15
2016-03-02 00:00:00+05:30,16.899999618530273,17.5,16.25,16.850000381469727,146879,0.0,0.0,PARSVNATH.NS,Parsvnath Developers Limited,Real Estate,Real Estate - Development,8037194752,,0.017,,26.19,11.15
2016-03-03 00:00:00+05:30,17.0,17.700000762939453,17.0,17.600000381469727,88657,0.0,0.0,PARSVNATH.NS,Parsvnath Developers Limited,Real Estate,Real Estate - Development,8037194752,,0.017,,26.19,11.15
2016-03-04 00:00:00+05:30,17.299999237060547,21.0,17.25,20.899999618530273,1333560,0.0,0.0,PARSVNATH.NS,Parsvnath Developers Limited,Real Estate,Real Estate - Development,8037194752,,0.017,,26.19,11.15
2016-03-08 00:00:00+05:30,20.799999237060547,21.0,19.100000381469727,19.700000762939453,281154,0.0,0.0,PARSVNATH.NS,Parsvnath Developers Limited,Real Estate,Real Estate - Development,8037194752,,0.017,,26.19,11.15
2016-03-09 00:00:00+05:30,20.5,20.5,19.5,19.700000762939453,222889,0.0,0.0,PARSVNATH.NS,Parsvnath Developers Limited,Real Estate,Real Estate - Development,8037194752,,0.017,,26.19,11.15
2016-03-10 00:00:00+05:30,19.75,19.950000762939453,19.350000381469727,19.700000762939453,61084,0.0,0.0,PARSVNATH.NS,Parsvnath Developers Limited,Real Estate,Real Estate - Development,8037194752,,0.017,,26.19,11.15
2016-03-11 00:00:00+05:30,19.549999237060547,21.0,19.549999237060547,20.200000762939453,477853,0.0,0.0,PARSVNATH.NS,Parsvnath Developers Limited,Real Estate,Real Estate - Development,8037194752,,0.017,,26.19,11.15
2016-03-14 00:00:00+05:30,20.200000762939453,20.200000762939453,19.399999618530273,19.549999237060547,199997,0.0,0.0,PARSVNATH.NS,Parsvnath Developers Limited,Real Estate,Real Estate - Development,8037194752,,0.017,,26.19,11.15
2016-03-15 00:00:00+05:30,19.75,20.0,17.799999237060547,18.299999237060547,363696,0.0,0.0,PARSVNATH.NS,Parsvnath Developers Limited,Real Estate,Real Estate - Development,8037194752,,0.017,,26.19,11.15
2016-03-16 00:00:00+05:30,18.799999237060547,18.899999618530273,17.899999618530273,18.049999237060547,113557,0.0,0.0,PARSVNATH.NS,Parsvnath Developers Limited,Real Estate,Real Estate - Development,8037194752,,0.017,,26.19,11.15
2016-03-17 00:00:00+05:30,18.25,20.549999237060547,18.0,19.5,922177,0.0,0.0,PARSVNATH.NS,Parsvnath Developers Limited,Real Estate,Real Estate - Development,8037194752,,0.017,,26.19,11.15
2016-03-18 00:00:00+05:30,19.0,19.399999618530273,18.450000762939453,18.700000762939453,101956,0.0,0.0,PARSVNATH.NS,Parsvnath Developers Limited,Real Estate,Real Estate - Development,8037194752,,0.017,,26.19,11.15
2016-03-21 00:00:00+05:30,18.5,18.899999618530273,18.299999237060547,18.399999618530273,95066,0.0,0.0,PARSVNATH.NS,Parsvnath Developers Limited,Real Estate,Real Estate - Development,8037194752,,0.017,,26.19,11.15
2016-03-22 00:00:00+05:30,18.850000381469727,18.950000762939453,18.100000381469727,18.600000381469727,113522,0.0,0.0,PARSVNATH.NS,Parsvnath Developers Limited,Real Estate,Real Estate - Development,8037194752,,0.017,,26.19,11.15
2016-03-23 00:00:00+05:30,18.549999237060547,19.0,18.299999237060547,18.75,118126,0.0,0.0,PARSVNATH.NS,Parsvnath Developers Limited,Real Estate,Real Estate - Development,8037194752,,0.017,,26.19,11.15
2016-03-28 00:00:00+05:30,18.899999618530273,20.75,18.200000762939453,18.5,815728,0.0,0.0,PARSVNATH.NS,Parsvnath Developers Limited,Real Estate,Real Estate - Development,8037194752,,0.017,,26.19,11.15
2016-03-29 00:00:00+05:30,18.350000381469727,18.799999237060547,17.600000381469727,18.049999237060547,275326,0.0,0.0,PARSVNATH.NS,Parsvnath Developers Limited,Real Estate,Real Estate - Development,8037194752,,0.017,,26.19,11.15
2016-03-30 00:00:00+05:30,18.5,19.5,18.450000762939453,18.850000381469727,155651,0.0,0.0,PARSVNATH.NS,Parsvnath Developers Limited,Real Estate,Real Estate - Development,8037194752,,0.017,,26.19,11.15
2016-03-31 00:00:00+05:30,18.600000381469727,19.200000762939453,18.549999237060547,18.649999618530273,70450,0.0,0.0,PARSVNATH.NS,Parsvnath Developers Limited,Real Estate,Real Estate - Development,8037194752,,0.017,,26.19,11.15
2016-04-01 00:00:00+05:30,18.600000381469727,19.5,18.600000381469727,18.75,129509,0.0,0.0,PARSVNATH.NS,Parsvnath Developers Limited,Real Estate,Real Estate - Development,8037194752,,0.017,,26.19,11.15
2016-04-04 00:00:00+05:30,18.799999237060547,19.549999237060547,18.75,19.200000762939453,312658,0.0,0.0,PARSVNATH.NS,Parsvnath Developers Limited,Real Estate,Real Estate - Development,8037194752,,0.017,,26.19,11.15
2016-04-05 00:00:00+05:30,18.5,19.5,18.0,18.299999237060547,391815,0.0,0.0,PARSVNATH.NS,Parsvnath Developers Limited,Real Estate,Real Estate - Development,8037194752,,0.017,,26.19,11.15
2016-04-06 00:00:00+05:30,18.5,18.700000762939453,18.200000762939453,18.399999618530273,256351,0.0,0.0,PARSVNATH.NS,Parsvnath Developers Limited,Real Estate,Real Estate - Development,8037194752,,0.017,,26.19,11.15
2016-04-07 00:00:00+05:30,18.700000762939453,18.700000762939453,17.899999618530273,18.049999237060547,203024,0.0,0.0,PARSVNATH.NS,Parsvnath Developers Limited,Real Estate,Real Estate - Development,8037194752,,0.017,,26.19,11.15
2016-04-08 00:00:00+05:30,18.200000762939453,18.600000381469727,18.149999618530273,18.25,224924,0.0,0.0,PARSVNATH.NS,Parsvnath Developers Limited,Real Estate,Real Estate - Development,8037194752,,0.017,,26.19,11.15
2016-04-11 00:00:00+05:30,18.0,18.549999237060547,18.0,18.399999618530273,445177,0.0,0.0,PARSVNATH.NS,Parsvnath Developers Limited,Real Estate,Real Estate - Development,8037194752,,0.017,,26.19,11.15
2016-04-12 00:00:00+05:30,18.450000762939453,18.5,18.0,18.100000381469727,146413,0.0,0.0,PARSVNATH.NS,Parsvnath Developers Limited,Real Estate,Real Estate - Development,8037194752,,0.017,,26.19,11.15
2016-04-13 00:00:00+05:30,18.299999237060547,19.0,18.25,18.5,333752,0.0,0.0,PARSVNATH.NS,Parsvnath Developers Limited,Real Estate,Real Estate - Development,8037194752,,0.017,,26.19,11.15
2016-04-18 00:00:00+05:30,18.5,19.600000381469727,17.5,19.25,750035,0.0,0.0,PARSVNATH.NS,Parsvnath Developers Limited,Real Estate,Real Estate - Development,8037194752,,0.017,,26.19,11.15
2016-04-20 00:00:00+05:30,19.0,19.600000381469727,18.75,19.049999237060547,209350,0.0,0.0,PARSVNATH.NS,Parsvnath Developers Limited,Real Estate,Real Estate - Development,8037194752,,0.017,,26.19,11.15
2016-04-21 00:00:00+05:30,19.0,21.75,18.700000762939453,19.75,2560947,0.0,0.0,PARSVNATH.NS,Parsvnath Developers Limited,Real Estate,Real Estate - Development,8037194752,,0.017,,26.19,11.15
2016-04-22 00:00:00+05:30,19.600000381469727,19.799999237060547,19.25,19.399999618530273,174525,0.0,0.0,PARSVNATH.NS,Parsvnath Developers Limited,Real Estate,Real Estate - Development,8037194752,,0.017,,26.19,11.15
2016-04-25 00:00:00+05:30,19.450000762939453,20.100000381469727,19.049999237060547,19.100000381469727,229795,0.0,0.0,PARSVNATH.NS,Parsvnath Developers Limited,Real Estate,Real Estate - Development,8037194752,,0.017,,26.19,11.15
2016-04-26 00:00:00+05:30,19.149999618530273,19.5,19.149999618530273,19.200000762939453,119580,0.0,0.0,PARSVNATH.NS,Parsvnath Developers Limited,Real Estate,Real Estate - Development,8037194752,,0.017,,26.19,11.15
2016-04-27 00:00:00+05:30,19.25,19.450000762939453,18.850000381469727,19.100000381469727,78465,0.0,0.0,PARSVNATH.NS,Parsvnath Developers Limited,Real Estate,Real Estate - Development,8037194752,,0.017,,26.19,11.15
2016-04-28 00:00:00+05:30,19.049999237060547,20.350000381469727,18.799999237060547,19.399999618530273,354531,0.0,0.0,PARSVNATH.NS,Parsvnath Developers Limited,Real Estate,Real Estate - Development,8037194752,,0.017,,26.19,11.15
2016-04-29 00:00:00+05:30,19.200000762939453,19.450000762939453,18.899999618530273,19.0,145334,0.0,0.0,PARSVNATH.NS,Parsvnath Developers Limited,Real Estate,Real Estate - Development,8037194752,,0.017,,26.19,11.15
2016-05-02 00:00:00+05:30,19.100000381469727,19.200000762939453,18.600000381469727,18.799999237060547,149966,0.0,0.0,PARSVNATH.NS,Parsvnath Developers Limited,Real Estate,Real Estate - Development,8037194752,,0.017,,26.19,11.15
2016-05-03 00:00:00+05:30,18.549999237060547,19.399999618530273,18.549999237060547,18.950000762939453,192114,0.0,0.0,PARSVNATH.NS,Parsvnath Developers Limited,Real Estate,Real Estate - Development,8037194752,,0.017,,26.19,11.15
2016-05-04 00:00:00+05:30,19.0,19.299999237060547,18.100000381469727,18.450000762939453,129359,0.0,0.0,PARSVNATH.NS,Parsvnath Developers Limited,Real Estate,Real Estate - Development,8037194752,,0.017,,26.19,11.15
2016-05-05 00:00:00+05:30,18.700000762939453,18.950000762939453,18.200000762939453,18.299999237060547,116804,0.0,0.0,PARSVNATH.NS,Parsvnath Developers Limited,Real Estate,Real Estate - Development,8037194752,,0.017,,26.19,11.15
2016-05-06 00:00:00+05:30,18.149999618530273,18.450000762939453,18.100000381469727,18.25,79198,0.0,0.0,PARSVNATH.NS,Parsvnath Developers Limited,Real Estate,Real Estate - Development,8037194752,,0.017,,26.19,11.15
2016-05-09 00:00:00+05:30,18.25,18.75,18.25,18.549999237060547,58287,0.0,0.0,PARSVNATH.NS,Parsvnath Developers Limited,Real Estate,Real Estate - Development,8037194752,,0.017,,26.19,11.15
2016-05-10 00:00:00+05:30,19.25,19.5,18.25,18.450000762939453,648875,0.0,0.0,PARSVNATH.NS,Parsvnath Developers Limited,Real Estate,Real Estate - Development,8037194752,,0.017,,26.19,11.15
2016-05-11 00:00:00+05:30,18.25,18.450000762939453,17.899999618530273,18.049999237060547,137608,0.0,0.0,PARSVNATH.NS,Parsvnath Developers Limited,Real Estate,Real Estate - Development,8037194752,,0.017,,26.19,11.15
2016-05-12 00:00:00+05:30,18.149999618530273,18.450000762939453,18.049999237060547,18.200000762939453,93689,0.0,0.0,PARSVNATH.NS,Parsvnath Developers Limited,Real Estate,Real Estate - Development,8037194752,,0.017,,26.19,11.15
2016-05-13 00:00:00+05:30,18.200000762939453,18.350000381469727,17.75,17.850000381469727,57900,0.0,0.0,PARSVNATH.NS,Parsvnath Developers Limited,Real Estate,Real Estate - Development,8037194752,,0.017,,26.19,11.15
2016-05-16 00:00:00+05:30,17.899999618530273,18.100000381469727,17.600000381469727,17.649999618530273,52323,0.0,0.0,PARSVNATH.NS,Parsvnath Developers Limited,Real Estate,Real Estate - Development,8037194752,,0.017,,26.19,11.15
2016-05-17 00:00:00+05:30,17.799999237060547,18.100000381469727,17.75,17.799999237060547,115377,0.0,0.0,PARSVNATH.NS,Parsvnath Developers Limited,Real Estate,Real Estate - Development,8037194752,,0.017,,26.19,11.15
2016-05-18 00:00:00+05:30,18.0,19.700000762939453,17.600000381469727,19.299999237060547,431860,0.0,0.0,PARSVNATH.NS,Parsvnath Developers Limited,Real Estate,Real Estate - Development,8037194752,,0.017,,26.19,11.15
2016-05-19 00:00:00+05:30,19.049999237060547,19.799999237060547,18.25,18.350000381469727,345462,0.0,0.0,PARSVNATH.NS,Parsvnath Developers Limited,Real Estate,Real Estate - Development,8037194752,,0.017,,26.19,11.15
2016-05-20 00:00:00+05:30,18.5,18.600000381469727,17.700000762939453,17.950000762939453,111918,0.0,0.0,PARSVNATH.NS,Parsvnath Developers Limited,Real Estate,Real Estate - Development,8037194752,,0.017,,26.19,11.15
2016-05-23 00:00:00+05:30,18.0,18.200000762939453,17.649999618530273,17.75,111847,0.0,0.0,PARSVNATH.NS,Parsvnath Developers Limited,Real Estate,Real Estate - Development,8037194752,,0.017,,26.19,11.15
2016-05-24 00:00:00+05:30,17.799999237060547,18.0,17.350000381469727,17.5,55330,0.0,0.0,PARSVNATH.NS,Parsvnath Developers Limited,Real Estate,Real Estate - Development,8037194752,,0.017,,26.19,11.15
2016-05-25 00:00:00+05:30,17.600000381469727,18.100000381469727,17.299999237060547,18.0,204110,0.0,0.0,PARSVNATH.NS,Parsvnath Developers Limited,Real Estate,Real Estate - Development,8037194752,,0.017,,26.19,11.15
2016-05-26 00:00:00+05:30,17.850000381469727,19.049999237060547,17.75,18.700000762939453,150874,0.0,0.0,PARSVNATH.NS,Parsvnath Developers Limited,Real Estate,Real Estate - Development,8037194752,,0.017,,26.19,11.15
2016-05-27 00:00:00+05:30,18.549999237060547,18.950000762939453,18.149999618530273,18.200000762939453,120935,0.0,0.0,PARSVNATH.NS,Parsvnath Developers Limited,Real Estate,Real Estate - Development,8037194752,,0.017,,26.19,11.15
2016-05-30 00:00:00+05:30,18.5,18.5,18.100000381469727,18.149999618530273,62072,0.0,0.0,PARSVNATH.NS,Parsvnath Developers Limited,Real Estate,Real Estate - Development,8037194752,,0.017,,26.19,11.15
2016-05-31 00:00:00+05:30,18.0,18.450000762939453,18.0,18.049999237060547,182925,0.0,0.0,PARSVNATH.NS,Parsvnath Developers Limited,Real Estate,Real Estate - Development,8037194752,,0.017,,26.19,11.15
2016-06-01 00:00:00+05:30,18.049999237060547,18.700000762939453,18.0,18.200000762939453,131976,0.0,0.0,PARSVNATH.NS,Parsvnath Developers Limited,Real Estate,Real Estate - Development,8037194752,,0.017,,26.19,11.15
2016-06-02 00:00:00+05:30,18.0,18.25,17.5,18.149999618530273,75181,0.0,0.0,PARSVNATH.NS,Parsvnath Developers Limited,Real Estate,Real Estate - Development,8037194752,,0.017,,26.19,11.15
2016-06-03 00:00:00+05:30,17.899999618530273,18.850000381469727,17.5,17.950000762939453,100283,0.0,0.0,PARSVNATH.NS,Parsvnath Developers Limited,Real Estate,Real Estate - Development,8037194752,,0.017,,26.19,11.15
2016-06-06 00:00:00+05:30,18.0,18.25,17.75,17.850000381469727,53160,0.0,0.0,PARSVNATH.NS,Parsvnath Developers Limited,Real Estate,Real Estate - Development,8037194752,,0.017,,26.19,11.15
2016-06-07 00:00:00+05:30,17.899999618530273,18.100000381469727,17.75,17.799999237060547,59117,0.0,0.0,PARSVNATH.NS,Parsvnath Developers Limited,Real Estate,Real Estate - Development,8037194752,,0.017,,26.19,11.15
2016-06-08 00:00:00+05:30,17.899999618530273,18.350000381469727,17.799999237060547,18.25,108670,0.0,0.0,PARSVNATH.NS,Parsvnath Developers Limited,Real Estate,Real Estate - Development,8037194752,,0.017,,26.19,11.15
2016-06-09 00:00:00+05:30,18.299999237060547,18.450000762939453,18.049999237060547,18.049999237060547,67709,0.0,0.0,PARSVNATH.NS,Parsvnath Developers Limited,Real Estate,Real Estate - Development,8037194752,,0.017,,26.19,11.15
2016-06-10 00:00:00+05:30,18.0,19.149999618530273,18.0,18.549999237060547,214996,0.0,0.0,PARSVNATH.NS,Parsvnath Developers Limited,Real Estate,Real Estate - Development,8037194752,,0.017,,26.19,11.15
2016-06-13 00:00:00+05:30,18.25,19.149999618530273,17.950000762939453,19.0,197660,0.0,0.0,PARSVNATH.NS,Parsvnath Developers Limited,Real Estate,Real Estate - Development,8037194752,,0.017,,26.19,11.15
2016-06-14 00:00:00+05:30,18.850000381469727,19.399999618530273,18.850000381469727,19.0,171745,0.0,0.0,PARSVNATH.NS,Parsvnath Developers Limited,Real Estate,Real Estate - Development,8037194752,,0.017,,26.19,11.15
2016-06-15 00:00:00+05:30,19.399999618530273,19.700000762939453,18.850000381469727,18.950000762939453,398209,0.0,0.0,PARSVNATH.NS,Parsvnath Developers Limited,Real Estate,Real Estate - Development,8037194752,,0.017,,26.19,11.15
2016-06-16 00:00:00+05:30,18.850000381469727,19.0,18.200000762939453,18.5,166329,0.0,0.0,PARSVNATH.NS,Parsvnath Developers Limited,Real Estate,Real Estate - Development,8037194752,,0.017,,26.19,11.15
2016-06-17 00:00:00+05:30,18.75,19.25,18.600000381469727,18.799999237060547,127154,0.0,0.0,PARSVNATH.NS,Parsvnath Developers Limited,Real Estate,Real Estate - Development,8037194752,,0.017,,26.19,11.15
2016-06-20 00:00:00+05:30,18.899999618530273,20.700000762939453,18.899999618530273,20.399999618530273,756438,0.0,0.0,PARSVNATH.NS,Parsvnath Developers Limited,Real Estate,Real Estate - Development,8037194752,,0.017,,26.19,11.15
2016-06-21 00:00:00+05:30,20.299999237060547,20.75,19.700000762939453,19.75,197545,0.0,0.0,PARSVNATH.NS,Parsvnath Developers Limited,Real Estate,Real Estate - Development,8037194752,,0.017,,26.19,11.15
2016-06-22 00:00:00+05:30,19.799999237060547,20.399999618530273,18.850000381469727,19.350000381469727,212309,0.0,0.0,PARSVNATH.NS,Parsvnath Developers Limited,Real Estate,Real Estate - Development,8037194752,,0.017,,26.19,11.15
2016-06-23 00:00:00+05:30,19.399999618530273,19.5,18.5,18.75,127519,0.0,0.0,PARSVNATH.NS,Parsvnath Developers Limited,Real Estate,Real Estate - Development,8037194752,,0.017,,26.19,11.15
2016-06-24 00:00:00+05:30,18.350000381469727,18.549999237060547,17.700000762939453,18.299999237060547,242501,0.0,0.0,PARSVNATH.NS,Parsvnath Developers Limited,Real Estate,Real Estate - Development,8037194752,,0.017,,26.19,11.15
2016-06-27 00:00:00+05:30,18.399999618530273,19.25,18.399999618530273,19.200000762939453,252092,0.0,0.0,PARSVNATH.NS,Parsvnath Developers Limited,Real Estate,Real Estate - Development,8037194752,,0.017,,26.19,11.15
2016-06-28 00:00:00+05:30,19.100000381469727,19.5,18.950000762939453,19.200000762939453,201025,0.0,0.0,PARSVNATH.NS,Parsvnath Developers Limited,Real Estate,Real Estate - Development,8037194752,,0.017,,26.19,11.15
2016-06-29 00:00:00+05:30,19.299999237060547,20.600000381469727,19.299999237060547,19.700000762939453,460683,0.0,0.0,PARSVNATH.NS,Parsvnath Developers Limited,Real Estate,Real Estate - Development,8037194752,,0.017,,26.19,11.15
2016-06-30 00:00:00+05:30,20.100000381469727,20.200000762939453,19.549999237060547,19.700000762939453,152285,0.0,0.0,PARSVNATH.NS,Parsvnath Developers Limited,Real Estate,Real Estate - Development,8037194752,,0.017,,26.19,11.15
2016-07-01 00:00:00+05:30,19.850000381469727,22.399999618530273,19.649999618530273,22.100000381469727,1721168,0.0,0.0,PARSVNATH.NS,Parsvnath Developers Limited,Real Estate,Real Estate - Development,8037194752,,0.017,,26.19,11.15
2016-07-04 00:00:00+05:30,22.0,22.75,21.549999237060547,21.649999618530273,744990,0.0,0.0,PARSVNATH.NS,Parsvnath Developers Limited,Real Estate,Real Estate - Development,8037194752,,0.017,,26.19,11.15
2016-07-05 00:00:00+05:30,21.950000762939453,24.200000762939453,21.700000762939453,22.899999618530273,1277185,0.0,0.0,PARSVNATH.NS,Parsvnath Developers Limited,Real Estate,Real Estate - Development,8037194752,,0.017,,26.19,11.15
2016-07-07 00:00:00+05:30,23.0,23.899999618530273,22.700000762939453,23.149999618530273,733986,0.0,0.0,PARSVNATH.NS,Parsvnath Developers Limited,Real Estate,Real Estate - Development,8037194752,,0.017,,26.19,11.15
2016-07-08 00:00:00+05:30,23.25,23.75,22.75,23.0,287602,0.0,0.0,PARSVNATH.NS,Parsvnath Developers Limited,Real Estate,Real Estate - Development,8037194752,,0.017,,26.19,11.15
2016-07-11 00:00:00+05:30,23.5,24.0,23.100000381469727,23.299999237060547,257124,0.0,0.0,PARSVNATH.NS,Parsvnath Developers Limited,Real Estate,Real Estate - Development,8037194752,,0.017,,26.19,11.15
2016-07-12 00:00:00+05:30,23.450000762939453,24.350000381469727,23.399999618530273,23.950000762939453,1552073,0.0,0.0,PARSVNATH.NS,Parsvnath Developers Limited,Real Estate,Real Estate - Development,8037194752,,0.017,,26.19,11.15
2016-07-13 00:00:00+05:30,24.350000381469727,24.700000762939453,23.0,23.549999237060547,502190,0.0,0.0,PARSVNATH.NS,Parsvnath Developers Limited,Real Estate,Real Estate - Development,8037194752,,0.017,,26.19,11.15
2016-07-14 00:00:00+05:30,23.25,24.100000381469727,23.100000381469727,23.549999237060547,213096,0.0,0.0,PARSVNATH.NS,Parsvnath Developers Limited,Real Estate,Real Estate - Development,8037194752,,0.017,,26.19,11.15
2016-07-15 00:00:00+05:30,23.799999237060547,23.899999618530273,22.25,23.0,416054,0.0,0.0,PARSVNATH.NS,Parsvnath Developers Limited,Real Estate,Real Estate - Development,8037194752,,0.017,,26.19,11.15
2016-07-18 00:00:00+05:30,23.299999237060547,23.399999618530273,22.100000381469727,22.25,140660,0.0,0.0,PARSVNATH.NS,Parsvnath Developers Limited,Real Estate,Real Estate - Development,8037194752,,0.017,,26.19,11.15
2016-07-19 00:00:00+05:30,22.25,22.5,21.549999237060547,21.850000381469727,132690,0.0,0.0,PARSVNATH.NS,Parsvnath Developers Limited,Real Estate,Real Estate - Development,8037194752,,0.017,,26.19,11.15
2016-07-20 00:00:00+05:30,22.0,22.700000762939453,21.899999618530273,22.049999237060547,153111,0.0,0.0,PARSVNATH.NS,Parsvnath Developers Limited,Real Estate,Real Estate - Development,8037194752,,0.017,,26.19,11.15
2016-07-21 00:00:00+05:30,22.149999618530273,22.5,21.600000381469727,21.649999618530273,148733,0.0,0.0,PARSVNATH.NS,Parsvnath Developers Limited,Real Estate,Real Estate - Development,8037194752,,0.017,,26.19,11.15
2016-07-22 00:00:00+05:30,21.700000762939453,22.600000381469727,21.5,22.5,300584,0.0,0.0,PARSVNATH.NS,Parsvnath Developers Limited,Real Estate,Real Estate - Development,8037194752,,0.017,,26.19,11.15
2016-07-25 00:00:00+05:30,22.5,23.200000762939453,22.299999237060547,23.0,176780,0.0,0.0,PARSVNATH.NS,Parsvnath Developers Limited,Real Estate,Real Estate - Development,8037194752,,0.017,,26.19,11.15
2016-07-26 00:00:00+05:30,22.399999618530273,24.350000381469727,22.399999618530273,23.549999237060547,596712,0.0,0.0,PARSVNATH.NS,Parsvnath Developers Limited,Real Estate,Real Estate - Development,8037194752,,0.017,,26.19,11.15
2016-07-27 00:00:00+05:30,23.549999237060547,24.100000381469727,22.75,22.950000762939453,172781,0.0,0.0,PARSVNATH.NS,Parsvnath Developers Limited,Real Estate,Real Estate - Development,8037194752,,0.017,,26.19,11.15
2016-07-28 00:00:00+05:30,22.600000381469727,23.549999237060547,22.600000381469727,23.0,445430,0.0,0.0,PARSVNATH.NS,Parsvnath Developers Limited,Real Estate,Real Estate - Development,8037194752,,0.017,,26.19,11.15
2016-07-29 00:00:00+05:30,22.950000762939453,24.75,22.75,23.950000762939453,3217844,0.0,0.0,PARSVNATH.NS,Parsvnath Developers Limited,Real Estate,Real Estate - Development,8037194752,,0.017,,26.19,11.15
2016-08-01 00:00:00+05:30,23.850000381469727,23.950000762939453,23.0,23.100000381469727,189595,0.0,0.0,PARSVNATH.NS,Parsvnath Developers Limited,Real Estate,Real Estate - Development,8037194752,,0.017,,26.19,11.15
2016-08-02 00:00:00+05:30,23.350000381469727,23.399999618530273,21.799999237060547,22.200000762939453,601547,0.0,0.0,PARSVNATH.NS,Parsvnath Developers Limited,Real Estate,Real Estate - Development,8037194752,,0.017,,26.19,11.15
2016-08-03 00:00:00+05:30,22.399999618530273,22.5,21.5,21.75,333340,0.0,0.0,PARSVNATH.NS,Parsvnath Developers Limited,Real Estate,Real Estate - Development,8037194752,,0.017,,26.19,11.15
2016-08-04 00:00:00+05:30,21.899999618530273,22.100000381469727,20.850000381469727,21.100000381469727,251719,0.0,0.0,PARSVNATH.NS,Parsvnath Developers Limited,Real Estate,Real Estate - Development,8037194752,,0.017,,26.19,11.15
2016-08-05 00:00:00+05:30,21.25,21.399999618530273,20.0,20.600000381469727,225554,0.0,0.0,PARSVNATH.NS,Parsvnath Developers Limited,Real Estate,Real Estate - Development,8037194752,,0.017,,26.19,11.15
2016-08-08 00:00:00+05:30,20.600000381469727,20.899999618530273,20.350000381469727,20.450000762939453,133203,0.0,0.0,PARSVNATH.NS,Parsvnath Developers Limited,Real Estate,Real Estate - Development,8037194752,,0.017,,26.19,11.15
2016-08-09 00:00:00+05:30,20.549999237060547,21.399999618530273,20.200000762939453,20.549999237060547,697128,0.0,0.0,PARSVNATH.NS,Parsvnath Developers Limited,Real Estate,Real Estate - Development,8037194752,,0.017,,26.19,11.15
2016-08-10 00:00:00+05:30,20.649999618530273,20.75,19.399999618530273,19.549999237060547,150021,0.0,0.0,PARSVNATH.NS,Parsvnath Developers Limited,Real Estate,Real Estate - Development,8037194752,,0.017,,26.19,11.15
2016-08-11 00:00:00+05:30,19.5,19.899999618530273,19.0,19.100000381469727,132525,0.0,0.0,PARSVNATH.NS,Parsvnath Developers Limited,Real Estate,Real Estate - Development,8037194752,,0.017,,26.19,11.15
2016-08-12 00:00:00+05:30,19.399999618530273,19.600000381469727,19.0,19.049999237060547,118298,0.0,0.0,PARSVNATH.NS,Parsvnath Developers Limited,Real Estate,Real Estate - Development,8037194752,,0.017,,26.19,11.15
2016-08-16 00:00:00+05:30,19.049999237060547,19.350000381469727,18.600000381469727,18.850000381469727,132939,0.0,0.0,PARSVNATH.NS,Parsvnath Developers Limited,Real Estate,Real Estate - Development,8037194752,,0.017,,26.19,11.15
2016-08-17 00:00:00+05:30,19.0,19.299999237060547,18.649999618530273,18.75,121287,0.0,0.0,PARSVNATH.NS,Parsvnath Developers Limited,Real Estate,Real Estate - Development,8037194752,,0.017,,26.19,11.15
2016-08-18 00:00:00+05:30,18.700000762939453,19.100000381469727,18.100000381469727,18.700000762939453,190215,0.0,0.0,PARSVNATH.NS,Parsvnath Developers Limited,Real Estate,Real Estate - Development,8037194752,,0.017,,26.19,11.15
2016-08-19 00:00:00+05:30,18.899999618530273,19.299999237060547,18.600000381469727,19.0,529671,0.0,0.0,PARSVNATH.NS,Parsvnath Developers Limited,Real Estate,Real Estate - Development,8037194752,,0.017,,26.19,11.15
2016-08-22 00:00:00+05:30,19.200000762939453,19.299999237060547,18.600000381469727,18.649999618530273,155856,0.0,0.0,PARSVNATH.NS,Parsvnath Developers Limited,Real Estate,Real Estate - Development,8037194752,,0.017,,26.19,11.15
2016-08-23 00:00:00+05:30,18.75,18.899999618530273,18.5,18.649999618530273,119505,0.0,0.0,PARSVNATH.NS,Parsvnath Developers Limited,Real Estate,Real Estate - Development,8037194752,,0.017,,26.19,11.15
2016-08-24 00:00:00+05:30,18.75,19.25,18.649999618530273,18.75,213498,0.0,0.0,PARSVNATH.NS,Parsvnath Developers Limited,Real Estate,Real Estate - Development,8037194752,,0.017,,26.19,11.15
2016-08-25 00:00:00+05:30,18.799999237060547,19.049999237060547,18.399999618530273,18.549999237060547,174279,0.0,0.0,PARSVNATH.NS,Parsvnath Developers Limited,Real Estate,Real Estate - Development,8037194752,,0.017,,26.19,11.15
2016-08-26 00:00:00+05:30,18.600000381469727,18.799999237060547,17.850000381469727,17.950000762939453,280664,0.0,0.0,PARSVNATH.NS,Parsvnath Developers Limited,Real Estate,Real Estate - Development,8037194752,,0.017,,26.19,11.15
2016-08-29 00:00:00+05:30,17.450000762939453,17.75,16.149999618530273,16.25,980787,0.0,0.0,PARSVNATH.NS,Parsvnath Developers Limited,Real Estate,Real Estate - Development,8037194752,,0.017,,26.19,11.15
2016-08-30 00:00:00+05:30,16.5,16.899999618530273,16.100000381469727,16.450000762939453,245845,0.0,0.0,PARSVNATH.NS,Parsvnath Developers Limited,Real Estate,Real Estate - Development,8037194752,,0.017,,26.19,11.15
2016-08-31 00:00:00+05:30,16.75,17.600000381469727,16.450000762939453,16.899999618530273,374041,0.0,0.0,PARSVNATH.NS,Parsvnath Developers Limited,Real Estate,Real Estate - Development,8037194752,,0.017,,26.19,11.15
2016-09-01 00:00:00+05:30,17.0,17.399999618530273,16.5,16.549999237060547,168385,0.0,0.0,PARSVNATH.NS,Parsvnath Developers Limited,Real Estate,Real Estate - Development,8037194752,,0.017,,26.19,11.15
2016-09-02 00:00:00+05:30,16.700000762939453,17.0,16.600000381469727,16.75,156986,0.0,0.0,PARSVNATH.NS,Parsvnath Developers Limited,Real Estate,Real Estate - Development,8037194752,,0.017,,26.19,11.15
2016-09-06 00:00:00+05:30,17.0,17.399999618530273,16.75,16.899999618530273,268641,0.0,0.0,PARSVNATH.NS,Parsvnath Developers Limited,Real Estate,Real Estate - Development,8037194752,,0.017,,26.19,11.15
2016-09-07 00:00:00+05:30,16.899999618530273,17.799999237060547,16.850000381469727,17.149999618530273,357570,0.0,0.0,PARSVNATH.NS,Parsvnath Developers Limited,Real Estate,Real Estate - Development,8037194752,,0.017,,26.19,11.15
2016-09-08 00:00:00+05:30,17.100000381469727,18.299999237060547,14.699999809265137,16.600000381469727,2010284,0.0,0.0,PARSVNATH.NS,Parsvnath Developers Limited,Real Estate,Real Estate - Development,8037194752,,0.017,,26.19,11.15
2016-09-09 00:00:00+05:30,14.550000190734863,15.600000381469727,14.100000381469727,15.100000381469727,2460719,0.0,0.0,PARSVNATH.NS,Parsvnath Developers Limited,Real Estate,Real Estate - Development,8037194752,,0.017,,26.19,11.15
2016-09-12 00:00:00+05:30,14.850000381469727,15.25,14.850000381469727,14.949999809265137,801812,0.0,0.0,PARSVNATH.NS,Parsvnath Developers Limited,Real Estate,Real Estate - Development,8037194752,,0.017,,26.19,11.15
2016-09-14 00:00:00+05:30,15.199999809265137,15.199999809265137,14.600000381469727,14.850000381469727,410612,0.0,0.0,PARSVNATH.NS,Parsvnath Developers Limited,Real Estate,Real Estate - Development,8037194752,,0.017,,26.19,11.15
2016-09-15 00:00:00+05:30,15.0,15.100000381469727,14.0,14.649999618530273,1611171,0.0,0.0,PARSVNATH.NS,Parsvnath Developers Limited,Real Estate,Real Estate - Development,8037194752,,0.017,,26.19,11.15
2016-09-16 00:00:00+05:30,14.699999809265137,14.75,14.100000381469727,14.199999809265137,2028473,0.0,0.0,PARSVNATH.NS,Parsvnath Developers Limited,Real Estate,Real Estate - Development,8037194752,,0.017,,26.19,11.15
2016-09-19 00:00:00+05:30,14.199999809265137,14.25,13.850000381469727,14.0,524985,0.0,0.0,PARSVNATH.NS,Parsvnath Developers Limited,Real Estate,Real Estate - Development,8037194752,,0.017,,26.19,11.15
2016-09-20 00:00:00+05:30,14.0,14.050000190734863,13.699999809265137,13.850000381469727,245836,0.0,0.0,PARSVNATH.NS,Parsvnath Developers Limited,Real Estate,Real Estate - Development,8037194752,,0.017,,26.19,11.15
2016-09-21 00:00:00+05:30,13.800000190734863,14.050000190734863,13.800000190734863,13.800000190734863,757741,0.0,0.0,PARSVNATH.NS,Parsvnath Developers Limited,Real Estate,Real Estate - Development,8037194752,,0.017,,26.19,11.15
2016-09-22 00:00:00+05:30,14.0,14.0,13.800000190734863,13.850000381469727,197424,0.0,0.0,PARSVNATH.NS,Parsvnath Developers Limited,Real Estate,Real Estate - Development,8037194752,,0.017,,26.19,11.15
2016-09-23 00:00:00+05:30,13.949999809265137,14.300000190734863,13.899999618530273,14.050000190734863,360977,0.0,0.0,PARSVNATH.NS,Parsvnath Developers Limited,Real Estate,Real Estate - Development,8037194752,,0.017,,26.19,11.15
2016-09-26 00:00:00+05:30,14.0,14.100000381469727,12.899999618530273,13.199999809265137,1330197,0.0,0.0,PARSVNATH.NS,Parsvnath Developers Limited,Real Estate,Real Estate - Development,8037194752,,0.017,,26.19,11.15
2016-09-27 00:00:00+05:30,13.399999618530273,13.649999618530273,13.25,13.449999809265137,435108,0.0,0.0,PARSVNATH.NS,Parsvnath Developers Limited,Real Estate,Real Estate - Development,8037194752,,0.017,,26.19,11.15
2016-09-28 00:00:00+05:30,13.649999618530273,13.800000190734863,13.5,13.75,586345,0.0,0.0,PARSVNATH.NS,Parsvnath Developers Limited,Real Estate,Real Estate - Development,8037194752,,0.017,,26.19,11.15
2016-09-29 00:00:00+05:30,13.899999618530273,14.75,13.199999809265137,13.300000190734863,1041291,0.0,0.0,PARSVNATH.NS,Parsvnath Developers Limited,Real Estate,Real Estate - Development,8037194752,,0.017,,26.19,11.15
2016-09-30 00:00:00+05:30,13.449999809265137,13.600000381469727,13.199999809265137,13.5,183244,0.0,0.0,PARSVNATH.NS,Parsvnath Developers Limited,Real Estate,Real Estate - Development,8037194752,,0.017,,26.19,11.15
2016-10-03 00:00:00+05:30,13.699999809265137,14.350000381469727,13.5,13.949999809265137,270697,0.0,0.0,PARSVNATH.NS,Parsvnath Developers Limited,Real Estate,Real Estate - Development,8037194752,,0.017,,26.19,11.15
2016-10-04 00:00:00+05:30,14.0,14.25,13.800000190734863,13.899999618530273,181420,0.0,0.0,PARSVNATH.NS,Parsvnath Developers Limited,Real Estate,Real Estate - Development,8037194752,,0.017,,26.19,11.15
2016-10-05 00:00:00+05:30,14.0,14.199999809265137,13.899999618530273,14.100000381469727,140944,0.0,0.0,PARSVNATH.NS,Parsvnath Developers Limited,Real Estate,Real Estate - Development,8037194752,,0.017,,26.19,11.15
2016-10-06 00:00:00+05:30,14.100000381469727,14.199999809265137,13.850000381469727,13.949999809265137,151052,0.0,0.0,PARSVNATH.NS,Parsvnath Developers Limited,Real Estate,Real Estate - Development,8037194752,,0.017,,26.19,11.15
2016-10-07 00:00:00+05:30,13.949999809265137,14.0,13.75,13.800000190734863,105342,0.0,0.0,PARSVNATH.NS,Parsvnath Developers Limited,Real Estate,Real Estate - Development,8037194752,,0.017,,26.19,11.15
2016-10-10 00:00:00+05:30,13.800000190734863,14.050000190734863,13.800000190734863,13.949999809265137,143058,0.0,0.0,PARSVNATH.NS,Parsvnath Developers Limited,Real Estate,Real Estate - Development,8037194752,,0.017,,26.19,11.15
2016-10-13 00:00:00+05:30,13.75,14.800000190734863,13.75,14.050000190734863,2148287,0.0,0.0,PARSVNATH.NS,Parsvnath Developers Limited,Real Estate,Real Estate - Development,8037194752,,0.017,,26.19,11.15
2016-10-14 00:00:00+05:30,14.100000381469727,14.300000190734863,13.949999809265137,14.0,136910,0.0,0.0,PARSVNATH.NS,Parsvnath Developers Limited,Real Estate,Real Estate - Development,8037194752,,0.017,,26.19,11.15
2016-10-17 00:00:00+05:30,14.0,14.149999618530273,13.899999618530273,13.949999809265137,82960,0.0,0.0,PARSVNATH.NS,Parsvnath Developers Limited,Real Estate,Real Estate - Development,8037194752,,0.017,,26.19,11.15
2016-10-18 00:00:00+05:30,14.149999618530273,14.600000381469727,13.550000190734863,14.050000190734863,633646,0.0,0.0,PARSVNATH.NS,Parsvnath Developers Limited,Real Estate,Real Estate - Development,8037194752,,0.017,,26.19,11.15
2016-10-19 00:00:00+05:30,13.899999618530273,14.0,13.699999809265137,13.949999809265137,118871,0.0,0.0,PARSVNATH.NS,Parsvnath Developers Limited,Real Estate,Real Estate - Development,8037194752,,0.017,,26.19,11.15
2016-10-20 00:00:00+05:30,13.949999809265137,14.100000381469727,13.800000190734863,14.0,128873,0.0,0.0,PARSVNATH.NS,Parsvnath Developers Limited,Real Estate,Real Estate - Development,8037194752,,0.017,,26.19,11.15
2016-10-21 00:00:00+05:30,13.949999809265137,14.0,13.600000381469727,13.699999809265137,379375,0.0,0.0,PARSVNATH.NS,Parsvnath Developers Limited,Real Estate,Real Estate - Development,8037194752,,0.017,,26.19,11.15
2016-10-24 00:00:00+05:30,14.0,14.050000190734863,13.550000190734863,13.699999809265137,300051,0.0,0.0,PARSVNATH.NS,Parsvnath Developers Limited,Real Estate,Real Estate - Development,8037194752,,0.017,,26.19,11.15
2016-10-25 00:00:00+05:30,13.800000190734863,13.800000190734863,13.649999618530273,13.699999809265137,122278,0.0,0.0,PARSVNATH.NS,Parsvnath Developers Limited,Real Estate,Real Estate - Development,8037194752,,0.017,,26.19,11.15
2016-10-26 00:00:00+05:30,13.5,13.75,13.5,13.649999618530273,246497,0.0,0.0,PARSVNATH.NS,Parsvnath Developers Limited,Real Estate,Real Estate - Development,8037194752,,0.017,,26.19,11.15
2016-10-27 00:00:00+05:30,13.699999809265137,13.699999809265137,13.449999809265137,13.5,176750,0.0,0.0,PARSVNATH.NS,Parsvnath Developers Limited,Real Estate,Real Estate - Development,8037194752,,0.017,,26.19,11.15
2016-10-28 00:00:00+05:30,13.600000381469727,13.699999809265137,13.449999809265137,13.5,122351,0.0,0.0,PARSVNATH.NS,Parsvnath Developers Limited,Real Estate,Real Estate - Development,8037194752,,0.017,,26.19,11.15
2016-11-01 00:00:00+05:30,13.800000190734863,14.300000190734863,13.800000190734863,14.199999809265137,561209,0.0,0.0,PARSVNATH.NS,Parsvnath Developers Limited,Real Estate,Real Estate - Development,8037194752,,0.017,,26.19,11.15
2016-11-02 00:00:00+05:30,14.199999809265137,14.199999809265137,13.850000381469727,13.949999809265137,294310,0.0,0.0,PARSVNATH.NS,Parsvnath Developers Limited,Real Estate,Real Estate - Development,8037194752,,0.017,,26.19,11.15
2016-11-03 00:00:00+05:30,13.949999809265137,14.0,13.649999618530273,13.75,113595,0.0,0.0,PARSVNATH.NS,Parsvnath Developers Limited,Real Estate,Real Estate - Development,8037194752,,0.017,,26.19,11.15
2016-11-04 00:00:00+05:30,13.850000381469727,13.850000381469727,13.350000381469727,13.399999618530273,122480,0.0,0.0,PARSVNATH.NS,Parsvnath Developers Limited,Real Estate,Real Estate - Development,8037194752,,0.017,,26.19,11.15
2016-11-07 00:00:00+05:30,13.399999618530273,13.699999809265137,13.399999618530273,13.600000381469727,155729,0.0,0.0,PARSVNATH.NS,Parsvnath Developers Limited,Real Estate,Real Estate - Development,8037194752,,0.017,,26.19,11.15
2016-11-08 00:00:00+05:30,13.699999809265137,13.699999809265137,13.399999618530273,13.5,47477,0.0,0.0,PARSVNATH.NS,Parsvnath Developers Limited,Real Estate,Real Estate - Development,8037194752,,0.017,,26.19,11.15
2016-11-09 00:00:00+05:30,12.899999618530273,12.899999618530273,11.199999809265137,12.449999809265137,381351,0.0,0.0,PARSVNATH.NS,Parsvnath Developers Limited,Real Estate,Real Estate - Development,8037194752,,0.017,,26.19,11.15
2016-11-10 00:00:00+05:30,12.5,13.300000190734863,12.399999618530273,12.949999809265137,197209,0.0,0.0,PARSVNATH.NS,Parsvnath Developers Limited,Real Estate,Real Estate - Development,8037194752,,0.017,,26.19,11.15
2016-11-11 00:00:00+05:30,12.800000190734863,13.149999618530273,12.399999618530273,12.550000190734863,88408,0.0,0.0,PARSVNATH.NS,Parsvnath Developers Limited,Real Estate,Real Estate - Development,8037194752,,0.017,,26.19,11.15
2016-11-15 00:00:00+05:30,12.25,12.300000190734863,10.949999809265137,12.100000381469727,592566,0.0,0.0,PARSVNATH.NS,Parsvnath Developers Limited,Real Estate,Real Estate - Development,8037194752,,0.017,,26.19,11.15
2016-11-16 00:00:00+05:30,12.0,12.100000381469727,11.300000190734863,11.699999809265137,425050,0.0,0.0,PARSVNATH.NS,Parsvnath Developers Limited,Real Estate,Real Estate - Development,8037194752,,0.017,,26.19,11.15
2016-11-17 00:00:00+05:30,11.399999618530273,13.5,11.199999809265137,13.050000190734863,859021,0.0,0.0,PARSVNATH.NS,Parsvnath Developers Limited,Real Estate,Real Estate - Development,8037194752,,0.017,,26.19,11.15
2016-11-18 00:00:00+05:30,13.100000381469727,13.699999809265137,12.649999618530273,13.399999618530273,443456,0.0,0.0,PARSVNATH.NS,Parsvnath Developers Limited,Real Estate,Real Estate - Development,8037194752,,0.017,,26.19,11.15
2016-11-21 00:00:00+05:30,13.5,14.0,12.550000190734863,13.199999809265137,526342,0.0,0.0,PARSVNATH.NS,Parsvnath Developers Limited,Real Estate,Real Estate - Development,8037194752,,0.017,,26.19,11.15
2016-11-22 00:00:00+05:30,13.100000381469727,13.5,12.600000381469727,13.149999618530273,251338,0.0,0.0,PARSVNATH.NS,Parsvnath Developers Limited,Real Estate,Real Estate - Development,8037194752,,0.017,,26.19,11.15
2016-11-23 00:00:00+05:30,13.199999809265137,13.300000190734863,12.649999618530273,12.800000190734863,200676,0.0,0.0,PARSVNATH.NS,Parsvnath Developers Limited,Real Estate,Real Estate - Development,8037194752,,0.017,,26.19,11.15
2016-11-24 00:00:00+05:30,12.75,12.75,12.399999618530273,12.449999809265137,212352,0.0,0.0,PARSVNATH.NS,Parsvnath Developers Limited,Real Estate,Real Estate - Development,8037194752,,0.017,,26.19,11.15
2016-11-25 00:00:00+05:30,12.600000381469727,12.600000381469727,12.199999809265137,12.350000381469727,114093,0.0,0.0,PARSVNATH.NS,Parsvnath Developers Limited,Real Estate,Real Estate - Development,8037194752,,0.017,,26.19,11.15
2016-11-28 00:00:00+05:30,12.350000381469727,12.649999618530273,12.25,12.550000190734863,65202,0.0,0.0,PARSVNATH.NS,Parsvnath Developers Limited,Real Estate,Real Estate - Development,8037194752,,0.017,,26.19,11.15
2016-11-29 00:00:00+05:30,12.649999618530273,12.800000190734863,12.449999809265137,12.5,217847,0.0,0.0,PARSVNATH.NS,Parsvnath Developers Limited,Real Estate,Real Estate - Development,8037194752,,0.017,,26.19,11.15
2016-11-30 00:00:00+05:30,12.800000190734863,12.800000190734863,12.25,12.399999618530273,440351,0.0,0.0,PARSVNATH.NS,Parsvnath Developers Limited,Real Estate,Real Estate - Development,8037194752,,0.017,,26.19,11.15
2016-12-01 00:00:00+05:30,12.399999618530273,12.600000381469727,12.149999618530273,12.199999809265137,152382,0.0,0.0,PARSVNATH.NS,Parsvnath Developers Limited,Real Estate,Real Estate - Development,8037194752,,0.017,,26.19,11.15
2016-12-02 00:00:00+05:30,12.25,12.600000381469727,12.100000381469727,12.5,165207,0.0,0.0,PARSVNATH.NS,Parsvnath Developers Limited,Real Estate,Real Estate - Development,8037194752,,0.017,,26.19,11.15
2016-12-05 00:00:00+05:30,12.800000190734863,13.25,12.600000381469727,13.050000190734863,645154,0.0,0.0,PARSVNATH.NS,Parsvnath Developers Limited,Real Estate,Real Estate - Development,8037194752,,0.017,,26.19,11.15
2016-12-06 00:00:00+05:30,13.050000190734863,13.100000381469727,12.949999809265137,12.949999809265137,102920,0.0,0.0,PARSVNATH.NS,Parsvnath Developers Limited,Real Estate,Real Estate - Development,8037194752,,0.017,,26.19,11.15
2016-12-07 00:00:00+05:30,12.850000381469727,13.050000190734863,12.649999618530273,12.800000190734863,148280,0.0,0.0,PARSVNATH.NS,Parsvnath Developers Limited,Real Estate,Real Estate - Development,8037194752,,0.017,,26.19,11.15
2016-12-08 00:00:00+05:30,12.649999618530273,13.100000381469727,12.649999618530273,12.899999618530273,89272,0.0,0.0,PARSVNATH.NS,Parsvnath Developers Limited,Real Estate,Real Estate - Development,8037194752,,0.017,,26.19,11.15
2016-12-09 00:00:00+05:30,13.0,13.100000381469727,12.899999618530273,13.050000190734863,127485,0.0,0.0,PARSVNATH.NS,Parsvnath Developers Limited,Real Estate,Real Estate - Development,8037194752,,0.017,,26.19,11.15
2016-12-12 00:00:00+05:30,13.050000190734863,13.100000381469727,12.850000381469727,12.899999618530273,117012,0.0,0.0,PARSVNATH.NS,Parsvnath Developers Limited,Real Estate,Real Estate - Development,8037194752,,0.017,,26.19,11.15
2016-12-13 00:00:00+05:30,12.800000190734863,12.949999809265137,12.75,12.899999618530273,74730,0.0,0.0,PARSVNATH.NS,Parsvnath Developers Limited,Real Estate,Real Estate - Development,8037194752,,0.017,,26.19,11.15
2016-12-14 00:00:00+05:30,13.0,13.0,12.75,12.75,30034,0.0,0.0,PARSVNATH.NS,Parsvnath Developers Limited,Real Estate,Real Estate - Development,8037194752,,0.017,,26.19,11.15
2016-12-15 00:00:00+05:30,12.75,12.899999618530273,12.600000381469727,12.649999618530273,31995,0.0,0.0,PARSVNATH.NS,Parsvnath Developers Limited,Real Estate,Real Estate - Development,8037194752,,0.017,,26.19,11.15
2016-12-16 00:00:00+05:30,12.75,12.75,12.399999618530273,12.399999618530273,124948,0.0,0.0,PARSVNATH.NS,Parsvnath Developers Limited,Real Estate,Real Estate - Development,8037194752,,0.017,,26.19,11.15
2016-12-19 00:00:00+05:30,12.300000190734863,12.649999618530273,12.100000381469727,12.300000190734863,183544,0.0,0.0,PARSVNATH.NS,Parsvnath Developers Limited,Real Estate,Real Estate - Development,8037194752,,0.017,,26.19,11.15
2016-12-20 00:00:00+05:30,12.449999809265137,13.100000381469727,12.100000381469727,12.75,207468,0.0,0.0,PARSVNATH.NS,Parsvnath Developers Limited,Real Estate,Real Estate - Development,8037194752,,0.017,,26.19,11.15
2016-12-21 00:00:00+05:30,12.800000190734863,13.050000190734863,12.5,12.899999618530273,87800,0.0,0.0,PARSVNATH.NS,Parsvnath Developers Limited,Real Estate,Real Estate - Development,8037194752,,0.017,,26.19,11.15
2016-12-22 00:00:00+05:30,13.199999809265137,13.199999809265137,12.550000190734863,12.600000381469727,276960,0.0,0.0,PARSVNATH.NS,Parsvnath Developers Limited,Real Estate,Real Estate - Development,8037194752,,0.017,,26.19,11.15
2016-12-23 00:00:00+05:30,12.75,13.0,12.399999618530273,12.75,151894,0.0,0.0,PARSVNATH.NS,Parsvnath Developers Limited,Real Estate,Real Estate - Development,8037194752,,0.017,,26.19,11.15
2016-12-26 00:00:00+05:30,12.600000381469727,12.649999618530273,12.350000381469727,12.399999618530273,90174,0.0,0.0,PARSVNATH.NS,Parsvnath Developers Limited,Real Estate,Real Estate - Development,8037194752,,0.017,,26.19,11.15
2016-12-27 00:00:00+05:30,12.5,12.949999809265137,12.350000381469727,12.550000190734863,169553,0.0,0.0,PARSVNATH.NS,Parsvnath Developers Limited,Real Estate,Real Estate - Development,8037194752,,0.017,,26.19,11.15
2016-12-28 00:00:00+05:30,12.75,13.050000190734863,12.5,12.899999618530273,184518,0.0,0.0,PARSVNATH.NS,Parsvnath Developers Limited,Real Estate,Real Estate - Development,8037194752,,0.017,,26.19,11.15
2016-12-29 00:00:00+05:30,12.75,13.0,12.600000381469727,12.699999809265137,1768281,0.0,0.0,PARSVNATH.NS,Parsvnath Developers Limited,Real Estate,Real Estate - Development,8037194752,,0.017,,26.19,11.15
2016-12-30 00:00:00+05:30,12.600000381469727,13.050000190734863,12.600000381469727,12.949999809265137,102729,0.0,0.0,PARSVNATH.NS,Parsvnath Developers Limited,Real Estate,Real Estate - Development,8037194752,,0.017,,26.19,11.15
2017-01-02 00:00:00+05:30,13.050000190734863,13.5,13.050000190734863,13.350000381469727,207342,0.0,0.0,PARSVNATH.NS,Parsvnath Developers Limited,Real Estate,Real Estate - Development,8037194752,,0.017,,26.19,11.15
2017-01-03 00:00:00+05:30,13.550000190734863,13.600000381469727,13.199999809265137,13.399999618530273,40222,0.0,0.0,PARSVNATH.NS,Parsvnath Developers Limited,Real Estate,Real Estate - Development,8037194752,,0.017,,26.19,11.15
2017-01-04 00:00:00+05:30,13.199999809265137,13.75,13.199999809265137,13.649999618530273,117877,0.0,0.0,PARSVNATH.NS,Parsvnath Developers Limited,Real Estate,Real Estate - Development,8037194752,,0.017,,26.19,11.15
2017-01-05 00:00:00+05:30,13.600000381469727,13.699999809265137,13.5,13.649999618530273,66056,0.0,0.0,PARSVNATH.NS,Parsvnath Developers Limited,Real Estate,Real Estate - Development,8037194752,,0.017,,26.19,11.15
2017-01-06 00:00:00+05:30,13.5,13.75,13.5,13.550000190734863,50330,0.0,0.0,PARSVNATH.NS,Parsvnath Developers Limited,Real Estate,Real Estate - Development,8037194752,,0.017,,26.19,11.15
2017-01-09 00:00:00+05:30,13.699999809265137,13.75,13.399999618530273,13.550000190734863,103116,0.0,0.0,PARSVNATH.NS,Parsvnath Developers Limited,Real Estate,Real Estate - Development,8037194752,,0.017,,26.19,11.15
2017-01-10 00:00:00+05:30,13.600000381469727,13.699999809265137,13.399999618530273,13.5,29161,0.0,0.0,PARSVNATH.NS,Parsvnath Developers Limited,Real Estate,Real Estate - Development,8037194752,,0.017,,26.19,11.15
2017-01-11 00:00:00+05:30,13.5,13.600000381469727,13.350000381469727,13.399999618530273,69694,0.0,0.0,PARSVNATH.NS,Parsvnath Developers Limited,Real Estate,Real Estate - Development,8037194752,,0.017,,26.19,11.15
2017-01-12 00:00:00+05:30,13.5,13.699999809265137,13.050000190734863,13.449999809265137,90696,0.0,0.0,PARSVNATH.NS,Parsvnath Developers Limited,Real Estate,Real Estate - Development,8037194752,,0.017,,26.19,11.15
2017-01-13 00:00:00+05:30,13.399999618530273,13.649999618530273,13.199999809265137,13.25,48435,0.0,0.0,PARSVNATH.NS,Parsvnath Developers Limited,Real Estate,Real Estate - Development,8037194752,,0.017,,26.19,11.15
2017-01-16 00:00:00+05:30,13.300000190734863,13.600000381469727,13.25,13.5,38886,0.0,0.0,PARSVNATH.NS,Parsvnath Developers Limited,Real Estate,Real Estate - Development,8037194752,,0.017,,26.19,11.15
2017-01-17 00:00:00+05:30,13.600000381469727,13.600000381469727,13.25,13.399999618530273,27856,0.0,0.0,PARSVNATH.NS,Parsvnath Developers Limited,Real Estate,Real Estate - Development,8037194752,,0.017,,26.19,11.15
2017-01-18 00:00:00+05:30,13.5,13.699999809265137,13.100000381469727,13.149999618530273,95868,0.0,0.0,PARSVNATH.NS,Parsvnath Developers Limited,Real Estate,Real Estate - Development,8037194752,,0.017,,26.19,11.15
2017-01-19 00:00:00+05:30,13.399999618530273,13.399999618530273,13.0,13.149999618530273,64228,0.0,0.0,PARSVNATH.NS,Parsvnath Developers Limited,Real Estate,Real Estate - Development,8037194752,,0.017,,26.19,11.15
2017-01-20 00:00:00+05:30,13.350000381469727,13.350000381469727,13.050000190734863,13.100000381469727,29780,0.0,0.0,PARSVNATH.NS,Parsvnath Developers Limited,Real Estate,Real Estate - Development,8037194752,,0.017,,26.19,11.15
2017-01-23 00:00:00+05:30,13.199999809265137,13.399999618530273,13.100000381469727,13.100000381469727,46889,0.0,0.0,PARSVNATH.NS,Parsvnath Developers Limited,Real Estate,Real Estate - Development,8037194752,,0.017,,26.19,11.15
2017-01-24 00:00:00+05:30,13.300000190734863,13.300000190734863,12.949999809265137,13.100000381469727,27760,0.0,0.0,PARSVNATH.NS,Parsvnath Developers Limited,Real Estate,Real Estate - Development,8037194752,,0.017,,26.19,11.15
2017-01-25 00:00:00+05:30,13.100000381469727,13.199999809265137,13.0,13.100000381469727,76478,0.0,0.0,PARSVNATH.NS,Parsvnath Developers Limited,Real Estate,Real Estate - Development,8037194752,,0.017,,26.19,11.15
2017-01-27 00:00:00+05:30,13.300000190734863,14.600000381469727,13.050000190734863,13.649999618530273,218178,0.0,0.0,PARSVNATH.NS,Parsvnath Developers Limited,Real Estate,Real Estate - Development,8037194752,,0.017,,26.19,11.15
2017-01-30 00:00:00+05:30,13.800000190734863,13.800000190734863,13.399999618530273,13.550000190734863,72771,0.0,0.0,PARSVNATH.NS,Parsvnath Developers Limited,Real Estate,Real Estate - Development,8037194752,,0.017,,26.19,11.15
2017-01-31 00:00:00+05:30,13.5,13.699999809265137,13.100000381469727,13.199999809265137,109639,0.0,0.0,PARSVNATH.NS,Parsvnath Developers Limited,Real Estate,Real Estate - Development,8037194752,,0.017,,26.19,11.15
2017-02-01 00:00:00+05:30,13.300000190734863,13.899999618530273,13.100000381469727,13.699999809265137,244117,0.0,0.0,PARSVNATH.NS,Parsvnath Developers Limited,Real Estate,Real Estate - Development,8037194752,,0.017,,26.19,11.15
2017-02-02 00:00:00+05:30,13.699999809265137,14.0,13.5,13.550000190734863,169469,0.0,0.0,PARSVNATH.NS,Parsvnath Developers Limited,Real Estate,Real Estate - Development,8037194752,,0.017,,26.19,11.15
2017-02-03 00:00:00+05:30,13.550000190734863,14.699999809265137,13.300000190734863,14.199999809265137,367837,0.0,0.0,PARSVNATH.NS,Parsvnath Developers Limited,Real Estate,Real Estate - Development,8037194752,,0.017,,26.19,11.15
2017-02-06 00:00:00+05:30,14.0,14.5,13.899999618530273,14.149999618530273,450212,0.0,0.0,PARSVNATH.NS,Parsvnath Developers Limited,Real Estate,Real Estate - Development,8037194752,,0.017,,26.19,11.15
2017-02-07 00:00:00+05:30,14.25,14.649999618530273,13.949999809265137,14.0,301653,0.0,0.0,PARSVNATH.NS,Parsvnath Developers Limited,Real Estate,Real Estate - Development,8037194752,,0.017,,26.19,11.15
2017-02-08 00:00:00+05:30,14.0,14.649999618530273,13.949999809265137,14.100000381469727,213172,0.0,0.0,PARSVNATH.NS,Parsvnath Developers Limited,Real Estate,Real Estate - Development,8037194752,,0.017,,26.19,11.15
2017-02-09 00:00:00+05:30,14.199999809265137,14.449999809265137,13.600000381469727,13.649999618530273,211209,0.0,0.0,PARSVNATH.NS,Parsvnath Developers Limited,Real Estate,Real Estate - Development,8037194752,,0.017,,26.19,11.15
2017-02-10 00:00:00+05:30,13.850000381469727,14.0,13.649999618530273,13.699999809265137,78912,0.0,0.0,PARSVNATH.NS,Parsvnath Developers Limited,Real Estate,Real Estate - Development,8037194752,,0.017,,26.19,11.15
2017-02-13 00:00:00+05:30,13.5,13.75,13.350000381469727,13.5,117830,0.0,0.0,PARSVNATH.NS,Parsvnath Developers Limited,Real Estate,Real Estate - Development,8037194752,,0.017,,26.19,11.15
2017-02-14 00:00:00+05:30,13.5,13.600000381469727,13.149999618530273,13.300000190734863,78887,0.0,0.0,PARSVNATH.NS,Parsvnath Developers Limited,Real Estate,Real Estate - Development,8037194752,,0.017,,26.19,11.15
2017-02-15 00:00:00+05:30,13.5,13.5,12.75,12.899999618530273,105952,0.0,0.0,PARSVNATH.NS,Parsvnath Developers Limited,Real Estate,Real Estate - Development,8037194752,,0.017,,26.19,11.15
2017-02-16 00:00:00+05:30,13.0,13.149999618530273,12.800000190734863,12.949999809265137,59424,0.0,0.0,PARSVNATH.NS,Parsvnath Developers Limited,Real Estate,Real Estate - Development,8037194752,,0.017,,26.19,11.15
2017-02-17 00:00:00+05:30,13.0,13.25,13.0,13.050000190734863,62543,0.0,0.0,PARSVNATH.NS,Parsvnath Developers Limited,Real Estate,Real Estate - Development,8037194752,,0.017,,26.19,11.15
2017-02-20 00:00:00+05:30,13.300000190734863,13.300000190734863,12.949999809265137,13.100000381469727,113844,0.0,0.0,PARSVNATH.NS,Parsvnath Developers Limited,Real Estate,Real Estate - Development,8037194752,,0.017,,26.19,11.15
2017-02-21 00:00:00+05:30,13.0,13.5,13.0,13.25,76466,0.0,0.0,PARSVNATH.NS,Parsvnath Developers Limited,Real Estate,Real Estate - Development,8037194752,,0.017,,26.19,11.15
2017-02-22 00:00:00+05:30,13.199999809265137,13.899999618530273,13.199999809265137,13.350000381469727,128748,0.0,0.0,PARSVNATH.NS,Parsvnath Developers Limited,Real Estate,Real Estate - Development,8037194752,,0.017,,26.19,11.15
2017-02-23 00:00:00+05:30,13.5,13.5,13.300000190734863,13.399999618530273,55763,0.0,0.0,PARSVNATH.NS,Parsvnath Developers Limited,Real Estate,Real Estate - Development,8037194752,,0.017,,26.19,11.15
2017-02-27 00:00:00+05:30,13.600000381469727,13.649999618530273,13.300000190734863,13.399999618530273,77691,0.0,0.0,PARSVNATH.NS,Parsvnath Developers Limited,Real Estate,Real Estate - Development,8037194752,,0.017,,26.19,11.15
2017-02-28 00:00:00+05:30,13.25,13.550000190734863,13.199999809265137,13.350000381469727,71364,0.0,0.0,PARSVNATH.NS,Parsvnath Developers Limited,Real Estate,Real Estate - Development,8037194752,,0.017,,26.19,11.15
2017-03-01 00:00:00+05:30,13.5,13.649999618530273,13.300000190734863,13.5,159532,0.0,0.0,PARSVNATH.NS,Parsvnath Developers Limited,Real Estate,Real Estate - Development,8037194752,,0.017,,26.19,11.15
2017-03-02 00:00:00+05:30,13.5,13.649999618530273,13.050000190734863,13.149999618530273,121205,0.0,0.0,PARSVNATH.NS,Parsvnath Developers Limited,Real Estate,Real Estate - Development,8037194752,,0.017,,26.19,11.15
2017-03-03 00:00:00+05:30,13.300000190734863,13.300000190734863,12.899999618530273,13.100000381469727,83632,0.0,0.0,PARSVNATH.NS,Parsvnath Developers Limited,Real Estate,Real Estate - Development,8037194752,,0.017,,26.19,11.15
2017-03-06 00:00:00+05:30,13.100000381469727,13.350000381469727,13.0,13.149999618530273,78995,0.0,0.0,PARSVNATH.NS,Parsvnath Developers Limited,Real Estate,Real Estate - Development,8037194752,,0.017,,26.19,11.15
2017-03-07 00:00:00+05:30,13.050000190734863,13.199999809265137,13.0,13.0,133676,0.0,0.0,PARSVNATH.NS,Parsvnath Developers Limited,Real Estate,Real Estate - Development,8037194752,,0.017,,26.19,11.15
2017-03-08 00:00:00+05:30,13.0,13.050000190734863,12.75,12.800000190734863,94683,0.0,0.0,PARSVNATH.NS,Parsvnath Developers Limited,Real Estate,Real Estate - Development,8037194752,,0.017,,26.19,11.15
2017-03-09 00:00:00+05:30,12.699999809265137,13.050000190734863,12.699999809265137,12.899999618530273,42640,0.0,0.0,PARSVNATH.NS,Parsvnath Developers Limited,Real Estate,Real Estate - Development,8037194752,,0.017,,26.19,11.15
2017-03-10 00:00:00+05:30,12.899999618530273,12.949999809265137,12.5,12.649999618530273,1434001,0.0,0.0,PARSVNATH.NS,Parsvnath Developers Limited,Real Estate,Real Estate - Development,8037194752,,0.017,,26.19,11.15
2017-03-14 00:00:00+05:30,12.899999618530273,13.100000381469727,12.75,12.899999618530273,165785,0.0,0.0,PARSVNATH.NS,Parsvnath Developers Limited,Real Estate,Real Estate - Development,8037194752,,0.017,,26.19,11.15
2017-03-15 00:00:00+05:30,13.0,13.050000190734863,12.75,12.949999809265137,100475,0.0,0.0,PARSVNATH.NS,Parsvnath Developers Limited,Real Estate,Real Estate - Development,8037194752,,0.017,,26.19,11.15
2017-03-16 00:00:00+05:30,13.0,13.0,12.75,12.800000190734863,173950,0.0,0.0,PARSVNATH.NS,Parsvnath Developers Limited,Real Estate,Real Estate - Development,8037194752,,0.017,,26.19,11.15
2017-03-17 00:00:00+05:30,12.649999618530273,13.899999618530273,12.649999618530273,13.300000190734863,402395,0.0,0.0,PARSVNATH.NS,Parsvnath Developers Limited,Real Estate,Real Estate - Development,8037194752,,0.017,,26.19,11.15
2017-03-20 00:00:00+05:30,13.300000190734863,13.399999618530273,13.0,13.0,106464,0.0,0.0,PARSVNATH.NS,Parsvnath Developers Limited,Real Estate,Real Estate - Development,8037194752,,0.017,,26.19,11.15
2017-03-21 00:00:00+05:30,13.199999809265137,13.199999809265137,12.649999618530273,13.0,281700,0.0,0.0,PARSVNATH.NS,Parsvnath Developers Limited,Real Estate,Real Estate - Development,8037194752,,0.017,,26.19,11.15
2017-03-22 00:00:00+05:30,12.899999618530273,13.100000381469727,12.800000190734863,12.899999618530273,71936,0.0,0.0,PARSVNATH.NS,Parsvnath Developers Limited,Real Estate,Real Estate - Development,8037194752,,0.017,,26.19,11.15
2017-03-23 00:00:00+05:30,13.0,13.100000381469727,12.75,12.800000190734863,80672,0.0,0.0,PARSVNATH.NS,Parsvnath Developers Limited,Real Estate,Real Estate - Development,8037194752,,0.017,,26.19,11.15
2017-03-24 00:00:00+05:30,12.75,13.050000190734863,12.75,12.850000381469727,672953,0.0,0.0,PARSVNATH.NS,Parsvnath Developers Limited,Real Estate,Real Estate - Development,8037194752,,0.017,,26.19,11.15
2017-03-27 00:00:00+05:30,12.850000381469727,12.949999809265137,12.449999809265137,12.5,193634,0.0,0.0,PARSVNATH.NS,Parsvnath Developers Limited,Real Estate,Real Estate - Development,8037194752,,0.017,,26.19,11.15
2017-03-28 00:00:00+05:30,12.449999809265137,13.0,12.449999809265137,12.550000190734863,150564,0.0,0.0,PARSVNATH.NS,Parsvnath Developers Limited,Real Estate,Real Estate - Development,8037194752,,0.017,,26.19,11.15
2017-03-29 00:00:00+05:30,12.600000381469727,12.649999618530273,12.25,12.300000190734863,157148,0.0,0.0,PARSVNATH.NS,Parsvnath Developers Limited,Real Estate,Real Estate - Development,8037194752,,0.017,,26.19,11.15
2017-03-30 00:00:00+05:30,12.25,12.699999809265137,12.25,12.449999809265137,124983,0.0,0.0,PARSVNATH.NS,Parsvnath Developers Limited,Real Estate,Real Estate - Development,8037194752,,0.017,,26.19,11.15
2017-03-31 00:00:00+05:30,12.550000190734863,12.600000381469727,12.300000190734863,12.350000381469727,119554,0.0,0.0,PARSVNATH.NS,Parsvnath Developers Limited,Real Estate,Real Estate - Development,8037194752,,0.017,,26.19,11.15
2017-04-03 00:00:00+05:30,12.5,12.600000381469727,12.350000381469727,12.5,116101,0.0,0.0,PARSVNATH.NS,Parsvnath Developers Limited,Real Estate,Real Estate - Development,8037194752,,0.017,,26.19,11.15
2017-04-05 00:00:00+05:30,12.5,13.800000190734863,12.5,13.600000381469727,969534,0.0,0.0,PARSVNATH.NS,Parsvnath Developers Limited,Real Estate,Real Estate - Development,8037194752,,0.017,,26.19,11.15
2017-04-06 00:00:00+05:30,13.75,13.800000190734863,13.199999809265137,13.550000190734863,509958,0.0,0.0,PARSVNATH.NS,Parsvnath Developers Limited,Real Estate,Real Estate - Development,8037194752,,0.017,,26.19,11.15
2017-04-07 00:00:00+05:30,13.5,15.600000381469727,13.350000381469727,14.800000190734863,1837732,0.0,0.0,PARSVNATH.NS,Parsvnath Developers Limited,Real Estate,Real Estate - Development,8037194752,,0.017,,26.19,11.15
2017-04-10 00:00:00+05:30,15.149999618530273,16.25,15.149999618530273,15.699999809265137,1493112,0.0,0.0,PARSVNATH.NS,Parsvnath Developers Limited,Real Estate,Real Estate - Development,8037194752,,0.017,,26.19,11.15
2017-04-11 00:00:00+05:30,15.800000190734863,16.399999618530273,15.199999809265137,15.350000381469727,566447,0.0,0.0,PARSVNATH.NS,Parsvnath Developers Limited,Real Estate,Real Estate - Development,8037194752,,0.017,,26.19,11.15
2017-04-12 00:00:00+05:30,15.899999618530273,15.899999618530273,14.399999618530273,14.800000190734863,394069,0.0,0.0,PARSVNATH.NS,Parsvnath Developers Limited,Real Estate,Real Estate - Development,8037194752,,0.017,,26.19,11.15
2017-04-13 00:00:00+05:30,14.600000381469727,15.449999809265137,14.350000381469727,14.800000190734863,324556,0.0,0.0,PARSVNATH.NS,Parsvnath Developers Limited,Real Estate,Real Estate - Development,8037194752,,0.017,,26.19,11.15
2017-04-17 00:00:00+05:30,14.800000190734863,16.950000762939453,14.649999618530273,16.600000381469727,2016335,0.0,0.0,PARSVNATH.NS,Parsvnath Developers Limited,Real Estate,Real Estate - Development,8037194752,,0.017,,26.19,11.15
2017-04-18 00:00:00+05:30,16.649999618530273,17.450000762939453,15.75,15.949999809265137,1780071,0.0,0.0,PARSVNATH.NS,Parsvnath Developers Limited,Real Estate,Real Estate - Development,8037194752,,0.017,,26.19,11.15
2017-04-19 00:00:00+05:30,15.949999809265137,16.5,15.600000381469727,16.149999618530273,478147,0.0,0.0,PARSVNATH.NS,Parsvnath Developers Limited,Real Estate,Real Estate - Development,8037194752,,0.017,,26.19,11.15
2017-04-20 00:00:00+05:30,16.049999237060547,16.350000381469727,15.699999809265137,16.049999237060547,447908,0.0,0.0,PARSVNATH.NS,Parsvnath Developers Limited,Real Estate,Real Estate - Development,8037194752,,0.017,,26.19,11.15
2017-04-21 00:00:00+05:30,16.100000381469727,16.5,15.899999618530273,16.049999237060547,596433,0.0,0.0,PARSVNATH.NS,Parsvnath Developers Limited,Real Estate,Real Estate - Development,8037194752,,0.017,,26.19,11.15
2017-04-24 00:00:00+05:30,16.100000381469727,16.450000762939453,15.949999809265137,16.0,445813,0.0,0.0,PARSVNATH.NS,Parsvnath Developers Limited,Real Estate,Real Estate - Development,8037194752,,0.017,,26.19,11.15
2017-04-25 00:00:00+05:30,16.299999237060547,16.299999237060547,15.600000381469727,15.850000381469727,471301,0.0,0.0,PARSVNATH.NS,Parsvnath Developers Limited,Real Estate,Real Estate - Development,8037194752,,0.017,,26.19,11.15
2017-04-26 00:00:00+05:30,16.0,16.100000381469727,15.25,15.600000381469727,401576,0.0,0.0,PARSVNATH.NS,Parsvnath Developers Limited,Real Estate,Real Estate - Development,8037194752,,0.017,,26.19,11.15
2017-04-27 00:00:00+05:30,15.75,16.950000762939453,15.600000381469727,16.450000762939453,1260509,0.0,0.0,PARSVNATH.NS,Parsvnath Developers Limited,Real Estate,Real Estate - Development,8037194752,,0.017,,26.19,11.15
2017-04-28 00:00:00+05:30,16.549999237060547,16.899999618530273,16.200000762939453,16.350000381469727,498525,0.0,0.0,PARSVNATH.NS,Parsvnath Developers Limited,Real Estate,Real Estate - Development,8037194752,,0.017,,26.19,11.15
2017-05-02 00:00:00+05:30,16.350000381469727,16.549999237060547,16.149999618530273,16.350000381469727,451014,0.0,0.0,PARSVNATH.NS,Parsvnath Developers Limited,Real Estate,Real Estate - Development,8037194752,,0.017,,26.19,11.15
2017-05-03 00:00:00+05:30,16.25,16.649999618530273,16.0,16.049999237060547,340422,0.0,0.0,PARSVNATH.NS,Parsvnath Developers Limited,Real Estate,Real Estate - Development,8037194752,,0.017,,26.19,11.15
2017-05-04 00:00:00+05:30,16.049999237060547,16.25,15.699999809265137,15.899999618530273,207697,0.0,0.0,PARSVNATH.NS,Parsvnath Developers Limited,Real Estate,Real Estate - Development,8037194752,,0.017,,26.19,11.15
2017-05-05 00:00:00+05:30,15.899999618530273,16.100000381469727,15.100000381469727,15.25,492451,0.0,0.0,PARSVNATH.NS,Parsvnath Developers Limited,Real Estate,Real Estate - Development,8037194752,,0.017,,26.19,11.15
2017-05-08 00:00:00+05:30,15.050000190734863,17.0,15.0,16.299999237060547,778240,0.0,0.0,PARSVNATH.NS,Parsvnath Developers Limited,Real Estate,Real Estate - Development,8037194752,,0.017,,26.19,11.15
2017-05-09 00:00:00+05:30,16.299999237060547,16.700000762939453,16.0,16.100000381469727,541507,0.0,0.0,PARSVNATH.NS,Parsvnath Developers Limited,Real Estate,Real Estate - Development,8037194752,,0.017,,26.19,11.15
2017-05-10 00:00:00+05:30,15.899999618530273,16.399999618530273,15.649999618530273,15.800000190734863,315238,0.0,0.0,PARSVNATH.NS,Parsvnath Developers Limited,Real Estate,Real Estate - Development,8037194752,,0.017,,26.19,11.15
2017-05-11 00:00:00+05:30,15.800000190734863,16.399999618530273,15.550000190734863,15.649999618530273,373336,0.0,0.0,PARSVNATH.NS,Parsvnath Developers Limited,Real Estate,Real Estate - Development,8037194752,,0.017,,26.19,11.15
2017-05-12 00:00:00+05:30,15.75,15.75,15.300000190734863,15.5,197115,0.0,0.0,PARSVNATH.NS,Parsvnath Developers Limited,Real Estate,Real Estate - Development,8037194752,,0.017,,26.19,11.15
2017-05-15 00:00:00+05:30,15.550000190734863,15.75,15.300000190734863,15.550000190734863,149851,0.0,0.0,PARSVNATH.NS,Parsvnath Developers Limited,Real Estate,Real Estate - Development,8037194752,,0.017,,26.19,11.15
2017-05-16 00:00:00+05:30,15.75,16.25,15.5,15.600000381469727,287452,0.0,0.0,PARSVNATH.NS,Parsvnath Developers Limited,Real Estate,Real Estate - Development,8037194752,,0.017,,26.19,11.15
2017-05-17 00:00:00+05:30,15.75,15.75,15.350000381469727,15.350000381469727,214862,0.0,0.0,PARSVNATH.NS,Parsvnath Developers Limited,Real Estate,Real Estate - Development,8037194752,,0.017,,26.19,11.15
2017-05-18 00:00:00+05:30,15.300000190734863,15.399999618530273,14.800000190734863,14.949999809265137,513015,0.0,0.0,PARSVNATH.NS,Parsvnath Developers Limited,Real Estate,Real Estate - Development,8037194752,,0.017,,26.19,11.15
2017-05-19 00:00:00+05:30,15.300000190734863,15.300000190734863,14.600000381469727,14.75,428445,0.0,0.0,PARSVNATH.NS,Parsvnath Developers Limited,Real Estate,Real Estate - Development,8037194752,,0.017,,26.19,11.15
2017-05-22 00:00:00+05:30,15.0,15.25,14.350000381469727,14.449999809265137,183874,0.0,0.0,PARSVNATH.NS,Parsvnath Developers Limited,Real Estate,Real Estate - Development,8037194752,,0.017,,26.19,11.15
2017-05-23 00:00:00+05:30,14.300000190734863,14.550000190734863,13.699999809265137,13.899999618530273,250733,0.0,0.0,PARSVNATH.NS,Parsvnath Developers Limited,Real Estate,Real Estate - Development,8037194752,,0.017,,26.19,11.15
2017-05-24 00:00:00+05:30,13.850000381469727,14.100000381469727,13.300000190734863,13.399999618530273,135200,0.0,0.0,PARSVNATH.NS,Parsvnath Developers Limited,Real Estate,Real Estate - Development,8037194752,,0.017,,26.19,11.15
2017-05-25 00:00:00+05:30,13.5,13.800000190734863,13.300000190734863,13.600000381469727,244434,0.0,0.0,PARSVNATH.NS,Parsvnath Developers Limited,Real Estate,Real Estate - Development,8037194752,,0.017,,26.19,11.15
2017-05-26 00:00:00+05:30,13.5,14.100000381469727,13.5,13.600000381469727,247279,0.0,0.0,PARSVNATH.NS,Parsvnath Developers Limited,Real Estate,Real Estate - Development,8037194752,,0.017,,26.19,11.15
2017-05-29 00:00:00+05:30,13.649999618530273,13.899999618530273,13.25,13.399999618530273,102069,0.0,0.0,PARSVNATH.NS,Parsvnath Developers Limited,Real Estate,Real Estate - Development,8037194752,,0.017,,26.19,11.15
2017-05-30 00:00:00+05:30,13.399999618530273,13.5,13.0,13.100000381469727,153679,0.0,0.0,PARSVNATH.NS,Parsvnath Developers Limited,Real Estate,Real Estate - Development,8037194752,,0.017,,26.19,11.15
2017-05-31 00:00:00+05:30,12.75,13.399999618530273,12.75,12.850000381469727,192182,0.0,0.0,PARSVNATH.NS,Parsvnath Developers Limited,Real Estate,Real Estate - Development,8037194752,,0.017,,26.19,11.15
2017-06-01 00:00:00+05:30,12.75,13.25,12.75,12.899999618530273,67724,0.0,0.0,PARSVNATH.NS,Parsvnath Developers Limited,Real Estate,Real Estate - Development,8037194752,,0.017,,26.19,11.15
2017-06-02 00:00:00+05:30,13.0,14.75,12.800000190734863,13.850000381469727,2389042,0.0,0.0,PARSVNATH.NS,Parsvnath Developers Limited,Real Estate,Real Estate - Development,8037194752,,0.017,,26.19,11.15
2017-06-05 00:00:00+05:30,14.100000381469727,14.100000381469727,13.550000190734863,13.600000381469727,99961,0.0,0.0,PARSVNATH.NS,Parsvnath Developers Limited,Real Estate,Real Estate - Development,8037194752,,0.017,,26.19,11.15
2017-06-06 00:00:00+05:30,13.600000381469727,13.800000190734863,13.300000190734863,13.449999809265137,152116,0.0,0.0,PARSVNATH.NS,Parsvnath Developers Limited,Real Estate,Real Estate - Development,8037194752,,0.017,,26.19,11.15
2017-06-07 00:00:00+05:30,13.300000190734863,13.550000190734863,13.300000190734863,13.350000381469727,41934,0.0,0.0,PARSVNATH.NS,Parsvnath Developers Limited,Real Estate,Real Estate - Development,8037194752,,0.017,,26.19,11.15
2017-06-08 00:00:00+05:30,13.300000190734863,13.699999809265137,13.25,13.350000381469727,50686,0.0,0.0,PARSVNATH.NS,Parsvnath Developers Limited,Real Estate,Real Estate - Development,8037194752,,0.017,,26.19,11.15
2017-06-09 00:00:00+05:30,13.100000381469727,13.5,13.100000381469727,13.350000381469727,104586,0.0,0.0,PARSVNATH.NS,Parsvnath Developers Limited,Real Estate,Real Estate - Development,8037194752,,0.017,,26.19,11.15
2017-06-12 00:00:00+05:30,13.100000381469727,13.350000381469727,12.649999618530273,12.699999809265137,269672,0.0,0.0,PARSVNATH.NS,Parsvnath Developers Limited,Real Estate,Real Estate - Development,8037194752,,0.017,,26.19,11.15
2017-06-13 00:00:00+05:30,12.899999618530273,13.350000381469727,12.800000190734863,13.0,173636,0.0,0.0,PARSVNATH.NS,Parsvnath Developers Limited,Real Estate,Real Estate - Development,8037194752,,0.017,,26.19,11.15
2017-06-14 00:00:00+05:30,13.25,13.25,13.0,13.050000190734863,73222,0.0,0.0,PARSVNATH.NS,Parsvnath Developers Limited,Real Estate,Real Estate - Development,8037194752,,0.017,,26.19,11.15
2017-06-15 00:00:00+05:30,13.199999809265137,13.699999809265137,13.050000190734863,13.350000381469727,193543,0.0,0.0,PARSVNATH.NS,Parsvnath Developers Limited,Real Estate,Real Estate - Development,8037194752,,0.017,,26.19,11.15
2017-06-16 00:00:00+05:30,13.399999618530273,14.199999809265137,13.300000190734863,14.0,459993,0.0,0.0,PARSVNATH.NS,Parsvnath Developers Limited,Real Estate,Real Estate - Development,8037194752,,0.017,,26.19,11.15
2017-06-19 00:00:00+05:30,13.899999618530273,14.300000190734863,13.5,13.600000381469727,154208,0.0,0.0,PARSVNATH.NS,Parsvnath Developers Limited,Real Estate,Real Estate - Development,8037194752,,0.017,,26.19,11.15
2017-06-20 00:00:00+05:30,13.5,13.699999809265137,13.199999809265137,13.399999618530273,71958,0.0,0.0,PARSVNATH.NS,Parsvnath Developers Limited,Real Estate,Real Estate - Development,8037194752,,0.017,,26.19,11.15
2017-06-21 00:00:00+05:30,13.5,13.800000190734863,13.300000190734863,13.5,99796,0.0,0.0,PARSVNATH.NS,Parsvnath Developers Limited,Real Estate,Real Estate - Development,8037194752,,0.017,,26.19,11.15
2017-06-22 00:00:00+05:30,13.5,13.800000190734863,13.25,13.350000381469727,118538,0.0,0.0,PARSVNATH.NS,Parsvnath Developers Limited,Real Estate,Real Estate - Development,8037194752,,0.017,,26.19,11.15
2017-06-23 00:00:00+05:30,13.600000381469727,13.600000381469727,13.050000190734863,13.149999618530273,119968,0.0,0.0,PARSVNATH.NS,Parsvnath Developers Limited,Real Estate,Real Estate - Development,8037194752,,0.017,,26.19,11.15
2017-06-27 00:00:00+05:30,13.0,13.25,12.850000381469727,12.949999809265137,88400,0.0,0.0,PARSVNATH.NS,Parsvnath Developers Limited,Real Estate,Real Estate - Development,8037194752,,0.017,,26.19,11.15
2017-06-28 00:00:00+05:30,12.899999618530273,13.100000381469727,12.850000381469727,12.949999809265137,75029,0.0,0.0,PARSVNATH.NS,Parsvnath Developers Limited,Real Estate,Real Estate - Development,8037194752,,0.017,,26.19,11.15
2017-06-29 00:00:00+05:30,13.050000190734863,13.850000381469727,12.949999809265137,13.5,383592,0.0,0.0,PARSVNATH.NS,Parsvnath Developers Limited,Real Estate,Real Estate - Development,8037194752,,0.017,,26.19,11.15
2017-06-30 00:00:00+05:30,13.5,14.300000190734863,13.449999809265137,14.100000381469727,471253,0.0,0.0,PARSVNATH.NS,Parsvnath Developers Limited,Real Estate,Real Estate - Development,8037194752,,0.017,,26.19,11.15
2017-07-03 00:00:00+05:30,14.449999809265137,15.300000190734863,13.800000190734863,15.050000190734863,662336,0.0,0.0,PARSVNATH.NS,Parsvnath Developers Limited,Real Estate,Real Estate - Development,8037194752,,0.017,,26.19,11.15
2017-07-04 00:00:00+05:30,15.149999618530273,16.700000762939453,15.0,16.200000762939453,1308912,0.0,0.0,PARSVNATH.NS,Parsvnath Developers Limited,Real Estate,Real Estate - Development,8037194752,,0.017,,26.19,11.15
2017-07-05 00:00:00+05:30,16.100000381469727,16.899999618530273,16.100000381469727,16.350000381469727,563765,0.0,0.0,PARSVNATH.NS,Parsvnath Developers Limited,Real Estate,Real Estate - Development,8037194752,,0.017,,26.19,11.15
2017-07-06 00:00:00+05:30,16.350000381469727,16.700000762939453,15.949999809265137,16.25,538741,0.0,0.0,PARSVNATH.NS,Parsvnath Developers Limited,Real Estate,Real Estate - Development,8037194752,,0.017,,26.19,11.15
2017-07-07 00:00:00+05:30,16.350000381469727,16.649999618530273,15.850000381469727,16.5,513616,0.0,0.0,PARSVNATH.NS,Parsvnath Developers Limited,Real Estate,Real Estate - Development,8037194752,,0.017,,26.19,11.15
2017-07-10 00:00:00+05:30,16.299999237060547,16.649999618530273,16.200000762939453,16.549999237060547,144914,0.0,0.0,PARSVNATH.NS,Parsvnath Developers Limited,Real Estate,Real Estate - Development,8037194752,,0.017,,26.19,11.15
2017-07-11 00:00:00+05:30,16.299999237060547,16.799999237060547,15.850000381469727,16.100000381469727,442511,0.0,0.0,PARSVNATH.NS,Parsvnath Developers Limited,Real Estate,Real Estate - Development,8037194752,,0.017,,26.19,11.15
2017-07-12 00:00:00+05:30,16.100000381469727,16.5,15.949999809265137,16.299999237060547,340298,0.0,0.0,PARSVNATH.NS,Parsvnath Developers Limited,Real Estate,Real Estate - Development,8037194752,,0.017,,26.19,11.15
2017-07-13 00:00:00+05:30,16.600000381469727,16.600000381469727,15.600000381469727,15.600000381469727,234676,0.0,0.0,PARSVNATH.NS,Parsvnath Developers Limited,Real Estate,Real Estate - Development,8037194752,,0.017,,26.19,11.15
2017-07-14 00:00:00+05:30,15.5,16.399999618530273,15.100000381469727,16.200000762939453,444716,0.0,0.0,PARSVNATH.NS,Parsvnath Developers Limited,Real Estate,Real Estate - Development,8037194752,,0.017,,26.19,11.15
2017-07-17 00:00:00+05:30,15.850000381469727,16.450000762939453,15.25,16.399999618530273,382975,0.0,0.0,PARSVNATH.NS,Parsvnath Developers Limited,Real Estate,Real Estate - Development,8037194752,,0.017,,26.19,11.15
2017-07-18 00:00:00+05:30,16.25,16.399999618530273,16.0,16.149999618530273,121361,0.0,0.0,PARSVNATH.NS,Parsvnath Developers Limited,Real Estate,Real Estate - Development,8037194752,,0.017,,26.19,11.15
2017-07-19 00:00:00+05:30,16.299999237060547,16.5,16.049999237060547,16.299999237060547,151181,0.0,0.0,PARSVNATH.NS,Parsvnath Developers Limited,Real Estate,Real Estate - Development,8037194752,,0.017,,26.19,11.15
2017-07-20 00:00:00+05:30,16.649999618530273,16.649999618530273,16.100000381469727,16.350000381469727,294910,0.0,0.0,PARSVNATH.NS,Parsvnath Developers Limited,Real Estate,Real Estate - Development,8037194752,,0.017,,26.19,11.15
2017-07-21 00:00:00+05:30,16.200000762939453,16.549999237060547,16.100000381469727,16.450000762939453,236468,0.0,0.0,PARSVNATH.NS,Parsvnath Developers Limited,Real Estate,Real Estate - Development,8037194752,,0.017,,26.19,11.15
2017-07-24 00:00:00+05:30,16.5,19.700000762939453,16.450000762939453,19.700000762939453,4570419,0.0,0.0,PARSVNATH.NS,Parsvnath Developers Limited,Real Estate,Real Estate - Development,8037194752,,0.017,,26.19,11.15
2017-07-25 00:00:00+05:30,21.0,23.600000381469727,21.0,23.600000381469727,3894850,0.0,0.0,PARSVNATH.NS,Parsvnath Developers Limited,Real Estate,Real Estate - Development,8037194752,,0.017,,26.19,11.15
2017-07-26 00:00:00+05:30,24.549999237060547,25.950000762939453,22.799999237060547,23.899999618530273,5354985,0.0,0.0,PARSVNATH.NS,Parsvnath Developers Limited,Real Estate,Real Estate - Development,8037194752,,0.017,,26.19,11.15
2017-07-27 00:00:00+05:30,24.25,25.5,22.5,22.799999237060547,2747410,0.0,0.0,PARSVNATH.NS,Parsvnath Developers Limited,Real Estate,Real Estate - Development,8037194752,,0.017,,26.19,11.15
2017-07-28 00:00:00+05:30,22.0,22.950000762939453,22.0,22.700000762939453,609756,0.0,0.0,PARSVNATH.NS,Parsvnath Developers Limited,Real Estate,Real Estate - Development,8037194752,,0.017,,26.19,11.15
2017-07-31 00:00:00+05:30,22.950000762939453,24.149999618530273,22.350000381469727,23.350000381469727,465715,0.0,0.0,PARSVNATH.NS,Parsvnath Developers Limited,Real Estate,Real Estate - Development,8037194752,,0.017,,26.19,11.15
2017-08-01 00:00:00+05:30,23.649999618530273,24.0,22.600000381469727,22.799999237060547,500724,0.0,0.0,PARSVNATH.NS,Parsvnath Developers Limited,Real Estate,Real Estate - Development,8037194752,,0.017,,26.19,11.15
2017-08-02 00:00:00+05:30,22.950000762939453,23.399999618530273,22.200000762939453,22.5,434623,0.0,0.0,PARSVNATH.NS,Parsvnath Developers Limited,Real Estate,Real Estate - Development,8037194752,,0.017,,26.19,11.15
2017-08-03 00:00:00+05:30,23.0,23.0,21.399999618530273,21.75,404556,0.0,0.0,PARSVNATH.NS,Parsvnath Developers Limited,Real Estate,Real Estate - Development,8037194752,,0.017,,26.19,11.15
2017-08-04 00:00:00+05:30,21.700000762939453,23.399999618530273,21.049999237060547,23.0,848596,0.0,0.0,PARSVNATH.NS,Parsvnath Developers Limited,Real Estate,Real Estate - Development,8037194752,,0.017,,26.19,11.15
2017-08-07 00:00:00+05:30,23.100000381469727,23.950000762939453,22.600000381469727,23.799999237060547,536468,0.0,0.0,PARSVNATH.NS,Parsvnath Developers Limited,Real Estate,Real Estate - Development,8037194752,,0.017,,26.19,11.15
2017-08-08 00:00:00+05:30,23.799999237060547,23.799999237060547,23.799999237060547,23.799999237060547,0,0.0,0.0,PARSVNATH.NS,Parsvnath Developers Limited,Real Estate,Real Estate - Development,8037194752,,0.017,,26.19,11.15
2017-08-09 00:00:00+05:30,23.799999237060547,23.799999237060547,23.799999237060547,23.799999237060547,0,0.0,0.0,PARSVNATH.NS,Parsvnath Developers Limited,Real Estate,Real Estate - Development,8037194752,,0.017,,26.19,11.15
2017-08-10 00:00:00+05:30,23.799999237060547,23.799999237060547,23.799999237060547,23.799999237060547,0,0.0,0.0,PARSVNATH.NS,Parsvnath Developers Limited,Real Estate,Real Estate - Development,8037194752,,0.017,,26.19,11.15
2017-08-11 00:00:00+05:30,23.799999237060547,23.799999237060547,23.799999237060547,23.799999237060547,0,0.0,0.0,PARSVNATH.NS,Parsvnath Developers Limited,Real Estate,Real Estate - Development,8037194752,,0.017,,26.19,11.15
2017-08-14 00:00:00+05:30,21.450000762939453,21.450000762939453,21.450000762939453,21.450000762939453,11720,0.0,0.0,PARSVNATH.NS,Parsvnath Developers Limited,Real Estate,Real Estate - Development,8037194752,,0.017,,26.19,11.15
2017-08-16 00:00:00+05:30,20.149999618530273,20.899999618530273,19.350000381469727,20.0,2495790,0.0,0.0,PARSVNATH.NS,Parsvnath Developers Limited,Real Estate,Real Estate - Development,8037194752,,0.017,,26.19,11.15
2017-08-17 00:00:00+05:30,19.649999618530273,22.0,19.200000762939453,21.75,1621864,0.0,0.0,PARSVNATH.NS,Parsvnath Developers Limited,Real Estate,Real Estate - Development,8037194752,,0.017,,26.19,11.15
2017-08-18 00:00:00+05:30,21.5,22.75,20.450000762939453,22.350000381469727,505258,0.0,0.0,PARSVNATH.NS,Parsvnath Developers Limited,Real Estate,Real Estate - Development,8037194752,,0.017,,26.19,11.15
2017-08-21 00:00:00+05:30,21.75,21.899999618530273,20.299999237060547,20.700000762939453,386952,0.0,0.0,PARSVNATH.NS,Parsvnath Developers Limited,Real Estate,Real Estate - Development,8037194752,,0.017,,26.19,11.15
2017-08-22 00:00:00+05:30,20.299999237060547,20.75,19.549999237060547,20.399999618530273,390684,0.0,0.0,PARSVNATH.NS,Parsvnath Developers Limited,Real Estate,Real Estate - Development,8037194752,,0.017,,26.19,11.15
2017-08-23 00:00:00+05:30,20.0,21.25,19.649999618530273,20.0,1689358,0.0,0.0,PARSVNATH.NS,Parsvnath Developers Limited,Real Estate,Real Estate - Development,8037194752,,0.017,,26.19,11.15
2017-08-24 00:00:00+05:30,19.0,20.350000381469727,19.0,20.100000381469727,111226,0.0,0.0,PARSVNATH.NS,Parsvnath Developers Limited,Real Estate,Real Estate - Development,8037194752,,0.017,,26.19,11.15
2017-08-28 00:00:00+05:30,19.100000381469727,20.450000762939453,19.100000381469727,19.75,108468,0.0,0.0,PARSVNATH.NS,Parsvnath Developers Limited,Real Estate,Real Estate - Development,8037194752,,0.017,,26.19,11.15
2017-08-29 00:00:00+05:30,19.200000762939453,19.700000762939453,18.899999618530273,19.299999237060547,67608,0.0,0.0,PARSVNATH.NS,Parsvnath Developers Limited,Real Estate,Real Estate - Development,8037194752,,0.017,,26.19,11.15
2017-08-30 00:00:00+05:30,18.75,20.25,18.75,20.049999237060547,127794,0.0,0.0,PARSVNATH.NS,Parsvnath Developers Limited,Real Estate,Real Estate - Development,8037194752,,0.017,,26.19,11.15
2017-08-31 00:00:00+05:30,19.299999237060547,20.450000762939453,19.299999237060547,20.25,88276,0.0,0.0,PARSVNATH.NS,Parsvnath Developers Limited,Real Estate,Real Estate - Development,8037194752,,0.017,,26.19,11.15
2017-09-01 00:00:00+05:30,19.5,20.600000381469727,19.5,20.450000762939453,80668,0.0,0.0,PARSVNATH.NS,Parsvnath Developers Limited,Real Estate,Real Estate - Development,8037194752,,0.017,,26.19,11.15
2017-09-04 00:00:00+05:30,19.600000381469727,20.5,19.600000381469727,20.049999237060547,68969,0.0,0.0,PARSVNATH.NS,Parsvnath Developers Limited,Real Estate,Real Estate - Development,8037194752,,0.017,,26.19,11.15
2017-09-05 00:00:00+05:30,19.5,21.0,19.5,20.049999237060547,51746,0.0,0.0,PARSVNATH.NS,Parsvnath Developers Limited,Real Estate,Real Estate - Development,8037194752,,0.017,,26.19,11.15
2017-09-06 00:00:00+05:30,19.299999237060547,20.700000762939453,19.299999237060547,20.100000381469727,131538,0.0,0.0,PARSVNATH.NS,Parsvnath Developers Limited,Real Estate,Real Estate - Development,8037194752,,0.017,,26.19,11.15
2017-09-07 00:00:00+05:30,19.799999237060547,20.75,19.799999237060547,20.100000381469727,64351,0.0,0.0,PARSVNATH.NS,Parsvnath Developers Limited,Real Estate,Real Estate - Development,8037194752,,0.017,,26.19,11.15
2017-09-08 00:00:00+05:30,19.5,20.0,19.350000381469727,19.549999237060547,40165,0.0,0.0,PARSVNATH.NS,Parsvnath Developers Limited,Real Estate,Real Estate - Development,8037194752,,0.017,,26.19,11.15
2017-09-11 00:00:00+05:30,19.25,20.100000381469727,19.200000762939453,19.450000762939453,108150,0.0,0.0,PARSVNATH.NS,Parsvnath Developers Limited,Real Estate,Real Estate - Development,8037194752,,0.017,,26.19,11.15
2017-09-12 00:00:00+05:30,19.0,20.25,18.899999618530273,19.649999618530273,86712,0.0,0.0,PARSVNATH.NS,Parsvnath Developers Limited,Real Estate,Real Estate - Development,8037194752,,0.017,,26.19,11.15
2017-09-13 00:00:00+05:30,20.0,20.600000381469727,19.149999618530273,20.600000381469727,134726,0.0,0.0,PARSVNATH.NS,Parsvnath Developers Limited,Real Estate,Real Estate - Development,8037194752,,0.017,,26.19,11.15
2017-09-14 00:00:00+05:30,20.049999237060547,21.600000381469727,20.049999237060547,21.549999237060547,213594,0.0,0.0,PARSVNATH.NS,Parsvnath Developers Limited,Real Estate,Real Estate - Development,8037194752,,0.017,,26.19,11.15
2017-09-15 00:00:00+05:30,22.25,22.600000381469727,21.25,22.5,164107,0.0,0.0,PARSVNATH.NS,Parsvnath Developers Limited,Real Estate,Real Estate - Development,8037194752,,0.017,,26.19,11.15
2017-09-18 00:00:00+05:30,22.5,23.0,21.600000381469727,22.450000762939453,134819,0.0,0.0,PARSVNATH.NS,Parsvnath Developers Limited,Real Estate,Real Estate - Development,8037194752,,0.017,,26.19,11.15
2017-09-19 00:00:00+05:30,21.850000381469727,22.399999618530273,21.75,22.049999237060547,52399,0.0,0.0,PARSVNATH.NS,Parsvnath Developers Limited,Real Estate,Real Estate - Development,8037194752,,0.017,,26.19,11.15
2017-09-20 00:00:00+05:30,21.5,23.149999618530273,21.350000381469727,23.0,253147,0.0,0.0,PARSVNATH.NS,Parsvnath Developers Limited,Real Estate,Real Estate - Development,8037194752,,0.017,,26.19,11.15
2017-09-21 00:00:00+05:30,22.100000381469727,24.100000381469727,22.100000381469727,23.700000762939453,249191,0.0,0.0,PARSVNATH.NS,Parsvnath Developers Limited,Real Estate,Real Estate - Development,8037194752,,0.017,,26.19,11.15
2017-09-22 00:00:00+05:30,24.0,24.600000381469727,22.549999237060547,23.399999618530273,151624,0.0,0.0,PARSVNATH.NS,Parsvnath Developers Limited,Real Estate,Real Estate - Development,8037194752,,0.017,,26.19,11.15
2017-09-25 00:00:00+05:30,23.399999618530273,23.75,22.25,22.299999237060547,67619,0.0,0.0,PARSVNATH.NS,Parsvnath Developers Limited,Real Estate,Real Estate - Development,8037194752,,0.017,,26.19,11.15
2017-09-26 00:00:00+05:30,22.5,23.200000762939453,21.399999618530273,21.899999618530273,71891,0.0,0.0,PARSVNATH.NS,Parsvnath Developers Limited,Real Estate,Real Estate - Development,8037194752,,0.017,,26.19,11.15
2017-09-27 00:00:00+05:30,21.899999618530273,22.0,21.0,21.450000762939453,63229,0.0,0.0,PARSVNATH.NS,Parsvnath Developers Limited,Real Estate,Real Estate - Development,8037194752,,0.017,,26.19,11.15
2017-09-28 00:00:00+05:30,21.649999618530273,21.700000762939453,20.5,20.950000762939453,42015,0.0,0.0,PARSVNATH.NS,Parsvnath Developers Limited,Real Estate,Real Estate - Development,8037194752,,0.017,,26.19,11.15
2017-09-29 00:00:00+05:30,20.5,21.5,20.5,20.850000381469727,29874,0.0,0.0,PARSVNATH.NS,Parsvnath Developers Limited,Real Estate,Real Estate - Development,8037194752,,0.017,,26.19,11.15
2017-10-03 00:00:00+05:30,20.5,21.5,20.149999618530273,20.850000381469727,50572,0.0,0.0,PARSVNATH.NS,Parsvnath Developers Limited,Real Estate,Real Estate - Development,8037194752,,0.017,,26.19,11.15
2017-10-04 00:00:00+05:30,20.25,20.950000762939453,20.25,20.899999618530273,141320,0.0,0.0,PARSVNATH.NS,Parsvnath Developers Limited,Real Estate,Real Estate - Development,8037194752,,0.017,,26.19,11.15
2017-10-05 00:00:00+05:30,20.149999618530273,21.850000381469727,20.149999618530273,21.600000381469727,45632,0.0,0.0,PARSVNATH.NS,Parsvnath Developers Limited,Real Estate,Real Estate - Development,8037194752,,0.017,,26.19,11.15
2017-10-06 00:00:00+05:30,21.600000381469727,22.0,20.799999237060547,21.850000381469727,43504,0.0,0.0,PARSVNATH.NS,Parsvnath Developers Limited,Real Estate,Real Estate - Development,8037194752,,0.017,,26.19,11.15
2017-10-09 00:00:00+05:30,21.049999237060547,22.850000381469727,21.049999237060547,22.350000381469727,112298,0.0,0.0,PARSVNATH.NS,Parsvnath Developers Limited,Real Estate,Real Estate - Development,8037194752,,0.017,,26.19,11.15
2017-10-10 00:00:00+05:30,21.600000381469727,23.350000381469727,21.600000381469727,23.0,1807773,0.0,0.0,PARSVNATH.NS,Parsvnath Developers Limited,Real Estate,Real Estate - Development,8037194752,,0.017,,26.19,11.15
2017-10-11 00:00:00+05:30,22.100000381469727,23.399999618530273,22.100000381469727,22.850000381469727,149587,0.0,0.0,PARSVNATH.NS,Parsvnath Developers Limited,Real Estate,Real Estate - Development,8037194752,,0.017,,26.19,11.15
2017-10-12 00:00:00+05:30,23.299999237060547,23.299999237060547,22.100000381469727,22.75,39328,0.0,0.0,PARSVNATH.NS,Parsvnath Developers Limited,Real Estate,Real Estate - Development,8037194752,,0.017,,26.19,11.15
2017-10-13 00:00:00+05:30,22.049999237060547,22.899999618530273,21.799999237060547,22.299999237060547,95122,0.0,0.0,PARSVNATH.NS,Parsvnath Developers Limited,Real Estate,Real Estate - Development,8037194752,,0.017,,26.19,11.15
2017-10-16 00:00:00+05:30,21.299999237060547,23.399999618530273,21.299999237060547,23.049999237060547,157368,0.0,0.0,PARSVNATH.NS,Parsvnath Developers Limited,Real Estate,Real Estate - Development,8037194752,,0.017,,26.19,11.15
2017-10-17 00:00:00+05:30,22.25,22.899999618530273,22.0,22.600000381469727,37243,0.0,0.0,PARSVNATH.NS,Parsvnath Developers Limited,Real Estate,Real Estate - Development,8037194752,,0.017,,26.19,11.15
2017-10-18 00:00:00+05:30,22.100000381469727,23.299999237060547,21.700000762939453,22.649999618530273,132540,0.0,0.0,PARSVNATH.NS,Parsvnath Developers Limited,Real Estate,Real Estate - Development,8037194752,,0.017,,26.19,11.15
2017-10-19 00:00:00+05:30,22.649999618530273,23.5,22.049999237060547,22.75,137282,0.0,0.0,PARSVNATH.NS,Parsvnath Developers Limited,Real Estate,Real Estate - Development,8037194752,,0.017,,26.19,11.15
2017-10-23 00:00:00+05:30,21.75,23.600000381469727,21.75,23.149999618530273,28868,0.0,0.0,PARSVNATH.NS,Parsvnath Developers Limited,Real Estate,Real Estate - Development,8037194752,,0.017,,26.19,11.15
2017-10-24 00:00:00+05:30,23.0,23.100000381469727,22.149999618530273,22.75,29713,0.0,0.0,PARSVNATH.NS,Parsvnath Developers Limited,Real Estate,Real Estate - Development,8037194752,,0.017,,26.19,11.15
2017-10-25 00:00:00+05:30,22.0,23.850000381469727,22.0,22.850000381469727,161943,0.0,0.0,PARSVNATH.NS,Parsvnath Developers Limited,Real Estate,Real Estate - Development,8037194752,,0.017,,26.19,11.15
2017-10-26 00:00:00+05:30,22.25,23.0,22.25,22.5,44065,0.0,0.0,PARSVNATH.NS,Parsvnath Developers Limited,Real Estate,Real Estate - Development,8037194752,,0.017,,26.19,11.15
2017-10-27 00:00:00+05:30,21.649999618530273,23.100000381469727,21.649999618530273,22.950000762939453,80483,0.0,0.0,PARSVNATH.NS,Parsvnath Developers Limited,Real Estate,Real Estate - Development,8037194752,,0.017,,26.19,11.15
2017-10-30 00:00:00+05:30,22.25,22.75,22.049999237060547,22.299999237060547,37856,0.0,0.0,PARSVNATH.NS,Parsvnath Developers Limited,Real Estate,Real Estate - Development,8037194752,,0.017,,26.19,11.15
2017-10-31 00:00:00+05:30,22.049999237060547,23.399999618530273,22.049999237060547,22.700000762939453,99895,0.0,0.0,PARSVNATH.NS,Parsvnath Developers Limited,Real Estate,Real Estate - Development,8037194752,,0.017,,26.19,11.15
2017-11-01 00:00:00+05:30,22.350000381469727,23.799999237060547,22.350000381469727,23.799999237060547,232361,0.0,0.0,PARSVNATH.NS,Parsvnath Developers Limited,Real Estate,Real Estate - Development,8037194752,,0.017,,26.19,11.15
2017-11-02 00:00:00+05:30,24.75,24.950000762939453,24.75,24.950000762939453,119552,0.0,0.0,PARSVNATH.NS,Parsvnath Developers Limited,Real Estate,Real Estate - Development,8037194752,,0.017,,26.19,11.15
2017-11-03 00:00:00+05:30,25.700000762939453,26.149999618530273,24.399999618530273,24.75,229453,0.0,0.0,PARSVNATH.NS,Parsvnath Developers Limited,Real Estate,Real Estate - Development,8037194752,,0.017,,26.19,11.15
2017-11-06 00:00:00+05:30,24.049999237060547,25.25,24.0,24.649999618530273,80714,0.0,0.0,PARSVNATH.NS,Parsvnath Developers Limited,Real Estate,Real Estate - Development,8037194752,,0.017,,26.19,11.15
2017-11-07 00:00:00+05:30,24.299999237060547,25.25,23.799999237060547,24.700000762939453,44795,0.0,0.0,PARSVNATH.NS,Parsvnath Developers Limited,Real Estate,Real Estate - Development,8037194752,,0.017,,26.19,11.15
2017-11-08 00:00:00+05:30,24.100000381469727,24.950000762939453,23.549999237060547,23.700000762939453,44777,0.0,0.0,PARSVNATH.NS,Parsvnath Developers Limited,Real Estate,Real Estate - Development,8037194752,,0.017,,26.19,11.15
2017-11-09 00:00:00+05:30,23.5,24.299999237060547,22.700000762939453,23.899999618530273,68936,0.0,0.0,PARSVNATH.NS,Parsvnath Developers Limited,Real Estate,Real Estate - Development,8037194752,,0.017,,26.19,11.15
2017-11-10 00:00:00+05:30,23.299999237060547,24.799999237060547,23.0,24.450000762939453,58714,0.0,0.0,PARSVNATH.NS,Parsvnath Developers Limited,Real Estate,Real Estate - Development,8037194752,,0.017,,26.19,11.15
2017-11-13 00:00:00+05:30,23.75,24.0,23.25,23.899999618530273,64119,0.0,0.0,PARSVNATH.NS,Parsvnath Developers Limited,Real Estate,Real Estate - Development,8037194752,,0.017,,26.19,11.15
2017-11-14 00:00:00+05:30,23.049999237060547,24.299999237060547,23.049999237060547,23.75,53070,0.0,0.0,PARSVNATH.NS,Parsvnath Developers Limited,Real Estate,Real Estate - Development,8037194752,,0.017,,26.19,11.15
2017-11-15 00:00:00+05:30,23.25,24.149999618530273,22.799999237060547,22.950000762939453,34188,0.0,0.0,PARSVNATH.NS,Parsvnath Developers Limited,Real Estate,Real Estate - Development,8037194752,,0.017,,26.19,11.15
2017-11-16 00:00:00+05:30,22.75,24.049999237060547,22.049999237060547,23.850000381469727,81551,0.0,0.0,PARSVNATH.NS,Parsvnath Developers Limited,Real Estate,Real Estate - Development,8037194752,,0.017,,26.19,11.15
2017-11-17 00:00:00+05:30,23.799999237060547,24.799999237060547,23.100000381469727,23.549999237060547,52723,0.0,0.0,PARSVNATH.NS,Parsvnath Developers Limited,Real Estate,Real Estate - Development,8037194752,,0.017,,26.19,11.15
2017-11-20 00:00:00+05:30,23.25,24.700000762939453,23.049999237060547,24.600000381469727,167060,0.0,0.0,PARSVNATH.NS,Parsvnath Developers Limited,Real Estate,Real Estate - Development,8037194752,,0.017,,26.19,11.15
2017-11-21 00:00:00+05:30,24.700000762939453,25.0,23.649999618530273,24.399999618530273,54537,0.0,0.0,PARSVNATH.NS,Parsvnath Developers Limited,Real Estate,Real Estate - Development,8037194752,,0.017,,26.19,11.15
2017-11-22 00:00:00+05:30,23.899999618530273,25.600000381469727,23.899999618530273,25.399999618530273,176854,0.0,0.0,PARSVNATH.NS,Parsvnath Developers Limited,Real Estate,Real Estate - Development,8037194752,,0.017,,26.19,11.15
2017-11-23 00:00:00+05:30,25.5,26.649999618530273,25.5,26.649999618530273,234075,0.0,0.0,PARSVNATH.NS,Parsvnath Developers Limited,Real Estate,Real Estate - Development,8037194752,,0.017,,26.19,11.15
2017-11-24 00:00:00+05:30,26.5,27.950000762939453,26.399999618530273,27.950000762939453,321502,0.0,0.0,PARSVNATH.NS,Parsvnath Developers Limited,Real Estate,Real Estate - Development,8037194752,,0.017,,26.19,11.15
2017-11-27 00:00:00+05:30,27.75,29.299999237060547,27.600000381469727,29.299999237060547,432061,0.0,0.0,PARSVNATH.NS,Parsvnath Developers Limited,Real Estate,Real Estate - Development,8037194752,,0.017,,26.19,11.15
2017-11-28 00:00:00+05:30,30.0,30.75,28.049999237060547,29.850000381469727,577837,0.0,0.0,PARSVNATH.NS,Parsvnath Developers Limited,Real Estate,Real Estate - Development,8037194752,,0.017,,26.19,11.15
2017-11-29 00:00:00+05:30,29.850000381469727,31.299999237060547,29.850000381469727,31.299999237060547,1101990,0.0,0.0,PARSVNATH.NS,Parsvnath Developers Limited,Real Estate,Real Estate - Development,8037194752,,0.017,,26.19,11.15
2017-11-30 00:00:00+05:30,32.849998474121094,32.849998474121094,31.299999237060547,32.650001525878906,857379,0.0,0.0,PARSVNATH.NS,Parsvnath Developers Limited,Real Estate,Real Estate - Development,8037194752,,0.017,,26.19,11.15
2017-12-01 00:00:00+05:30,33.0,33.849998474121094,31.049999237060547,31.5,795109,0.0,0.0,PARSVNATH.NS,Parsvnath Developers Limited,Real Estate,Real Estate - Development,8037194752,,0.017,,26.19,11.15
2017-12-04 00:00:00+05:30,31.100000381469727,33.04999923706055,30.049999237060547,30.25,550916,0.0,0.0,PARSVNATH.NS,Parsvnath Developers Limited,Real Estate,Real Estate - Development,8037194752,,0.017,,26.19,11.15
2017-12-05 00:00:00+05:30,30.100000381469727,30.149999618530273,28.75,28.799999237060547,263951,0.0,0.0,PARSVNATH.NS,Parsvnath Developers Limited,Real Estate,Real Estate - Development,8037194752,,0.017,,26.19,11.15
2017-12-06 00:00:00+05:30,27.700000762939453,29.5,27.700000762939453,28.299999237060547,127623,0.0,0.0,PARSVNATH.NS,Parsvnath Developers Limited,Real Estate,Real Estate - Development,8037194752,,0.017,,26.19,11.15
2017-12-07 00:00:00+05:30,28.399999618530273,29.5,28.049999237060547,29.149999618530273,124808,0.0,0.0,PARSVNATH.NS,Parsvnath Developers Limited,Real Estate,Real Estate - Development,8037194752,,0.017,,26.19,11.15
2017-12-08 00:00:00+05:30,29.950000762939453,30.600000381469727,28.450000762939453,29.100000381469727,362280,0.0,0.0,PARSVNATH.NS,Parsvnath Developers Limited,Real Estate,Real Estate - Development,8037194752,,0.017,,26.19,11.15
2017-12-11 00:00:00+05:30,28.600000381469727,29.299999237060547,27.899999618530273,28.799999237060547,255902,0.0,0.0,PARSVNATH.NS,Parsvnath Developers Limited,Real Estate,Real Estate - Development,8037194752,,0.017,,26.19,11.15
2017-12-12 00:00:00+05:30,28.899999618530273,29.0,27.700000762939453,27.700000762939453,113845,0.0,0.0,PARSVNATH.NS,Parsvnath Developers Limited,Real Estate,Real Estate - Development,8037194752,,0.017,,26.19,11.15
2017-12-13 00:00:00+05:30,28.700000762939453,28.75,28.0,28.149999618530273,65359,0.0,0.0,PARSVNATH.NS,Parsvnath Developers Limited,Real Estate,Real Estate - Development,8037194752,,0.017,,26.19,11.15
2017-12-14 00:00:00+05:30,28.350000381469727,28.5,27.200000762939453,27.799999237060547,100045,0.0,0.0,PARSVNATH.NS,Parsvnath Developers Limited,Real Estate,Real Estate - Development,8037194752,,0.017,,26.19,11.15
2017-12-15 00:00:00+05:30,27.799999237060547,29.149999618530273,27.5,28.100000381469727,306733,0.0,0.0,PARSVNATH.NS,Parsvnath Developers Limited,Real Estate,Real Estate - Development,8037194752,,0.017,,26.19,11.15
2017-12-18 00:00:00+05:30,28.100000381469727,29.399999618530273,26.75,28.149999618530273,193211,0.0,0.0,PARSVNATH.NS,Parsvnath Developers Limited,Real Estate,Real Estate - Development,8037194752,,0.017,,26.19,11.15
2017-12-19 00:00:00+05:30,28.350000381469727,29.549999237060547,27.5,29.549999237060547,417488,0.0,0.0,PARSVNATH.NS,Parsvnath Developers Limited,Real Estate,Real Estate - Development,8037194752,,0.017,,26.19,11.15
2017-12-20 00:00:00+05:30,30.0,30.600000381469727,28.75,29.25,223024,0.0,0.0,PARSVNATH.NS,Parsvnath Developers Limited,Real Estate,Real Estate - Development,8037194752,,0.017,,26.19,11.15
2017-12-21 00:00:00+05:30,29.200000762939453,30.5,29.200000762939453,30.299999237060547,154089,0.0,0.0,PARSVNATH.NS,Parsvnath Developers Limited,Real Estate,Real Estate - Development,8037194752,,0.017,,26.19,11.15
2017-12-22 00:00:00+05:30,30.0,31.799999237060547,29.950000762939453,31.549999237060547,401608,0.0,0.0,PARSVNATH.NS,Parsvnath Developers Limited,Real Estate,Real Estate - Development,8037194752,,0.017,,26.19,11.15
2017-12-26 00:00:00+05:30,31.549999237060547,32.0,30.299999237060547,30.600000381469727,147471,0.0,0.0,PARSVNATH.NS,Parsvnath Developers Limited,Real Estate,Real Estate - Development,8037194752,,0.017,,26.19,11.15
2017-12-27 00:00:00+05:30,30.399999618530273,30.799999237060547,29.100000381469727,29.299999237060547,224086,0.0,0.0,PARSVNATH.NS,Parsvnath Developers Limited,Real Estate,Real Estate - Development,8037194752,,0.017,,26.19,11.15
2017-12-28 00:00:00+05:30,29.700000762939453,30.0,28.649999618530273,29.200000762939453,72080,0.0,0.0,PARSVNATH.NS,Parsvnath Developers Limited,Real Estate,Real Estate - Development,8037194752,,0.017,,26.19,11.15
2017-12-29 00:00:00+05:30,29.049999237060547,30.649999618530273,29.0,30.25,199694,0.0,0.0,PARSVNATH.NS,Parsvnath Developers Limited,Real Estate,Real Estate - Development,8037194752,,0.017,,26.19,11.15
2018-01-01 00:00:00+05:30,29.049999237060547,30.649999618530273,29.049999237060547,30.049999237060547,103348,0.0,0.0,PARSVNATH.NS,Parsvnath Developers Limited,Real Estate,Real Estate - Development,8037194752,,0.017,,26.19,11.15
2018-01-02 00:00:00+05:30,29.600000381469727,30.049999237060547,29.200000762939453,29.299999237060547,69157,0.0,0.0,PARSVNATH.NS,Parsvnath Developers Limited,Real Estate,Real Estate - Development,8037194752,,0.017,,26.19,11.15
2018-01-03 00:00:00+05:30,30.0,30.75,29.549999237060547,30.549999237060547,272264,0.0,0.0,PARSVNATH.NS,Parsvnath Developers Limited,Real Estate,Real Estate - Development,8037194752,,0.017,,26.19,11.15
2018-01-04 00:00:00+05:30,30.25,31.75,29.100000381469727,29.649999618530273,333506,0.0,0.0,PARSVNATH.NS,Parsvnath Developers Limited,Real Estate,Real Estate - Development,8037194752,,0.017,,26.19,11.15
2018-01-05 00:00:00+05:30,29.600000381469727,30.149999618530273,28.850000381469727,29.0,424715,0.0,0.0,PARSVNATH.NS,Parsvnath Developers Limited,Real Estate,Real Estate - Development,8037194752,,0.017,,26.19,11.15
2018-01-08 00:00:00+05:30,29.100000381469727,29.850000381469727,28.0,28.799999237060547,379959,0.0,0.0,PARSVNATH.NS,Parsvnath Developers Limited,Real Estate,Real Estate - Development,8037194752,,0.017,,26.19,11.15
2018-01-09 00:00:00+05:30,28.950000762939453,29.0,27.75,27.899999618530273,257876,0.0,0.0,PARSVNATH.NS,Parsvnath Developers Limited,Real Estate,Real Estate - Development,8037194752,,0.017,,26.19,11.15
2018-01-10 00:00:00+05:30,27.899999618530273,29.25,27.5,28.950000762939453,312276,0.0,0.0,PARSVNATH.NS,Parsvnath Developers Limited,Real Estate,Real Estate - Development,8037194752,,0.017,,26.19,11.15
2018-01-11 00:00:00+05:30,29.450000762939453,30.0,28.549999237060547,29.149999618530273,100771,0.0,0.0,PARSVNATH.NS,Parsvnath Developers Limited,Real Estate,Real Estate - Development,8037194752,,0.017,,26.19,11.15
2018-01-12 00:00:00+05:30,30.600000381469727,30.600000381469727,29.100000381469727,30.149999618530273,1048553,0.0,0.0,PARSVNATH.NS,Parsvnath Developers Limited,Real Estate,Real Estate - Development,8037194752,,0.017,,26.19,11.15
2018-01-15 00:00:00+05:30,29.25,31.399999618530273,29.049999237060547,29.299999237060547,207810,0.0,0.0,PARSVNATH.NS,Parsvnath Developers Limited,Real Estate,Real Estate - Development,8037194752,,0.017,,26.19,11.15
2018-01-16 00:00:00+05:30,29.399999618530273,29.399999618530273,27.850000381469727,27.850000381469727,265404,0.0,0.0,PARSVNATH.NS,Parsvnath Developers Limited,Real Estate,Real Estate - Development,8037194752,,0.017,,26.19,11.15
2018-01-17 00:00:00+05:30,27.5,27.700000762939453,26.5,27.5,197389,0.0,0.0,PARSVNATH.NS,Parsvnath Developers Limited,Real Estate,Real Estate - Development,8037194752,,0.017,,26.19,11.15
2018-01-18 00:00:00+05:30,27.549999237060547,28.200000762939453,26.149999618530273,26.149999618530273,195434,0.0,0.0,PARSVNATH.NS,Parsvnath Developers Limited,Real Estate,Real Estate - Development,8037194752,,0.017,,26.19,11.15
2018-01-19 00:00:00+05:30,26.149999618530273,26.149999618530273,25.0,25.100000381469727,304741,0.0,0.0,PARSVNATH.NS,Parsvnath Developers Limited,Real Estate,Real Estate - Development,8037194752,,0.017,,26.19,11.15
2018-01-22 00:00:00+05:30,25.100000381469727,26.299999237060547,24.049999237060547,25.25,58638,0.0,0.0,PARSVNATH.NS,Parsvnath Developers Limited,Real Estate,Real Estate - Development,8037194752,,0.017,,26.19,11.15
2018-01-23 00:00:00+05:30,25.25,26.0,25.100000381469727,25.549999237060547,103258,0.0,0.0,PARSVNATH.NS,Parsvnath Developers Limited,Real Estate,Real Estate - Development,8037194752,,0.017,,26.19,11.15
2018-01-24 00:00:00+05:30,25.549999237060547,25.549999237060547,24.799999237060547,25.049999237060547,136590,0.0,0.0,PARSVNATH.NS,Parsvnath Developers Limited,Real Estate,Real Estate - Development,8037194752,,0.017,,26.19,11.15
2018-01-25 00:00:00+05:30,24.600000381469727,25.399999618530273,24.600000381469727,25.100000381469727,100207,0.0,0.0,PARSVNATH.NS,Parsvnath Developers Limited,Real Estate,Real Estate - Development,8037194752,,0.017,,26.19,11.15
2018-01-29 00:00:00+05:30,25.149999618530273,25.350000381469727,24.049999237060547,24.200000762939453,91908,0.0,0.0,PARSVNATH.NS,Parsvnath Developers Limited,Real Estate,Real Estate - Development,8037194752,,0.017,,26.19,11.15
2018-01-30 00:00:00+05:30,23.899999618530273,24.700000762939453,23.350000381469727,24.049999237060547,69591,0.0,0.0,PARSVNATH.NS,Parsvnath Developers Limited,Real Estate,Real Estate - Development,8037194752,,0.017,,26.19,11.15
2018-01-31 00:00:00+05:30,23.399999618530273,24.600000381469727,23.399999618530273,23.950000762939453,84346,0.0,0.0,PARSVNATH.NS,Parsvnath Developers Limited,Real Estate,Real Estate - Development,8037194752,,0.017,,26.19,11.15
2018-02-01 00:00:00+05:30,24.0,24.5,23.299999237060547,23.700000762939453,78611,0.0,0.0,PARSVNATH.NS,Parsvnath Developers Limited,Real Estate,Real Estate - Development,8037194752,,0.017,,26.19,11.15
2018-02-02 00:00:00+05:30,23.5,23.950000762939453,22.549999237060547,22.649999618530273,106029,0.0,0.0,PARSVNATH.NS,Parsvnath Developers Limited,Real Estate,Real Estate - Development,8037194752,,0.017,,26.19,11.15
2018-02-05 00:00:00+05:30,22.600000381469727,22.600000381469727,21.549999237060547,21.700000762939453,114936,0.0,0.0,PARSVNATH.NS,Parsvnath Developers Limited,Real Estate,Real Estate - Development,8037194752,,0.017,,26.19,11.15
2018-02-06 00:00:00+05:30,20.700000762939453,21.350000381469727,20.649999618530273,20.649999618530273,193174,0.0,0.0,PARSVNATH.NS,Parsvnath Developers Limited,Real Estate,Real Estate - Development,8037194752,,0.017,,26.19,11.15
2018-02-07 00:00:00+05:30,20.5,21.5,20.399999618530273,20.799999237060547,70853,0.0,0.0,PARSVNATH.NS,Parsvnath Developers Limited,Real Estate,Real Estate - Development,8037194752,,0.017,,26.19,11.15
2018-02-08 00:00:00+05:30,20.149999618530273,21.799999237060547,20.149999618530273,21.549999237060547,209753,0.0,0.0,PARSVNATH.NS,Parsvnath Developers Limited,Real Estate,Real Estate - Development,8037194752,,0.017,,26.19,11.15
2018-02-09 00:00:00+05:30,21.549999237060547,22.450000762939453,21.049999237060547,22.25,122621,0.0,0.0,PARSVNATH.NS,Parsvnath Developers Limited,Real Estate,Real Estate - Development,8037194752,,0.017,,26.19,11.15
2018-02-12 00:00:00+05:30,23.25,23.299999237060547,22.399999618530273,22.600000381469727,131654,0.0,0.0,PARSVNATH.NS,Parsvnath Developers Limited,Real Estate,Real Estate - Development,8037194752,,0.017,,26.19,11.15
2018-02-14 00:00:00+05:30,22.399999618530273,23.700000762939453,22.0,23.5,409700,0.0,0.0,PARSVNATH.NS,Parsvnath Developers Limited,Real Estate,Real Estate - Development,8037194752,,0.017,,26.19,11.15
2018-02-15 00:00:00+05:30,23.850000381469727,24.649999618530273,22.649999618530273,22.950000762939453,449499,0.0,0.0,PARSVNATH.NS,Parsvnath Developers Limited,Real Estate,Real Estate - Development,8037194752,,0.017,,26.19,11.15
2018-02-16 00:00:00+05:30,23.25,24.049999237060547,22.799999237060547,23.049999237060547,693808,0.0,0.0,PARSVNATH.NS,Parsvnath Developers Limited,Real Estate,Real Estate - Development,8037194752,,0.017,,26.19,11.15
2018-02-19 00:00:00+05:30,23.25,23.799999237060547,22.100000381469727,22.299999237060547,385146,0.0,0.0,PARSVNATH.NS,Parsvnath Developers Limited,Real Estate,Real Estate - Development,8037194752,,0.017,,26.19,11.15
2018-02-20 00:00:00+05:30,22.450000762939453,23.399999618530273,22.25,22.850000381469727,694533,0.0,0.0,PARSVNATH.NS,Parsvnath Developers Limited,Real Estate,Real Estate - Development,8037194752,,0.017,,26.19,11.15
2018-02-21 00:00:00+05:30,22.850000381469727,23.549999237060547,22.149999618530273,22.25,165240,0.0,0.0,PARSVNATH.NS,Parsvnath Developers Limited,Real Estate,Real Estate - Development,8037194752,,0.017,,26.19,11.15
2018-02-22 00:00:00+05:30,22.100000381469727,22.25,21.649999618530273,21.850000381469727,81584,0.0,0.0,PARSVNATH.NS,Parsvnath Developers Limited,Real Estate,Real Estate - Development,8037194752,,0.017,,26.19,11.15
2018-02-23 00:00:00+05:30,21.850000381469727,22.5,21.100000381469727,21.299999237060547,479409,0.0,0.0,PARSVNATH.NS,Parsvnath Developers Limited,Real Estate,Real Estate - Development,8037194752,,0.017,,26.19,11.15
2018-02-26 00:00:00+05:30,22.0,22.0,21.299999237060547,21.549999237060547,44258,0.0,0.0,PARSVNATH.NS,Parsvnath Developers Limited,Real Estate,Real Estate - Development,8037194752,,0.017,,26.19,11.15
2018-02-27 00:00:00+05:30,21.850000381469727,21.899999618530273,21.049999237060547,21.149999618530273,40543,0.0,0.0,PARSVNATH.NS,Parsvnath Developers Limited,Real Estate,Real Estate - Development,8037194752,,0.017,,26.19,11.15
2018-02-28 00:00:00+05:30,21.149999618530273,21.25,20.700000762939453,20.75,338304,0.0,0.0,PARSVNATH.NS,Parsvnath Developers Limited,Real Estate,Real Estate - Development,8037194752,,0.017,,26.19,11.15
2018-03-01 00:00:00+05:30,20.399999618530273,21.299999237060547,20.399999618530273,20.850000381469727,145752,0.0,0.0,PARSVNATH.NS,Parsvnath Developers Limited,Real Estate,Real Estate - Development,8037194752,,0.017,,26.19,11.15
2018-03-05 00:00:00+05:30,20.850000381469727,20.850000381469727,20.100000381469727,20.200000762939453,107247,0.0,0.0,PARSVNATH.NS,Parsvnath Developers Limited,Real Estate,Real Estate - Development,8037194752,,0.017,,26.19,11.15
2018-03-06 00:00:00+05:30,20.5,20.600000381469727,19.200000762939453,19.299999237060547,181019,0.0,0.0,PARSVNATH.NS,Parsvnath Developers Limited,Real Estate,Real Estate - Development,8037194752,,0.017,,26.19,11.15
2018-03-07 00:00:00+05:30,19.0,19.149999618530273,18.350000381469727,18.350000381469727,151024,0.0,0.0,PARSVNATH.NS,Parsvnath Developers Limited,Real Estate,Real Estate - Development,8037194752,,0.017,,26.19,11.15
2018-03-08 00:00:00+05:30,18.5,18.5,17.450000762939453,17.450000762939453,182632,0.0,0.0,PARSVNATH.NS,Parsvnath Developers Limited,Real Estate,Real Estate - Development,8037194752,,0.017,,26.19,11.15
2018-03-09 00:00:00+05:30,16.700000762939453,17.799999237060547,16.600000381469727,16.600000381469727,547103,0.0,0.0,PARSVNATH.NS,Parsvnath Developers Limited,Real Estate,Real Estate - Development,8037194752,,0.017,,26.19,11.15
2018-03-12 00:00:00+05:30,16.799999237060547,16.799999237060547,15.800000190734863,15.800000190734863,130165,0.0,0.0,PARSVNATH.NS,Parsvnath Developers Limited,Real Estate,Real Estate - Development,8037194752,,0.017,,26.19,11.15
2018-03-13 00:00:00+05:30,15.25,16.200000762939453,15.050000190734863,15.699999809265137,376924,0.0,0.0,PARSVNATH.NS,Parsvnath Developers Limited,Real Estate,Real Estate - Development,8037194752,,0.017,,26.19,11.15
2018-03-14 00:00:00+05:30,15.25,16.100000381469727,15.25,15.800000190734863,766730,0.0,0.0,PARSVNATH.NS,Parsvnath Developers Limited,Real Estate,Real Estate - Development,8037194752,,0.017,,26.19,11.15
2018-03-15 00:00:00+05:30,16.049999237060547,16.549999237060547,15.850000381469727,16.549999237060547,469286,0.0,0.0,PARSVNATH.NS,Parsvnath Developers Limited,Real Estate,Real Estate - Development,8037194752,,0.017,,26.19,11.15
2018-03-16 00:00:00+05:30,17.25,17.350000381469727,16.5,16.75,811161,0.0,0.0,PARSVNATH.NS,Parsvnath Developers Limited,Real Estate,Real Estate - Development,8037194752,,0.017,,26.19,11.15
2018-03-19 00:00:00+05:30,16.75,17.350000381469727,15.949999809265137,15.949999809265137,651826,0.0,0.0,PARSVNATH.NS,Parsvnath Developers Limited,Real Estate,Real Estate - Development,8037194752,,0.017,,26.19,11.15
2018-03-20 00:00:00+05:30,15.699999809265137,15.949999809265137,15.25,15.550000190734863,1360942,0.0,0.0,PARSVNATH.NS,Parsvnath Developers Limited,Real Estate,Real Estate - Development,8037194752,,0.017,,26.19,11.15
2018-03-21 00:00:00+05:30,15.5,15.899999618530273,15.399999618530273,15.550000190734863,1149879,0.0,0.0,PARSVNATH.NS,Parsvnath Developers Limited,Real Estate,Real Estate - Development,8037194752,,0.017,,26.19,11.15
2018-03-22 00:00:00+05:30,15.649999618530273,16.049999237060547,14.800000190734863,15.0,221818,0.0,0.0,PARSVNATH.NS,Parsvnath Developers Limited,Real Estate,Real Estate - Development,8037194752,,0.017,,26.19,11.15
2018-03-23 00:00:00+05:30,14.350000381469727,14.949999809265137,14.25,14.350000381469727,168102,0.0,0.0,PARSVNATH.NS,Parsvnath Developers Limited,Real Estate,Real Estate - Development,8037194752,,0.017,,26.19,11.15
2018-03-26 00:00:00+05:30,14.399999618530273,14.899999618530273,13.649999618530273,13.800000190734863,387443,0.0,0.0,PARSVNATH.NS,Parsvnath Developers Limited,Real Estate,Real Estate - Development,8037194752,,0.017,,26.19,11.15
2018-03-27 00:00:00+05:30,14.199999809265137,14.449999809265137,14.050000190734863,14.399999618530273,118095,0.0,0.0,PARSVNATH.NS,Parsvnath Developers Limited,Real Estate,Real Estate - Development,8037194752,,0.017,,26.19,11.15
2018-03-28 00:00:00+05:30,14.300000190734863,15.050000190734863,13.899999618530273,14.850000381469727,139561,0.0,0.0,PARSVNATH.NS,Parsvnath Developers Limited,Real Estate,Real Estate - Development,8037194752,,0.017,,26.19,11.15
2018-04-02 00:00:00+05:30,15.0,15.449999809265137,14.350000381469727,14.5,104319,0.0,0.0,PARSVNATH.NS,Parsvnath Developers Limited,Real Estate,Real Estate - Development,8037194752,,0.017,,26.19,11.15
2018-04-03 00:00:00+05:30,14.699999809265137,15.199999809265137,14.399999618530273,15.100000381469727,203720,0.0,0.0,PARSVNATH.NS,Parsvnath Developers Limited,Real Estate,Real Estate - Development,8037194752,,0.017,,26.19,11.15
2018-04-04 00:00:00+05:30,15.399999618530273,15.800000190734863,14.350000381469727,14.350000381469727,939602,0.0,0.0,PARSVNATH.NS,Parsvnath Developers Limited,Real Estate,Real Estate - Development,8037194752,,0.017,,26.19,11.15
2018-04-05 00:00:00+05:30,14.350000381469727,14.350000381469727,13.649999618530273,13.75,471128,0.0,0.0,PARSVNATH.NS,Parsvnath Developers Limited,Real Estate,Real Estate - Development,8037194752,,0.017,,26.19,11.15
2018-04-06 00:00:00+05:30,14.0,14.649999618530273,14.0,14.100000381469727,168978,0.0,0.0,PARSVNATH.NS,Parsvnath Developers Limited,Real Estate,Real Estate - Development,8037194752,,0.017,,26.19,11.15
2018-04-09 00:00:00+05:30,14.149999618530273,14.649999618530273,13.899999618530273,13.949999809265137,190672,0.0,0.0,PARSVNATH.NS,Parsvnath Developers Limited,Real Estate,Real Estate - Development,8037194752,,0.017,,26.19,11.15
2018-04-10 00:00:00+05:30,14.449999809265137,14.449999809265137,13.75,13.899999618530273,133358,0.0,0.0,PARSVNATH.NS,Parsvnath Developers Limited,Real Estate,Real Estate - Development,8037194752,,0.017,,26.19,11.15
2018-04-11 00:00:00+05:30,13.699999809265137,14.199999809265137,13.699999809265137,13.949999809265137,83383,0.0,0.0,PARSVNATH.NS,Parsvnath Developers Limited,Real Estate,Real Estate - Development,8037194752,,0.017,,26.19,11.15
2018-04-12 00:00:00+05:30,14.0,14.0,13.449999809265137,13.800000190734863,165198,0.0,0.0,PARSVNATH.NS,Parsvnath Developers Limited,Real Estate,Real Estate - Development,8037194752,,0.017,,26.19,11.15
2018-04-13 00:00:00+05:30,13.550000190734863,14.100000381469727,13.550000190734863,13.699999809265137,48178,0.0,0.0,PARSVNATH.NS,Parsvnath Developers Limited,Real Estate,Real Estate - Development,8037194752,,0.017,,26.19,11.15
2018-04-16 00:00:00+05:30,13.5,14.149999618530273,13.5,14.100000381469727,49539,0.0,0.0,PARSVNATH.NS,Parsvnath Developers Limited,Real Estate,Real Estate - Development,8037194752,,0.017,,26.19,11.15
2018-04-17 00:00:00+05:30,14.0,14.600000381469727,14.0,14.300000190734863,57522,0.0,0.0,PARSVNATH.NS,Parsvnath Developers Limited,Real Estate,Real Estate - Development,8037194752,,0.017,,26.19,11.15
2018-04-18 00:00:00+05:30,14.600000381469727,14.75,14.5,14.649999618530273,57435,0.0,0.0,PARSVNATH.NS,Parsvnath Developers Limited,Real Estate,Real Estate - Development,8037194752,,0.017,,26.19,11.15
2018-04-19 00:00:00+05:30,14.050000190734863,14.649999618530273,14.050000190734863,14.199999809265137,70699,0.0,0.0,PARSVNATH.NS,Parsvnath Developers Limited,Real Estate,Real Estate - Development,8037194752,,0.017,,26.19,11.15
2018-04-20 00:00:00+05:30,14.300000190734863,14.600000381469727,14.149999618530273,14.25,51340,0.0,0.0,PARSVNATH.NS,Parsvnath Developers Limited,Real Estate,Real Estate - Development,8037194752,,0.017,,26.19,11.15
2018-04-23 00:00:00+05:30,14.0,14.800000190734863,13.899999618530273,13.949999809265137,64889,0.0,0.0,PARSVNATH.NS,Parsvnath Developers Limited,Real Estate,Real Estate - Development,8037194752,,0.017,,26.19,11.15
2018-04-24 00:00:00+05:30,13.949999809265137,14.699999809265137,13.550000190734863,14.199999809265137,43546,0.0,0.0,PARSVNATH.NS,Parsvnath Developers Limited,Real Estate,Real Estate - Development,8037194752,,0.017,,26.19,11.15
2018-04-25 00:00:00+05:30,14.199999809265137,14.399999618530273,13.899999618530273,13.949999809265137,37563,0.0,0.0,PARSVNATH.NS,Parsvnath Developers Limited,Real Estate,Real Estate - Development,8037194752,,0.017,,26.19,11.15
2018-04-26 00:00:00+05:30,13.75,14.449999809265137,13.600000381469727,14.300000190734863,180830,0.0,0.0,PARSVNATH.NS,Parsvnath Developers Limited,Real Estate,Real Estate - Development,8037194752,,0.017,,26.19,11.15
2018-04-27 00:00:00+05:30,14.25,15.199999809265137,14.149999618530273,14.850000381469727,226581,0.0,0.0,PARSVNATH.NS,Parsvnath Developers Limited,Real Estate,Real Estate - Development,8037194752,,0.017,,26.19,11.15
2018-04-30 00:00:00+05:30,14.850000381469727,15.199999809265137,14.5,14.899999618530273,179628,0.0,0.0,PARSVNATH.NS,Parsvnath Developers Limited,Real Estate,Real Estate - Development,8037194752,,0.017,,26.19,11.15
2018-05-02 00:00:00+05:30,15.0,16.350000381469727,14.949999809265137,16.149999618530273,1006745,0.0,0.0,PARSVNATH.NS,Parsvnath Developers Limited,Real Estate,Real Estate - Development,8037194752,,0.017,,26.19,11.15
2018-05-03 00:00:00+05:30,15.949999809265137,17.399999618530273,15.5,16.850000381469727,1156969,0.0,0.0,PARSVNATH.NS,Parsvnath Developers Limited,Real Estate,Real Estate - Development,8037194752,,0.017,,26.19,11.15
2018-05-04 00:00:00+05:30,16.600000381469727,16.850000381469727,15.649999618530273,15.850000381469727,667879,0.0,0.0,PARSVNATH.NS,Parsvnath Developers Limited,Real Estate,Real Estate - Development,8037194752,,0.017,,26.19,11.15
2018-05-07 00:00:00+05:30,15.649999618530273,16.450000762939453,15.600000381469727,15.75,94003,0.0,0.0,PARSVNATH.NS,Parsvnath Developers Limited,Real Estate,Real Estate - Development,8037194752,,0.017,,26.19,11.15
2018-05-08 00:00:00+05:30,15.75,16.0,15.050000190734863,15.199999809265137,42251,0.0,0.0,PARSVNATH.NS,Parsvnath Developers Limited,Real Estate,Real Estate - Development,8037194752,,0.017,,26.19,11.15
2018-05-09 00:00:00+05:30,15.0,16.5,15.0,15.550000190734863,36271,0.0,0.0,PARSVNATH.NS,Parsvnath Developers Limited,Real Estate,Real Estate - Development,8037194752,,0.017,,26.19,11.15
2018-05-10 00:00:00+05:30,15.550000190734863,15.850000381469727,14.300000190734863,14.649999618530273,59812,0.0,0.0,PARSVNATH.NS,Parsvnath Developers Limited,Real Estate,Real Estate - Development,8037194752,,0.017,,26.19,11.15
2018-05-11 00:00:00+05:30,14.300000190734863,15.350000381469727,14.149999618530273,15.25,117118,0.0,0.0,PARSVNATH.NS,Parsvnath Developers Limited,Real Estate,Real Estate - Development,8037194752,,0.017,,26.19,11.15
2018-05-14 00:00:00+05:30,14.649999618530273,16.049999237060547,14.600000381469727,15.850000381469727,980696,0.0,0.0,PARSVNATH.NS,Parsvnath Developers Limited,Real Estate,Real Estate - Development,8037194752,,0.017,,26.19,11.15
2018-05-15 00:00:00+05:30,15.199999809265137,15.75,15.0,15.25,48168,0.0,0.0,PARSVNATH.NS,Parsvnath Developers Limited,Real Estate,Real Estate - Development,8037194752,,0.017,,26.19,11.15
2018-05-16 00:00:00+05:30,15.0,15.25,14.0,14.149999618530273,124535,0.0,0.0,PARSVNATH.NS,Parsvnath Developers Limited,Real Estate,Real Estate - Development,8037194752,,0.017,,26.19,11.15
2018-05-17 00:00:00+05:30,14.199999809265137,14.649999618530273,14.050000190734863,14.449999809265137,21825,0.0,0.0,PARSVNATH.NS,Parsvnath Developers Limited,Real Estate,Real Estate - Development,8037194752,,0.017,,26.19,11.15
2018-05-18 00:00:00+05:30,14.199999809265137,14.949999809265137,14.199999809265137,14.399999618530273,32341,0.0,0.0,PARSVNATH.NS,Parsvnath Developers Limited,Real Estate,Real Estate - Development,8037194752,,0.017,,26.19,11.15
2018-05-21 00:00:00+05:30,13.699999809265137,14.5,13.699999809265137,14.300000190734863,28115,0.0,0.0,PARSVNATH.NS,Parsvnath Developers Limited,Real Estate,Real Estate - Development,8037194752,,0.017,,26.19,11.15
2018-05-22 00:00:00+05:30,14.199999809265137,14.699999809265137,14.0,14.25,111322,0.0,0.0,PARSVNATH.NS,Parsvnath Developers Limited,Real Estate,Real Estate - Development,8037194752,,0.017,,26.19,11.15
2018-05-23 00:00:00+05:30,14.0,14.350000381469727,14.0,14.100000381469727,51644,0.0,0.0,PARSVNATH.NS,Parsvnath Developers Limited,Real Estate,Real Estate - Development,8037194752,,0.017,,26.19,11.15
2018-05-24 00:00:00+05:30,14.199999809265137,14.300000190734863,13.850000381469727,14.0,18912,0.0,0.0,PARSVNATH.NS,Parsvnath Developers Limited,Real Estate,Real Estate - Development,8037194752,,0.017,,26.19,11.15
2018-05-25 00:00:00+05:30,14.0,14.25,13.850000381469727,13.949999809265137,25956,0.0,0.0,PARSVNATH.NS,Parsvnath Developers Limited,Real Estate,Real Estate - Development,8037194752,,0.017,,26.19,11.15
2018-05-28 00:00:00+05:30,13.899999618530273,14.25,13.800000190734863,14.149999618530273,25783,0.0,0.0,PARSVNATH.NS,Parsvnath Developers Limited,Real Estate,Real Estate - Development,8037194752,,0.017,,26.19,11.15
2018-05-29 00:00:00+05:30,14.149999618530273,14.25,13.850000381469727,14.0,17151,0.0,0.0,PARSVNATH.NS,Parsvnath Developers Limited,Real Estate,Real Estate - Development,8037194752,,0.017,,26.19,11.15
2018-05-30 00:00:00+05:30,14.050000190734863,14.199999809265137,13.649999618530273,13.800000190734863,47233,0.0,0.0,PARSVNATH.NS,Parsvnath Developers Limited,Real Estate,Real Estate - Development,8037194752,,0.017,,26.19,11.15
2018-05-31 00:00:00+05:30,14.5,14.5,13.649999618530273,13.850000381469727,27538,0.0,0.0,PARSVNATH.NS,Parsvnath Developers Limited,Real Estate,Real Estate - Development,8037194752,,0.017,,26.19,11.15
2018-06-01 00:00:00+05:30,14.199999809265137,14.5,13.5,13.600000381469727,24961,0.0,0.0,PARSVNATH.NS,Parsvnath Developers Limited,Real Estate,Real Estate - Development,8037194752,,0.017,,26.19,11.15
2018-06-04 00:00:00+05:30,13.649999618530273,13.949999809265137,13.350000381469727,13.350000381469727,21900,0.0,0.0,PARSVNATH.NS,Parsvnath Developers Limited,Real Estate,Real Estate - Development,8037194752,,0.017,,26.19,11.15
2018-06-05 00:00:00+05:30,13.550000190734863,13.550000190734863,12.149999618530273,12.300000190734863,112197,0.0,0.0,PARSVNATH.NS,Parsvnath Developers Limited,Real Estate,Real Estate - Development,8037194752,,0.017,,26.19,11.15
2018-06-06 00:00:00+05:30,12.300000190734863,12.699999809265137,11.600000381469727,12.149999618530273,115932,0.0,0.0,PARSVNATH.NS,Parsvnath Developers Limited,Real Estate,Real Estate - Development,8037194752,,0.017,,26.19,11.15
2018-06-07 00:00:00+05:30,12.399999618530273,12.949999809265137,12.300000190734863,12.600000381469727,39874,0.0,0.0,PARSVNATH.NS,Parsvnath Developers Limited,Real Estate,Real Estate - Development,8037194752,,0.017,,26.19,11.15
2018-06-08 00:00:00+05:30,12.649999618530273,12.75,11.649999618530273,12.050000190734863,866155,0.0,0.0,PARSVNATH.NS,Parsvnath Developers Limited,Real Estate,Real Estate - Development,8037194752,,0.017,,26.19,11.15
2018-06-11 00:00:00+05:30,12.050000190734863,12.649999618530273,12.050000190734863,12.300000190734863,43697,0.0,0.0,PARSVNATH.NS,Parsvnath Developers Limited,Real Estate,Real Estate - Development,8037194752,,0.017,,26.19,11.15
2018-06-12 00:00:00+05:30,12.100000381469727,12.550000190734863,12.100000381469727,12.300000190734863,14520,0.0,0.0,PARSVNATH.NS,Parsvnath Developers Limited,Real Estate,Real Estate - Development,8037194752,,0.017,,26.19,11.15
2018-06-13 00:00:00+05:30,12.100000381469727,13.449999809265137,12.100000381469727,12.75,176955,0.0,0.0,PARSVNATH.NS,Parsvnath Developers Limited,Real Estate,Real Estate - Development,8037194752,,0.017,,26.19,11.15
2018-06-14 00:00:00+05:30,13.0,13.350000381469727,12.649999618530273,13.0,40476,0.0,0.0,PARSVNATH.NS,Parsvnath Developers Limited,Real Estate,Real Estate - Development,8037194752,,0.017,,26.19,11.15
2018-06-15 00:00:00+05:30,13.0,13.300000190734863,12.699999809265137,12.800000190734863,32729,0.0,0.0,PARSVNATH.NS,Parsvnath Developers Limited,Real Estate,Real Estate - Development,8037194752,,0.017,,26.19,11.15
2018-06-18 00:00:00+05:30,12.600000381469727,12.899999618530273,12.550000190734863,12.850000381469727,13300,0.0,0.0,PARSVNATH.NS,Parsvnath Developers Limited,Real Estate,Real Estate - Development,8037194752,,0.017,,26.19,11.15
2018-06-19 00:00:00+05:30,12.25,13.0,12.25,12.550000190734863,18350,0.0,0.0,PARSVNATH.NS,Parsvnath Developers Limited,Real Estate,Real Estate - Development,8037194752,,0.017,,26.19,11.15
2018-06-20 00:00:00+05:30,12.800000190734863,12.800000190734863,12.350000381469727,12.550000190734863,7435,0.0,0.0,PARSVNATH.NS,Parsvnath Developers Limited,Real Estate,Real Estate - Development,8037194752,,0.017,,26.19,11.15
2018-06-21 00:00:00+05:30,12.850000381469727,12.850000381469727,12.5,12.550000190734863,20474,0.0,0.0,PARSVNATH.NS,Parsvnath Developers Limited,Real Estate,Real Estate - Development,8037194752,,0.017,,26.19,11.15
2018-06-22 00:00:00+05:30,12.550000190734863,12.550000190734863,12.100000381469727,12.199999809265137,36800,0.0,0.0,PARSVNATH.NS,Parsvnath Developers Limited,Real Estate,Real Estate - Development,8037194752,,0.017,,26.19,11.15
2018-06-25 00:00:00+05:30,12.699999809265137,12.699999809265137,12.100000381469727,12.199999809265137,25992,0.0,0.0,PARSVNATH.NS,Parsvnath Developers Limited,Real Estate,Real Estate - Development,8037194752,,0.017,,26.19,11.15
2018-06-26 00:00:00+05:30,12.0,12.300000190734863,11.5,11.899999618530273,45661,0.0,0.0,PARSVNATH.NS,Parsvnath Developers Limited,Real Estate,Real Estate - Development,8037194752,,0.017,,26.19,11.15
2018-06-27 00:00:00+05:30,11.5,12.0,11.5,11.649999618530273,23060,0.0,0.0,PARSVNATH.NS,Parsvnath Developers Limited,Real Estate,Real Estate - Development,8037194752,,0.017,,26.19,11.15
2018-06-28 00:00:00+05:30,11.550000190734863,12.149999618530273,10.649999618530273,11.399999618530273,85289,0.0,0.0,PARSVNATH.NS,Parsvnath Developers Limited,Real Estate,Real Estate - Development,8037194752,,0.017,,26.19,11.15
2018-06-29 00:00:00+05:30,12.5,12.5,11.649999618530273,11.850000381469727,38138,0.0,0.0,PARSVNATH.NS,Parsvnath Developers Limited,Real Estate,Real Estate - Development,8037194752,,0.017,,26.19,11.15
2018-07-02 00:00:00+05:30,11.5,11.800000190734863,11.0,11.199999809265137,50160,0.0,0.0,PARSVNATH.NS,Parsvnath Developers Limited,Real Estate,Real Estate - Development,8037194752,,0.017,,26.19,11.15
2018-07-03 00:00:00+05:30,11.600000381469727,11.75,11.0,11.699999809265137,40906,0.0,0.0,PARSVNATH.NS,Parsvnath Developers Limited,Real Estate,Real Estate - Development,8037194752,,0.017,,26.19,11.15
2018-07-04 00:00:00+05:30,11.850000381469727,12.149999618530273,10.949999809265137,11.300000190734863,201315,0.0,0.0,PARSVNATH.NS,Parsvnath Developers Limited,Real Estate,Real Estate - Development,8037194752,,0.017,,26.19,11.15
2018-07-05 00:00:00+05:30,11.0,11.399999618530273,10.5,10.850000381469727,111070,0.0,0.0,PARSVNATH.NS,Parsvnath Developers Limited,Real Estate,Real Estate - Development,8037194752,,0.017,,26.19,11.15
2018-07-06 00:00:00+05:30,10.699999809265137,11.199999809265137,10.5,11.050000190734863,42967,0.0,0.0,PARSVNATH.NS,Parsvnath Developers Limited,Real Estate,Real Estate - Development,8037194752,,0.017,,26.19,11.15
2018-07-09 00:00:00+05:30,11.100000381469727,11.800000190734863,10.949999809265137,11.399999618530273,34886,0.0,0.0,PARSVNATH.NS,Parsvnath Developers Limited,Real Estate,Real Estate - Development,8037194752,,0.017,,26.19,11.15
2018-07-10 00:00:00+05:30,11.399999618530273,11.800000190734863,11.300000190734863,11.449999809265137,14184,0.0,0.0,PARSVNATH.NS,Parsvnath Developers Limited,Real Estate,Real Estate - Development,8037194752,,0.017,,26.19,11.15
2018-07-11 00:00:00+05:30,11.199999809265137,11.449999809265137,11.199999809265137,11.300000190734863,12251,0.0,0.0,PARSVNATH.NS,Parsvnath Developers Limited,Real Estate,Real Estate - Development,8037194752,,0.017,,26.19,11.15
2018-07-12 00:00:00+05:30,11.100000381469727,11.5,11.100000381469727,11.300000190734863,18371,0.0,0.0,PARSVNATH.NS,Parsvnath Developers Limited,Real Estate,Real Estate - Development,8037194752,,0.017,,26.19,11.15
2018-07-13 00:00:00+05:30,11.149999618530273,11.399999618530273,11.0,11.050000190734863,22210,0.0,0.0,PARSVNATH.NS,Parsvnath Developers Limited,Real Estate,Real Estate - Development,8037194752,,0.017,,26.19,11.15
2018-07-16 00:00:00+05:30,11.050000190734863,11.350000381469727,10.5,10.800000190734863,29865,0.0,0.0,PARSVNATH.NS,Parsvnath Developers Limited,Real Estate,Real Estate - Development,8037194752,,0.017,,26.19,11.15
2018-07-17 00:00:00+05:30,10.350000381469727,11.199999809265137,10.350000381469727,10.949999809265137,21103,0.0,0.0,PARSVNATH.NS,Parsvnath Developers Limited,Real Estate,Real Estate - Development,8037194752,,0.017,,26.19,11.15
2018-07-18 00:00:00+05:30,10.949999809265137,11.399999618530273,10.600000381469727,10.850000381469727,64960,0.0,0.0,PARSVNATH.NS,Parsvnath Developers Limited,Real Estate,Real Estate - Development,8037194752,,0.017,,26.19,11.15
2018-07-19 00:00:00+05:30,10.800000190734863,11.0,10.25,10.449999809265137,47817,0.0,0.0,PARSVNATH.NS,Parsvnath Developers Limited,Real Estate,Real Estate - Development,8037194752,,0.017,,26.19,11.15
2018-07-20 00:00:00+05:30,10.449999809265137,10.649999618530273,10.149999618530273,10.449999809265137,63354,0.0,0.0,PARSVNATH.NS,Parsvnath Developers Limited,Real Estate,Real Estate - Development,8037194752,,0.017,,26.19,11.15
2018-07-23 00:00:00+05:30,10.100000381469727,10.800000190734863,10.100000381469727,10.75,34599,0.0,0.0,PARSVNATH.NS,Parsvnath Developers Limited,Real Estate,Real Estate - Development,8037194752,,0.017,,26.19,11.15
2018-07-24 00:00:00+05:30,10.550000190734863,11.5,10.550000190734863,11.199999809265137,82372,0.0,0.0,PARSVNATH.NS,Parsvnath Developers Limited,Real Estate,Real Estate - Development,8037194752,,0.017,,26.19,11.15
2018-07-25 00:00:00+05:30,11.449999809265137,11.75,11.100000381469727,11.5,29675,0.0,0.0,PARSVNATH.NS,Parsvnath Developers Limited,Real Estate,Real Estate - Development,8037194752,,0.017,,26.19,11.15
2018-07-26 00:00:00+05:30,11.899999618530273,11.899999618530273,11.5,11.5,34700,0.0,0.0,PARSVNATH.NS,Parsvnath Developers Limited,Real Estate,Real Estate - Development,8037194752,,0.017,,26.19,11.15
2018-07-27 00:00:00+05:30,11.600000381469727,12.100000381469727,11.300000190734863,11.899999618530273,48176,0.0,0.0,PARSVNATH.NS,Parsvnath Developers Limited,Real Estate,Real Estate - Development,8037194752,,0.017,,26.19,11.15
2018-07-30 00:00:00+05:30,11.5,12.25,11.5,12.100000381469727,30245,0.0,0.0,PARSVNATH.NS,Parsvnath Developers Limited,Real Estate,Real Estate - Development,8037194752,,0.017,,26.19,11.15
2018-07-31 00:00:00+05:30,11.550000190734863,12.449999809265137,11.550000190734863,12.100000381469727,44256,0.0,0.0,PARSVNATH.NS,Parsvnath Developers Limited,Real Estate,Real Estate - Development,8037194752,,0.017,,26.19,11.15
2018-08-01 00:00:00+05:30,12.199999809265137,12.899999618530273,12.199999809265137,12.399999618530273,54781,0.0,0.0,PARSVNATH.NS,Parsvnath Developers Limited,Real Estate,Real Estate - Development,8037194752,,0.017,,26.19,11.15
2018-08-02 00:00:00+05:30,12.5,13.949999809265137,12.350000381469727,13.149999618530273,140090,0.0,0.0,PARSVNATH.NS,Parsvnath Developers Limited,Real Estate,Real Estate - Development,8037194752,,0.017,,26.19,11.15
2018-08-03 00:00:00+05:30,13.399999618530273,14.0,12.550000190734863,13.399999618530273,134423,0.0,0.0,PARSVNATH.NS,Parsvnath Developers Limited,Real Estate,Real Estate - Development,8037194752,,0.017,,26.19,11.15
2018-08-06 00:00:00+05:30,14.0,14.0,13.399999618530273,13.800000190734863,109020,0.0,0.0,PARSVNATH.NS,Parsvnath Developers Limited,Real Estate,Real Estate - Development,8037194752,,0.017,,26.19,11.15
2018-08-07 00:00:00+05:30,13.699999809265137,14.0,12.75,13.149999618530273,156467,0.0,0.0,PARSVNATH.NS,Parsvnath Developers Limited,Real Estate,Real Estate - Development,8037194752,,0.017,,26.19,11.15
2018-08-08 00:00:00+05:30,13.149999618530273,13.149999618530273,12.300000190734863,12.399999618530273,113585,0.0,0.0,PARSVNATH.NS,Parsvnath Developers Limited,Real Estate,Real Estate - Development,8037194752,,0.017,,26.19,11.15
2018-08-09 00:00:00+05:30,12.0,12.449999809265137,11.899999618530273,12.199999809265137,223922,0.0,0.0,PARSVNATH.NS,Parsvnath Developers Limited,Real Estate,Real Estate - Development,8037194752,,0.017,,26.19,11.15
2018-08-10 00:00:00+05:30,12.199999809265137,12.199999809265137,11.75,11.800000190734863,63396,0.0,0.0,PARSVNATH.NS,Parsvnath Developers Limited,Real Estate,Real Estate - Development,8037194752,,0.017,,26.19,11.15
2018-08-13 00:00:00+05:30,11.800000190734863,12.899999618530273,11.5,12.199999809265137,83777,0.0,0.0,PARSVNATH.NS,Parsvnath Developers Limited,Real Estate,Real Estate - Development,8037194752,,0.017,,26.19,11.15
2018-08-14 00:00:00+05:30,12.0,12.25,11.649999618530273,11.75,35129,0.0,0.0,PARSVNATH.NS,Parsvnath Developers Limited,Real Estate,Real Estate - Development,8037194752,,0.017,,26.19,11.15
2018-08-16 00:00:00+05:30,12.399999618530273,12.550000190734863,12.0,12.199999809265137,75476,0.0,0.0,PARSVNATH.NS,Parsvnath Developers Limited,Real Estate,Real Estate - Development,8037194752,,0.017,,26.19,11.15
2018-08-17 00:00:00+05:30,12.199999809265137,12.649999618530273,12.149999618530273,12.199999809265137,21208,0.0,0.0,PARSVNATH.NS,Parsvnath Developers Limited,Real Estate,Real Estate - Development,8037194752,,0.017,,26.19,11.15
2018-08-20 00:00:00+05:30,12.0,13.399999618530273,12.0,12.449999809265137,105114,0.0,0.0,PARSVNATH.NS,Parsvnath Developers Limited,Real Estate,Real Estate - Development,8037194752,,0.017,,26.19,11.15
2018-08-21 00:00:00+05:30,12.350000381469727,13.0,12.050000190734863,12.75,112383,0.0,0.0,PARSVNATH.NS,Parsvnath Developers Limited,Real Estate,Real Estate - Development,8037194752,,0.017,,26.19,11.15
2018-08-23 00:00:00+05:30,12.25,12.699999809265137,12.25,12.350000381469727,22688,0.0,0.0,PARSVNATH.NS,Parsvnath Developers Limited,Real Estate,Real Estate - Development,8037194752,,0.017,,26.19,11.15
2018-08-24 00:00:00+05:30,12.5,12.75,12.149999618530273,12.199999809265137,19602,0.0,0.0,PARSVNATH.NS,Parsvnath Developers Limited,Real Estate,Real Estate - Development,8037194752,,0.017,,26.19,11.15
2018-08-27 00:00:00+05:30,11.850000381469727,12.850000381469727,11.850000381469727,12.0,35555,0.0,0.0,PARSVNATH.NS,Parsvnath Developers Limited,Real Estate,Real Estate - Development,8037194752,,0.017,,26.19,11.15
2018-08-28 00:00:00+05:30,11.899999618530273,12.199999809265137,11.649999618530273,11.699999809265137,58473,0.0,0.0,PARSVNATH.NS,Parsvnath Developers Limited,Real Estate,Real Estate - Development,8037194752,,0.017,,26.19,11.15
2018-08-29 00:00:00+05:30,11.350000381469727,12.0,11.350000381469727,11.699999809265137,36276,0.0,0.0,PARSVNATH.NS,Parsvnath Developers Limited,Real Estate,Real Estate - Development,8037194752,,0.017,,26.19,11.15
2018-08-30 00:00:00+05:30,11.75,12.100000381469727,11.5,11.699999809265137,36417,0.0,0.0,PARSVNATH.NS,Parsvnath Developers Limited,Real Estate,Real Estate - Development,8037194752,,0.017,,26.19,11.15
2018-08-31 00:00:00+05:30,12.0,12.100000381469727,11.649999618530273,11.850000381469727,43965,0.0,0.0,PARSVNATH.NS,Parsvnath Developers Limited,Real Estate,Real Estate - Development,8037194752,,0.017,,26.19,11.15
2018-09-03 00:00:00+05:30,12.0,12.100000381469727,11.449999809265137,11.5,65219,0.0,0.0,PARSVNATH.NS,Parsvnath Developers Limited,Real Estate,Real Estate - Development,8037194752,,0.017,,26.19,11.15
2018-09-04 00:00:00+05:30,11.800000190734863,11.800000190734863,11.300000190734863,11.399999618530273,220867,0.0,0.0,PARSVNATH.NS,Parsvnath Developers Limited,Real Estate,Real Estate - Development,8037194752,,0.017,,26.19,11.15
2018-09-05 00:00:00+05:30,11.199999809265137,11.699999809265137,11.100000381469727,11.25,33973,0.0,0.0,PARSVNATH.NS,Parsvnath Developers Limited,Real Estate,Real Estate - Development,8037194752,,0.017,,26.19,11.15
2018-09-06 00:00:00+05:30,11.100000381469727,11.800000190734863,11.100000381469727,11.199999809265137,23039,0.0,0.0,PARSVNATH.NS,Parsvnath Developers Limited,Real Estate,Real Estate - Development,8037194752,,0.017,,26.19,11.15
2018-09-07 00:00:00+05:30,11.050000190734863,11.699999809265137,11.050000190734863,11.149999618530273,52792,0.0,0.0,PARSVNATH.NS,Parsvnath Developers Limited,Real Estate,Real Estate - Development,8037194752,,0.017,,26.19,11.15
2018-09-10 00:00:00+05:30,11.0,11.350000381469727,11.0,11.100000381469727,20905,0.0,0.0,PARSVNATH.NS,Parsvnath Developers Limited,Real Estate,Real Estate - Development,8037194752,,0.017,,26.19,11.15
2018-09-11 00:00:00+05:30,11.399999618530273,11.399999618530273,10.899999618530273,10.949999809265137,31972,0.0,0.0,PARSVNATH.NS,Parsvnath Developers Limited,Real Estate,Real Estate - Development,8037194752,,0.017,,26.19,11.15
2018-09-12 00:00:00+05:30,10.800000190734863,11.25,10.800000190734863,11.100000381469727,73006,0.0,0.0,PARSVNATH.NS,Parsvnath Developers Limited,Real Estate,Real Estate - Development,8037194752,,0.017,,26.19,11.15
2018-09-14 00:00:00+05:30,11.5,11.5,10.899999618530273,11.100000381469727,47481,0.0,0.0,PARSVNATH.NS,Parsvnath Developers Limited,Real Estate,Real Estate - Development,8037194752,,0.017,,26.19,11.15
2018-09-17 00:00:00+05:30,11.100000381469727,11.199999809265137,10.899999618530273,11.100000381469727,104363,0.0,0.0,PARSVNATH.NS,Parsvnath Developers Limited,Real Estate,Real Estate - Development,8037194752,,0.017,,26.19,11.15
2018-09-18 00:00:00+05:30,11.550000190734863,11.550000190734863,10.899999618530273,11.0,67413,0.0,0.0,PARSVNATH.NS,Parsvnath Developers Limited,Real Estate,Real Estate - Development,8037194752,,0.017,,26.19,11.15
2018-09-19 00:00:00+05:30,11.0,11.199999809265137,10.699999809265137,10.899999618530273,221278,0.0,0.0,PARSVNATH.NS,Parsvnath Developers Limited,Real Estate,Real Estate - Development,8037194752,,0.017,,26.19,11.15
2018-09-21 00:00:00+05:30,10.550000190734863,10.949999809265137,10.0,10.25,215366,0.0,0.0,PARSVNATH.NS,Parsvnath Developers Limited,Real Estate,Real Estate - Development,8037194752,,0.017,,26.19,11.15
2018-09-24 00:00:00+05:30,10.149999618530273,10.300000190734863,10.0,10.149999618530273,186422,0.0,0.0,PARSVNATH.NS,Parsvnath Developers Limited,Real Estate,Real Estate - Development,8037194752,,0.017,,26.19,11.15
2018-09-25 00:00:00+05:30,9.899999618530273,10.25,9.350000381469727,9.5,266098,0.0,0.0,PARSVNATH.NS,Parsvnath Developers Limited,Real Estate,Real Estate - Development,8037194752,,0.017,,26.19,11.15
2018-09-26 00:00:00+05:30,9.949999809265137,9.949999809265137,9.100000381469727,9.149999618530273,91712,0.0,0.0,PARSVNATH.NS,Parsvnath Developers Limited,Real Estate,Real Estate - Development,8037194752,,0.017,,26.19,11.15
2018-09-27 00:00:00+05:30,10.0,10.0,9.100000381469727,9.350000381469727,55637,0.0,0.0,PARSVNATH.NS,Parsvnath Developers Limited,Real Estate,Real Estate - Development,8037194752,,0.017,,26.19,11.15
2018-09-28 00:00:00+05:30,9.350000381469727,9.550000190734863,8.699999809265137,8.850000381469727,167693,0.0,0.0,PARSVNATH.NS,Parsvnath Developers Limited,Real Estate,Real Estate - Development,8037194752,,0.017,,26.19,11.15
2018-10-01 00:00:00+05:30,8.800000190734863,8.899999618530273,8.25,8.699999809265137,71793,0.0,0.0,PARSVNATH.NS,Parsvnath Developers Limited,Real Estate,Real Estate - Development,8037194752,,0.017,,26.19,11.15
2018-10-03 00:00:00+05:30,8.899999618530273,9.949999809265137,8.649999618530273,9.0,41302,0.0,0.0,PARSVNATH.NS,Parsvnath Developers Limited,Real Estate,Real Estate - Development,8037194752,,0.017,,26.19,11.15
2018-10-04 00:00:00+05:30,8.899999618530273,9.699999809265137,8.5,9.0,36763,0.0,0.0,PARSVNATH.NS,Parsvnath Developers Limited,Real Estate,Real Estate - Development,8037194752,,0.017,,26.19,11.15
2018-10-05 00:00:00+05:30,9.350000381469727,9.350000381469727,8.100000381469727,8.699999809265137,26411,0.0,0.0,PARSVNATH.NS,Parsvnath Developers Limited,Real Estate,Real Estate - Development,8037194752,,0.017,,26.19,11.15
2018-10-08 00:00:00+05:30,8.5,8.949999809265137,7.900000095367432,7.949999809265137,100659,0.0,0.0,PARSVNATH.NS,Parsvnath Developers Limited,Real Estate,Real Estate - Development,8037194752,,0.017,,26.19,11.15
2018-10-09 00:00:00+05:30,7.699999809265137,8.0,7.550000190734863,7.599999904632568,53441,0.0,0.0,PARSVNATH.NS,Parsvnath Developers Limited,Real Estate,Real Estate - Development,8037194752,,0.017,,26.19,11.15
2018-10-10 00:00:00+05:30,7.650000095367432,8.649999618530273,7.650000095367432,8.050000190734863,69609,0.0,0.0,PARSVNATH.NS,Parsvnath Developers Limited,Real Estate,Real Estate - Development,8037194752,,0.017,,26.19,11.15
2018-10-11 00:00:00+05:30,7.699999809265137,8.600000381469727,7.199999809265137,7.699999809265137,79614,0.0,0.0,PARSVNATH.NS,Parsvnath Developers Limited,Real Estate,Real Estate - Development,8037194752,,0.017,,26.19,11.15
2018-10-12 00:00:00+05:30,8.0,8.399999618530273,7.900000095367432,8.199999809265137,60900,0.0,0.0,PARSVNATH.NS,Parsvnath Developers Limited,Real Estate,Real Estate - Development,8037194752,,0.017,,26.19,11.15
2018-10-15 00:00:00+05:30,7.849999904632568,8.600000381469727,7.849999904632568,8.25,34646,0.0,0.0,PARSVNATH.NS,Parsvnath Developers Limited,Real Estate,Real Estate - Development,8037194752,,0.017,,26.19,11.15
2018-10-16 00:00:00+05:30,8.649999618530273,9.0,8.550000190734863,8.800000190734863,37454,0.0,0.0,PARSVNATH.NS,Parsvnath Developers Limited,Real Estate,Real Estate - Development,8037194752,,0.017,,26.19,11.15
2018-10-17 00:00:00+05:30,9.0,9.100000381469727,8.350000381469727,8.550000190734863,56071,0.0,0.0,PARSVNATH.NS,Parsvnath Developers Limited,Real Estate,Real Estate - Development,8037194752,,0.017,,26.19,11.15
2018-10-19 00:00:00+05:30,9.0,9.0,7.75,7.900000095367432,95410,0.0,0.0,PARSVNATH.NS,Parsvnath Developers Limited,Real Estate,Real Estate - Development,8037194752,,0.017,,26.19,11.15
2018-10-22 00:00:00+05:30,7.849999904632568,8.449999809265137,7.699999809265137,7.75,40575,0.0,0.0,PARSVNATH.NS,Parsvnath Developers Limited,Real Estate,Real Estate - Development,8037194752,,0.017,,26.19,11.15
2018-10-23 00:00:00+05:30,8.0,8.0,7.199999809265137,7.449999809265137,105092,0.0,0.0,PARSVNATH.NS,Parsvnath Developers Limited,Real Estate,Real Estate - Development,8037194752,,0.017,,26.19,11.15
2018-10-24 00:00:00+05:30,7.300000190734863,8.0,6.900000095367432,7.0,190543,0.0,0.0,PARSVNATH.NS,Parsvnath Developers Limited,Real Estate,Real Estate - Development,8037194752,,0.017,,26.19,11.15
2018-10-25 00:00:00+05:30,6.900000095367432,7.0,6.5,6.75,94754,0.0,0.0,PARSVNATH.NS,Parsvnath Developers Limited,Real Estate,Real Estate - Development,8037194752,,0.017,,26.19,11.15
2018-10-26 00:00:00+05:30,7.349999904632568,7.349999904632568,6.449999809265137,6.949999809265137,77199,0.0,0.0,PARSVNATH.NS,Parsvnath Developers Limited,Real Estate,Real Estate - Development,8037194752,,0.017,,26.19,11.15
2018-10-29 00:00:00+05:30,7.0,7.0,6.75,6.900000095367432,35193,0.0,0.0,PARSVNATH.NS,Parsvnath Developers Limited,Real Estate,Real Estate - Development,8037194752,,0.017,,26.19,11.15
2018-10-30 00:00:00+05:30,6.900000095367432,7.199999809265137,6.849999904632568,6.949999809265137,45812,0.0,0.0,PARSVNATH.NS,Parsvnath Developers Limited,Real Estate,Real Estate - Development,8037194752,,0.017,,26.19,11.15
2018-10-31 00:00:00+05:30,6.849999904632568,7.599999904632568,6.550000190734863,7.150000095367432,117473,0.0,0.0,PARSVNATH.NS,Parsvnath Developers Limited,Real Estate,Real Estate - Development,8037194752,,0.017,,26.19,11.15
2018-11-01 00:00:00+05:30,7.199999809265137,8.25,7.150000095367432,7.599999904632568,58522,0.0,0.0,PARSVNATH.NS,Parsvnath Developers Limited,Real Estate,Real Estate - Development,8037194752,,0.017,,26.19,11.15
2018-11-02 00:00:00+05:30,7.599999904632568,7.900000095367432,7.599999904632568,7.650000095367432,90793,0.0,0.0,PARSVNATH.NS,Parsvnath Developers Limited,Real Estate,Real Estate - Development,8037194752,,0.017,,26.19,11.15
2018-11-05 00:00:00+05:30,7.5,7.75,7.050000190734863,7.349999904632568,32898,0.0,0.0,PARSVNATH.NS,Parsvnath Developers Limited,Real Estate,Real Estate - Development,8037194752,,0.017,,26.19,11.15
2018-11-06 00:00:00+05:30,7.300000190734863,7.650000095367432,7.25,7.550000190734863,23889,0.0,0.0,PARSVNATH.NS,Parsvnath Developers Limited,Real Estate,Real Estate - Development,8037194752,,0.017,,26.19,11.15
2018-11-07 00:00:00+05:30,7.949999809265137,7.949999809265137,7.5,7.75,14257,0.0,0.0,PARSVNATH.NS,Parsvnath Developers Limited,Real Estate,Real Estate - Development,8037194752,,0.017,,26.19,11.15
2018-11-09 00:00:00+05:30,8.300000190734863,8.300000190734863,7.650000095367432,7.900000095367432,23364,0.0,0.0,PARSVNATH.NS,Parsvnath Developers Limited,Real Estate,Real Estate - Development,8037194752,,0.017,,26.19,11.15
2018-11-12 00:00:00+05:30,8.050000190734863,8.199999809265137,7.75,8.050000190734863,27038,0.0,0.0,PARSVNATH.NS,Parsvnath Developers Limited,Real Estate,Real Estate - Development,8037194752,,0.017,,26.19,11.15
2018-11-13 00:00:00+05:30,8.100000381469727,8.850000381469727,7.849999904632568,8.300000190734863,98855,0.0,0.0,PARSVNATH.NS,Parsvnath Developers Limited,Real Estate,Real Estate - Development,8037194752,,0.017,,26.19,11.15
2018-11-14 00:00:00+05:30,8.350000381469727,8.600000381469727,8.100000381469727,8.449999809265137,61927,0.0,0.0,PARSVNATH.NS,Parsvnath Developers Limited,Real Estate,Real Estate - Development,8037194752,,0.017,,26.19,11.15
2018-11-15 00:00:00+05:30,8.25,8.550000190734863,8.0,8.449999809265137,65694,0.0,0.0,PARSVNATH.NS,Parsvnath Developers Limited,Real Estate,Real Estate - Development,8037194752,,0.017,,26.19,11.15
2018-11-16 00:00:00+05:30,8.199999809265137,8.449999809265137,8.0,8.050000190734863,217516,0.0,0.0,PARSVNATH.NS,Parsvnath Developers Limited,Real Estate,Real Estate - Development,8037194752,,0.017,,26.19,11.15
2018-11-19 00:00:00+05:30,8.050000190734863,8.350000381469727,8.050000190734863,8.149999618530273,75471,0.0,0.0,PARSVNATH.NS,Parsvnath Developers Limited,Real Estate,Real Estate - Development,8037194752,,0.017,,26.19,11.15
2018-11-20 00:00:00+05:30,8.050000190734863,8.300000190734863,8.050000190734863,8.100000381469727,17370,0.0,0.0,PARSVNATH.NS,Parsvnath Developers Limited,Real Estate,Real Estate - Development,8037194752,,0.017,,26.19,11.15
2018-11-21 00:00:00+05:30,8.0,8.399999618530273,8.0,8.050000190734863,17866,0.0,0.0,PARSVNATH.NS,Parsvnath Developers Limited,Real Estate,Real Estate - Development,8037194752,,0.017,,26.19,11.15
2018-11-22 00:00:00+05:30,8.050000190734863,8.199999809265137,7.800000190734863,7.849999904632568,13587,0.0,0.0,PARSVNATH.NS,Parsvnath Developers Limited,Real Estate,Real Estate - Development,8037194752,,0.017,,26.19,11.15
2018-11-26 00:00:00+05:30,8.449999809265137,8.449999809265137,7.5,7.949999809265137,35536,0.0,0.0,PARSVNATH.NS,Parsvnath Developers Limited,Real Estate,Real Estate - Development,8037194752,,0.017,,26.19,11.15
2018-11-27 00:00:00+05:30,7.800000190734863,8.300000190734863,7.5,7.75,17741,0.0,0.0,PARSVNATH.NS,Parsvnath Developers Limited,Real Estate,Real Estate - Development,8037194752,,0.017,,26.19,11.15
2018-11-28 00:00:00+05:30,7.599999904632568,9.300000190734863,7.099999904632568,9.300000190734863,2296973,0.0,0.0,PARSVNATH.NS,Parsvnath Developers Limited,Real Estate,Real Estate - Development,8037194752,,0.017,,26.19,11.15
2018-11-29 00:00:00+05:30,10.100000381469727,11.149999618530273,8.75,9.0,3242605,0.0,0.0,PARSVNATH.NS,Parsvnath Developers Limited,Real Estate,Real Estate - Development,8037194752,,0.017,,26.19,11.15
2018-11-30 00:00:00+05:30,8.649999618530273,8.949999809265137,8.050000190734863,8.350000381469727,274871,0.0,0.0,PARSVNATH.NS,Parsvnath Developers Limited,Real Estate,Real Estate - Development,8037194752,,0.017,,26.19,11.15
2018-12-03 00:00:00+05:30,8.449999809265137,8.5,7.150000095367432,7.900000095367432,177177,0.0,0.0,PARSVNATH.NS,Parsvnath Developers Limited,Real Estate,Real Estate - Development,8037194752,,0.017,,26.19,11.15
2018-12-04 00:00:00+05:30,7.900000095367432,8.399999618530273,7.150000095367432,7.849999904632568,136372,0.0,0.0,PARSVNATH.NS,Parsvnath Developers Limited,Real Estate,Real Estate - Development,8037194752,,0.017,,26.19,11.15
2018-12-05 00:00:00+05:30,7.650000095367432,8.100000381469727,7.599999904632568,7.849999904632568,59321,0.0,0.0,PARSVNATH.NS,Parsvnath Developers Limited,Real Estate,Real Estate - Development,8037194752,,0.017,,26.19,11.15
2018-12-06 00:00:00+05:30,7.849999904632568,7.949999809265137,7.199999809265137,7.199999809265137,304504,0.0,0.0,PARSVNATH.NS,Parsvnath Developers Limited,Real Estate,Real Estate - Development,8037194752,,0.017,,26.19,11.15
2018-12-07 00:00:00+05:30,7.550000190734863,7.75,7.300000190734863,7.400000095367432,50707,0.0,0.0,PARSVNATH.NS,Parsvnath Developers Limited,Real Estate,Real Estate - Development,8037194752,,0.017,,26.19,11.15
2018-12-10 00:00:00+05:30,7.650000095367432,7.650000095367432,7.050000190734863,7.199999809265137,67509,0.0,0.0,PARSVNATH.NS,Parsvnath Developers Limited,Real Estate,Real Estate - Development,8037194752,,0.017,,26.19,11.15
2018-12-11 00:00:00+05:30,7.199999809265137,7.5,6.900000095367432,7.349999904632568,69063,0.0,0.0,PARSVNATH.NS,Parsvnath Developers Limited,Real Estate,Real Estate - Development,8037194752,,0.017,,26.19,11.15
2018-12-12 00:00:00+05:30,7.699999809265137,8.0,7.199999809265137,7.5,150538,0.0,0.0,PARSVNATH.NS,Parsvnath Developers Limited,Real Estate,Real Estate - Development,8037194752,,0.017,,26.19,11.15
2018-12-13 00:00:00+05:30,7.849999904632568,7.849999904632568,7.400000095367432,7.550000190734863,52617,0.0,0.0,PARSVNATH.NS,Parsvnath Developers Limited,Real Estate,Real Estate - Development,8037194752,,0.017,,26.19,11.15
2018-12-14 00:00:00+05:30,7.650000095367432,7.699999809265137,7.349999904632568,7.550000190734863,33848,0.0,0.0,PARSVNATH.NS,Parsvnath Developers Limited,Real Estate,Real Estate - Development,8037194752,,0.017,,26.19,11.15
2018-12-17 00:00:00+05:30,7.25,7.599999904632568,7.25,7.5,13224,0.0,0.0,PARSVNATH.NS,Parsvnath Developers Limited,Real Estate,Real Estate - Development,8037194752,,0.017,,26.19,11.15
2018-12-18 00:00:00+05:30,7.349999904632568,7.599999904632568,7.300000190734863,7.400000095367432,35126,0.0,0.0,PARSVNATH.NS,Parsvnath Developers Limited,Real Estate,Real Estate - Development,8037194752,,0.017,,26.19,11.15
2018-12-19 00:00:00+05:30,7.5,7.800000190734863,7.300000190734863,7.650000095367432,118016,0.0,0.0,PARSVNATH.NS,Parsvnath Developers Limited,Real Estate,Real Estate - Development,8037194752,,0.017,,26.19,11.15
2018-12-20 00:00:00+05:30,7.699999809265137,7.800000190734863,7.550000190734863,7.599999904632568,43653,0.0,0.0,PARSVNATH.NS,Parsvnath Developers Limited,Real Estate,Real Estate - Development,8037194752,,0.017,,26.19,11.15
2018-12-21 00:00:00+05:30,7.300000190734863,7.800000190734863,7.300000190734863,7.550000190734863,33405,0.0,0.0,PARSVNATH.NS,Parsvnath Developers Limited,Real Estate,Real Estate - Development,8037194752,,0.017,,26.19,11.15
2018-12-24 00:00:00+05:30,7.550000190734863,7.699999809265137,7.349999904632568,7.400000095367432,56200,0.0,0.0,PARSVNATH.NS,Parsvnath Developers Limited,Real Estate,Real Estate - Development,8037194752,,0.017,,26.19,11.15
2018-12-26 00:00:00+05:30,7.449999809265137,7.599999904632568,7.099999904632568,7.300000190734863,40561,0.0,0.0,PARSVNATH.NS,Parsvnath Developers Limited,Real Estate,Real Estate - Development,8037194752,,0.017,,26.19,11.15
2018-12-27 00:00:00+05:30,7.25,7.349999904632568,7.199999809265137,7.300000190734863,113834,0.0,0.0,PARSVNATH.NS,Parsvnath Developers Limited,Real Estate,Real Estate - Development,8037194752,,0.017,,26.19,11.15
2018-12-28 00:00:00+05:30,7.550000190734863,7.699999809265137,7.349999904632568,7.400000095367432,43902,0.0,0.0,PARSVNATH.NS,Parsvnath Developers Limited,Real Estate,Real Estate - Development,8037194752,,0.017,,26.19,11.15
2018-12-31 00:00:00+05:30,7.849999904632568,8.0,7.349999904632568,7.349999904632568,55235,0.0,0.0,PARSVNATH.NS,Parsvnath Developers Limited,Real Estate,Real Estate - Development,8037194752,,0.017,,26.19,11.15
2019-01-01 00:00:00+05:30,7.25,7.699999809265137,7.25,7.550000190734863,53659,0.0,0.0,PARSVNATH.NS,Parsvnath Developers Limited,Real Estate,Real Estate - Development,8037194752,,0.017,,26.19,11.15
2019-01-02 00:00:00+05:30,7.5,7.75,7.5,7.550000190734863,23051,0.0,0.0,PARSVNATH.NS,Parsvnath Developers Limited,Real Estate,Real Estate - Development,8037194752,,0.017,,26.19,11.15
2019-01-03 00:00:00+05:30,7.550000190734863,7.650000095367432,7.150000095367432,7.300000190734863,64044,0.0,0.0,PARSVNATH.NS,Parsvnath Developers Limited,Real Estate,Real Estate - Development,8037194752,,0.017,,26.19,11.15
2019-01-04 00:00:00+05:30,7.400000095367432,7.650000095367432,7.349999904632568,7.5,31481,0.0,0.0,PARSVNATH.NS,Parsvnath Developers Limited,Real Estate,Real Estate - Development,8037194752,,0.017,,26.19,11.15
2019-01-07 00:00:00+05:30,7.199999809265137,8.850000381469727,7.199999809265137,8.050000190734863,741191,0.0,0.0,PARSVNATH.NS,Parsvnath Developers Limited,Real Estate,Real Estate - Development,8037194752,,0.017,,26.19,11.15
2019-01-08 00:00:00+05:30,8.25,8.75,7.800000190734863,8.199999809265137,303345,0.0,0.0,PARSVNATH.NS,Parsvnath Developers Limited,Real Estate,Real Estate - Development,8037194752,,0.017,,26.19,11.15
2019-01-09 00:00:00+05:30,8.199999809265137,8.5,8.050000190734863,8.100000381469727,97424,0.0,0.0,PARSVNATH.NS,Parsvnath Developers Limited,Real Estate,Real Estate - Development,8037194752,,0.017,,26.19,11.15
2019-01-10 00:00:00+05:30,8.100000381469727,8.300000190734863,7.900000095367432,8.0,817812,0.0,0.0,PARSVNATH.NS,Parsvnath Developers Limited,Real Estate,Real Estate - Development,8037194752,,0.017,,26.19,11.15
2019-01-11 00:00:00+05:30,8.25,8.25,7.599999904632568,7.699999809265137,116363,0.0,0.0,PARSVNATH.NS,Parsvnath Developers Limited,Real Estate,Real Estate - Development,8037194752,,0.017,,26.19,11.15
2019-01-14 00:00:00+05:30,7.550000190734863,7.550000190734863,7.050000190734863,7.25,467497,0.0,0.0,PARSVNATH.NS,Parsvnath Developers Limited,Real Estate,Real Estate - Development,8037194752,,0.017,,26.19,11.15
2019-01-15 00:00:00+05:30,7.300000190734863,7.400000095367432,7.099999904632568,7.150000095367432,101063,0.0,0.0,PARSVNATH.NS,Parsvnath Developers Limited,Real Estate,Real Estate - Development,8037194752,,0.017,,26.19,11.15
2019-01-16 00:00:00+05:30,7.25,7.5,7.099999904632568,7.150000095367432,133314,0.0,0.0,PARSVNATH.NS,Parsvnath Developers Limited,Real Estate,Real Estate - Development,8037194752,,0.017,,26.19,11.15
2019-01-17 00:00:00+05:30,7.300000190734863,7.449999809265137,7.150000095367432,7.25,101882,0.0,0.0,PARSVNATH.NS,Parsvnath Developers Limited,Real Estate,Real Estate - Development,8037194752,,0.017,,26.19,11.15
2019-01-18 00:00:00+05:30,7.25,7.650000095367432,7.150000095367432,7.25,153922,0.0,0.0,PARSVNATH.NS,Parsvnath Developers Limited,Real Estate,Real Estate - Development,8037194752,,0.017,,26.19,11.15
2019-01-21 00:00:00+05:30,7.0,7.400000095367432,7.0,7.099999904632568,45265,0.0,0.0,PARSVNATH.NS,Parsvnath Developers Limited,Real Estate,Real Estate - Development,8037194752,,0.017,,26.19,11.15
2019-01-22 00:00:00+05:30,7.050000190734863,7.199999809265137,6.900000095367432,7.0,40513,0.0,0.0,PARSVNATH.NS,Parsvnath Developers Limited,Real Estate,Real Estate - Development,8037194752,,0.017,,26.19,11.15
2019-01-23 00:00:00+05:30,7.050000190734863,7.150000095367432,6.900000095367432,7.0,75297,0.0,0.0,PARSVNATH.NS,Parsvnath Developers Limited,Real Estate,Real Estate - Development,8037194752,,0.017,,26.19,11.15
2019-01-24 00:00:00+05:30,7.0,7.099999904632568,6.75,6.800000190734863,51741,0.0,0.0,PARSVNATH.NS,Parsvnath Developers Limited,Real Estate,Real Estate - Development,8037194752,,0.017,,26.19,11.15
2019-01-25 00:00:00+05:30,7.0,7.0,6.650000095367432,6.699999809265137,97182,0.0,0.0,PARSVNATH.NS,Parsvnath Developers Limited,Real Estate,Real Estate - Development,8037194752,,0.017,,26.19,11.15
2019-01-28 00:00:00+05:30,6.699999809265137,6.75,5.949999809265137,6.0,183211,0.0,0.0,PARSVNATH.NS,Parsvnath Developers Limited,Real Estate,Real Estate - Development,8037194752,,0.017,,26.19,11.15
2019-01-29 00:00:00+05:30,6.0,6.050000190734863,5.550000190734863,5.800000190734863,111175,0.0,0.0,PARSVNATH.NS,Parsvnath Developers Limited,Real Estate,Real Estate - Development,8037194752,,0.017,,26.19,11.15
2019-01-30 00:00:00+05:30,5.75,6.400000095367432,5.550000190734863,6.099999904632568,130075,0.0,0.0,PARSVNATH.NS,Parsvnath Developers Limited,Real Estate,Real Estate - Development,8037194752,,0.017,,26.19,11.15
2019-01-31 00:00:00+05:30,5.75,6.599999904632568,5.75,6.400000095367432,84578,0.0,0.0,PARSVNATH.NS,Parsvnath Developers Limited,Real Estate,Real Estate - Development,8037194752,,0.017,,26.19,11.15
2019-02-01 00:00:00+05:30,6.300000190734863,6.599999904632568,6.0,6.150000095367432,97639,0.0,0.0,PARSVNATH.NS,Parsvnath Developers Limited,Real Estate,Real Estate - Development,8037194752,,0.017,,26.19,11.15
2019-02-04 00:00:00+05:30,6.050000190734863,6.25,5.550000190734863,5.900000095367432,96700,0.0,0.0,PARSVNATH.NS,Parsvnath Developers Limited,Real Estate,Real Estate - Development,8037194752,,0.017,,26.19,11.15
2019-02-05 00:00:00+05:30,5.599999904632568,5.949999809265137,5.099999904632568,5.25,169704,0.0,0.0,PARSVNATH.NS,Parsvnath Developers Limited,Real Estate,Real Estate - Development,8037194752,,0.017,,26.19,11.15
2019-02-06 00:00:00+05:30,5.199999809265137,5.400000095367432,4.449999809265137,4.699999809265137,445975,0.0,0.0,PARSVNATH.NS,Parsvnath Developers Limited,Real Estate,Real Estate - Development,8037194752,,0.017,,26.19,11.15
2019-02-07 00:00:00+05:30,4.949999809265137,5.599999904632568,4.849999904632568,5.599999904632568,760083,0.0,0.0,PARSVNATH.NS,Parsvnath Developers Limited,Real Estate,Real Estate - Development,8037194752,,0.017,,26.19,11.15
2019-02-08 00:00:00+05:30,5.800000190734863,6.300000190734863,5.050000190734863,5.550000190734863,676801,0.0,0.0,PARSVNATH.NS,Parsvnath Developers Limited,Real Estate,Real Estate - Development,8037194752,,0.017,,26.19,11.15
2019-02-11 00:00:00+05:30,5.900000095367432,6.300000190734863,5.400000095367432,5.599999904632568,246436,0.0,0.0,PARSVNATH.NS,Parsvnath Developers Limited,Real Estate,Real Estate - Development,8037194752,,0.017,,26.19,11.15
2019-02-12 00:00:00+05:30,5.849999904632568,6.099999904632568,5.550000190734863,5.699999809265137,65633,0.0,0.0,PARSVNATH.NS,Parsvnath Developers Limited,Real Estate,Real Estate - Development,8037194752,,0.017,,26.19,11.15
2019-02-14 00:00:00+05:30,5.400000095367432,5.449999809265137,5.150000095367432,5.349999904632568,62124,0.0,0.0,PARSVNATH.NS,Parsvnath Developers Limited,Real Estate,Real Estate - Development,8037194752,,0.017,,26.19,11.15
2019-02-15 00:00:00+05:30,5.650000095367432,5.650000095367432,5.199999809265137,5.300000190734863,38861,0.0,0.0,PARSVNATH.NS,Parsvnath Developers Limited,Real Estate,Real Estate - Development,8037194752,,0.017,,26.19,11.15
2019-02-18 00:00:00+05:30,5.300000190734863,5.349999904632568,5.0,5.25,51956,0.0,0.0,PARSVNATH.NS,Parsvnath Developers Limited,Real Estate,Real Estate - Development,8037194752,,0.017,,26.19,11.15
2019-02-19 00:00:00+05:30,5.300000190734863,5.5,5.150000095367432,5.300000190734863,83872,0.0,0.0,PARSVNATH.NS,Parsvnath Developers Limited,Real Estate,Real Estate - Development,8037194752,,0.017,,26.19,11.15
2019-02-20 00:00:00+05:30,5.300000190734863,5.5,5.150000095367432,5.25,32249,0.0,0.0,PARSVNATH.NS,Parsvnath Developers Limited,Real Estate,Real Estate - Development,8037194752,,0.017,,26.19,11.15
2019-02-21 00:00:00+05:30,5.199999809265137,5.550000190734863,5.199999809265137,5.449999809265137,48902,0.0,0.0,PARSVNATH.NS,Parsvnath Developers Limited,Real Estate,Real Estate - Development,8037194752,,0.017,,26.19,11.15
2019-02-22 00:00:00+05:30,5.449999809265137,5.75,5.349999904632568,5.650000095367432,59262,0.0,0.0,PARSVNATH.NS,Parsvnath Developers Limited,Real Estate,Real Estate - Development,8037194752,,0.017,,26.19,11.15
2019-02-25 00:00:00+05:30,6.0,6.449999809265137,5.900000095367432,6.150000095367432,133244,0.0,0.0,PARSVNATH.NS,Parsvnath Developers Limited,Real Estate,Real Estate - Development,8037194752,,0.017,,26.19,11.15
2019-02-26 00:00:00+05:30,6.150000095367432,6.199999809265137,5.550000190734863,5.900000095367432,54461,0.0,0.0,PARSVNATH.NS,Parsvnath Developers Limited,Real Estate,Real Estate - Development,8037194752,,0.017,,26.19,11.15
2019-02-27 00:00:00+05:30,6.150000095367432,6.900000095367432,5.800000190734863,6.199999809265137,488841,0.0,0.0,PARSVNATH.NS,Parsvnath Developers Limited,Real Estate,Real Estate - Development,8037194752,,0.017,,26.19,11.15
2019-02-28 00:00:00+05:30,6.199999809265137,6.599999904632568,5.949999809265137,6.0,143111,0.0,0.0,PARSVNATH.NS,Parsvnath Developers Limited,Real Estate,Real Estate - Development,8037194752,,0.017,,26.19,11.15
2019-03-01 00:00:00+05:30,6.0,6.25,5.699999809265137,5.75,342402,0.0,0.0,PARSVNATH.NS,Parsvnath Developers Limited,Real Estate,Real Estate - Development,8037194752,,0.017,,26.19,11.15
2019-03-05 00:00:00+05:30,5.949999809265137,6.0,5.75,5.949999809265137,259683,0.0,0.0,PARSVNATH.NS,Parsvnath Developers Limited,Real Estate,Real Estate - Development,8037194752,,0.017,,26.19,11.15
2019-03-06 00:00:00+05:30,6.099999904632568,6.199999809265137,5.949999809265137,6.099999904632568,119599,0.0,0.0,PARSVNATH.NS,Parsvnath Developers Limited,Real Estate,Real Estate - Development,8037194752,,0.017,,26.19,11.15
2019-03-07 00:00:00+05:30,6.25,6.25,5.800000190734863,6.0,150814,0.0,0.0,PARSVNATH.NS,Parsvnath Developers Limited,Real Estate,Real Estate - Development,8037194752,,0.017,,26.19,11.15
2019-03-08 00:00:00+05:30,5.849999904632568,6.099999904632568,5.75,5.949999809265137,52559,0.0,0.0,PARSVNATH.NS,Parsvnath Developers Limited,Real Estate,Real Estate - Development,8037194752,,0.017,,26.19,11.15
2019-03-11 00:00:00+05:30,5.849999904632568,6.099999904632568,5.849999904632568,5.949999809265137,78985,0.0,0.0,PARSVNATH.NS,Parsvnath Developers Limited,Real Estate,Real Estate - Development,8037194752,,0.017,,26.19,11.15
2019-03-12 00:00:00+05:30,6.150000095367432,6.5,5.949999809265137,6.199999809265137,219228,0.0,0.0,PARSVNATH.NS,Parsvnath Developers Limited,Real Estate,Real Estate - Development,8037194752,,0.017,,26.19,11.15
2019-03-13 00:00:00+05:30,6.449999809265137,6.449999809265137,6.0,6.050000190734863,72930,0.0,0.0,PARSVNATH.NS,Parsvnath Developers Limited,Real Estate,Real Estate - Development,8037194752,,0.017,,26.19,11.15
2019-03-14 00:00:00+05:30,6.050000190734863,6.099999904632568,5.900000095367432,5.900000095367432,325967,0.0,0.0,PARSVNATH.NS,Parsvnath Developers Limited,Real Estate,Real Estate - Development,8037194752,,0.017,,26.19,11.15
2019-03-15 00:00:00+05:30,6.099999904632568,6.599999904632568,6.099999904632568,6.099999904632568,143118,0.0,0.0,PARSVNATH.NS,Parsvnath Developers Limited,Real Estate,Real Estate - Development,8037194752,,0.017,,26.19,11.15
2019-03-18 00:00:00+05:30,6.099999904632568,6.650000095367432,6.0,6.400000095367432,194909,0.0,0.0,PARSVNATH.NS,Parsvnath Developers Limited,Real Estate,Real Estate - Development,8037194752,,0.017,,26.19,11.15
2019-03-19 00:00:00+05:30,6.449999809265137,7.650000095367432,6.349999904632568,7.199999809265137,2278806,0.0,0.0,PARSVNATH.NS,Parsvnath Developers Limited,Real Estate,Real Estate - Development,8037194752,,0.017,,26.19,11.15
2019-03-20 00:00:00+05:30,7.300000190734863,7.300000190734863,6.800000190734863,6.900000095367432,205299,0.0,0.0,PARSVNATH.NS,Parsvnath Developers Limited,Real Estate,Real Estate - Development,8037194752,,0.017,,26.19,11.15
2019-03-22 00:00:00+05:30,6.949999809265137,7.099999904632568,6.650000095367432,6.75,97950,0.0,0.0,PARSVNATH.NS,Parsvnath Developers Limited,Real Estate,Real Estate - Development,8037194752,,0.017,,26.19,11.15
2019-03-25 00:00:00+05:30,6.800000190734863,6.800000190734863,6.25,6.5,87573,0.0,0.0,PARSVNATH.NS,Parsvnath Developers Limited,Real Estate,Real Estate - Development,8037194752,,0.017,,26.19,11.15
2019-03-26 00:00:00+05:30,6.449999809265137,6.650000095367432,6.300000190734863,6.449999809265137,62087,0.0,0.0,PARSVNATH.NS,Parsvnath Developers Limited,Real Estate,Real Estate - Development,8037194752,,0.017,,26.19,11.15
2019-03-27 00:00:00+05:30,6.400000095367432,6.800000190734863,6.300000190734863,6.5,134923,0.0,0.0,PARSVNATH.NS,Parsvnath Developers Limited,Real Estate,Real Estate - Development,8037194752,,0.017,,26.19,11.15
2019-03-28 00:00:00+05:30,6.400000095367432,6.550000190734863,6.349999904632568,6.449999809265137,39010,0.0,0.0,PARSVNATH.NS,Parsvnath Developers Limited,Real Estate,Real Estate - Development,8037194752,,0.017,,26.19,11.15
2019-04-01 00:00:00+05:30,6.199999809265137,6.599999904632568,6.150000095367432,6.5,102213,0.0,0.0,PARSVNATH.NS,Parsvnath Developers Limited,Real Estate,Real Estate - Development,8037194752,,0.017,,26.19,11.15
2019-04-02 00:00:00+05:30,6.75,6.75,6.449999809265137,6.699999809265137,55183,0.0,0.0,PARSVNATH.NS,Parsvnath Developers Limited,Real Estate,Real Estate - Development,8037194752,,0.017,,26.19,11.15
2019-04-03 00:00:00+05:30,6.550000190734863,6.699999809265137,6.5,6.550000190734863,37427,0.0,0.0,PARSVNATH.NS,Parsvnath Developers Limited,Real Estate,Real Estate - Development,8037194752,,0.017,,26.19,11.15
2019-04-04 00:00:00+05:30,6.5,6.599999904632568,6.400000095367432,6.5,18663,0.0,0.0,PARSVNATH.NS,Parsvnath Developers Limited,Real Estate,Real Estate - Development,8037194752,,0.017,,26.19,11.15
2019-04-05 00:00:00+05:30,6.449999809265137,6.650000095367432,6.349999904632568,6.5,19554,0.0,0.0,PARSVNATH.NS,Parsvnath Developers Limited,Real Estate,Real Estate - Development,8037194752,,0.017,,26.19,11.15
2019-04-08 00:00:00+05:30,6.300000190734863,6.550000190734863,5.949999809265137,6.150000095367432,255744,0.0,0.0,PARSVNATH.NS,Parsvnath Developers Limited,Real Estate,Real Estate - Development,8037194752,,0.017,,26.19,11.15
2019-04-09 00:00:00+05:30,6.300000190734863,6.349999904632568,5.699999809265137,5.900000095367432,408387,0.0,0.0,PARSVNATH.NS,Parsvnath Developers Limited,Real Estate,Real Estate - Development,8037194752,,0.017,,26.19,11.15
2019-04-10 00:00:00+05:30,5.900000095367432,6.150000095367432,5.699999809265137,5.699999809265137,258822,0.0,0.0,PARSVNATH.NS,Parsvnath Developers Limited,Real Estate,Real Estate - Development,8037194752,,0.017,,26.19,11.15
2019-04-11 00:00:00+05:30,5.800000190734863,5.949999809265137,5.199999809265137,5.349999904632568,695430,0.0,0.0,PARSVNATH.NS,Parsvnath Developers Limited,Real Estate,Real Estate - Development,8037194752,,0.017,,26.19,11.15
2019-04-12 00:00:00+05:30,5.349999904632568,5.650000095367432,5.199999809265137,5.449999809265137,194432,0.0,0.0,PARSVNATH.NS,Parsvnath Developers Limited,Real Estate,Real Estate - Development,8037194752,,0.017,,26.19,11.15
2019-04-15 00:00:00+05:30,5.400000095367432,6.0,5.25,5.400000095367432,742673,0.0,0.0,PARSVNATH.NS,Parsvnath Developers Limited,Real Estate,Real Estate - Development,8037194752,,0.017,,26.19,11.15
2019-04-16 00:00:00+05:30,5.449999809265137,5.699999809265137,4.949999809265137,5.050000190734863,1253568,0.0,0.0,PARSVNATH.NS,Parsvnath Developers Limited,Real Estate,Real Estate - Development,8037194752,,0.017,,26.19,11.15
2019-04-18 00:00:00+05:30,5.0,5.0,4.349999904632568,4.599999904632568,1332314,0.0,0.0,PARSVNATH.NS,Parsvnath Developers Limited,Real Estate,Real Estate - Development,8037194752,,0.017,,26.19,11.15
2019-04-22 00:00:00+05:30,4.75,4.75,4.400000095367432,4.650000095367432,781481,0.0,0.0,PARSVNATH.NS,Parsvnath Developers Limited,Real Estate,Real Estate - Development,8037194752,,0.017,,26.19,11.15
2019-04-23 00:00:00+05:30,4.75,4.75,4.550000190734863,4.699999809265137,73108,0.0,0.0,PARSVNATH.NS,Parsvnath Developers Limited,Real Estate,Real Estate - Development,8037194752,,0.017,,26.19,11.15
2019-04-24 00:00:00+05:30,4.699999809265137,4.800000190734863,4.599999904632568,4.599999904632568,81286,0.0,0.0,PARSVNATH.NS,Parsvnath Developers Limited,Real Estate,Real Estate - Development,8037194752,,0.017,,26.19,11.15
2019-04-25 00:00:00+05:30,4.599999904632568,4.900000095367432,4.599999904632568,4.699999809265137,63134,0.0,0.0,PARSVNATH.NS,Parsvnath Developers Limited,Real Estate,Real Estate - Development,8037194752,,0.017,,26.19,11.15
2019-04-26 00:00:00+05:30,4.699999809265137,4.800000190734863,4.650000095367432,4.75,82671,0.0,0.0,PARSVNATH.NS,Parsvnath Developers Limited,Real Estate,Real Estate - Development,8037194752,,0.017,,26.19,11.15
2019-04-30 00:00:00+05:30,4.849999904632568,4.849999904632568,4.550000190734863,4.599999904632568,65225,0.0,0.0,PARSVNATH.NS,Parsvnath Developers Limited,Real Estate,Real Estate - Development,8037194752,,0.017,,26.19,11.15
2019-05-02 00:00:00+05:30,4.599999904632568,4.75,4.449999809265137,4.550000190734863,45314,0.0,0.0,PARSVNATH.NS,Parsvnath Developers Limited,Real Estate,Real Estate - Development,8037194752,,0.017,,26.19,11.15
2019-05-03 00:00:00+05:30,4.599999904632568,4.75,4.400000095367432,4.5,81353,0.0,0.0,PARSVNATH.NS,Parsvnath Developers Limited,Real Estate,Real Estate - Development,8037194752,,0.017,,26.19,11.15
2019-05-06 00:00:00+05:30,4.699999809265137,4.699999809265137,4.449999809265137,4.599999904632568,46215,0.0,0.0,PARSVNATH.NS,Parsvnath Developers Limited,Real Estate,Real Estate - Development,8037194752,,0.017,,26.19,11.15
2019-05-07 00:00:00+05:30,4.599999904632568,4.699999809265137,4.449999809265137,4.5,105236,0.0,0.0,PARSVNATH.NS,Parsvnath Developers Limited,Real Estate,Real Estate - Development,8037194752,,0.017,,26.19,11.15
2019-05-08 00:00:00+05:30,4.400000095367432,4.599999904632568,3.75,4.199999809265137,317038,0.0,0.0,PARSVNATH.NS,Parsvnath Developers Limited,Real Estate,Real Estate - Development,8037194752,,0.017,,26.19,11.15
2019-05-09 00:00:00+05:30,4.25,4.400000095367432,4.099999904632568,4.349999904632568,27105,0.0,0.0,PARSVNATH.NS,Parsvnath Developers Limited,Real Estate,Real Estate - Development,8037194752,,0.017,,26.19,11.15
2019-05-10 00:00:00+05:30,4.300000190734863,4.75,4.199999809265137,4.699999809265137,298805,0.0,0.0,PARSVNATH.NS,Parsvnath Developers Limited,Real Estate,Real Estate - Development,8037194752,,0.017,,26.19,11.15
2019-05-13 00:00:00+05:30,4.599999904632568,4.599999904632568,4.449999809265137,4.449999809265137,39634,0.0,0.0,PARSVNATH.NS,Parsvnath Developers Limited,Real Estate,Real Estate - Development,8037194752,,0.017,,26.19,11.15
2019-05-14 00:00:00+05:30,4.5,4.599999904632568,4.25,4.550000190734863,104085,0.0,0.0,PARSVNATH.NS,Parsvnath Developers Limited,Real Estate,Real Estate - Development,8037194752,,0.017,,26.19,11.15
2019-05-15 00:00:00+05:30,4.650000095367432,4.650000095367432,4.300000190734863,4.550000190734863,176469,0.0,0.0,PARSVNATH.NS,Parsvnath Developers Limited,Real Estate,Real Estate - Development,8037194752,,0.017,,26.19,11.15
2019-05-16 00:00:00+05:30,4.400000095367432,4.650000095367432,4.400000095367432,4.599999904632568,28539,0.0,0.0,PARSVNATH.NS,Parsvnath Developers Limited,Real Estate,Real Estate - Development,8037194752,,0.017,,26.19,11.15
2019-05-17 00:00:00+05:30,4.449999809265137,4.900000095367432,4.349999904632568,4.550000190734863,145443,0.0,0.0,PARSVNATH.NS,Parsvnath Developers Limited,Real Estate,Real Estate - Development,8037194752,,0.017,,26.19,11.15
2019-05-20 00:00:00+05:30,4.599999904632568,4.800000190734863,4.449999809265137,4.550000190734863,84198,0.0,0.0,PARSVNATH.NS,Parsvnath Developers Limited,Real Estate,Real Estate - Development,8037194752,,0.017,,26.19,11.15
2019-05-21 00:00:00+05:30,4.550000190734863,4.75,4.5,4.599999904632568,48185,0.0,0.0,PARSVNATH.NS,Parsvnath Developers Limited,Real Estate,Real Estate - Development,8037194752,,0.017,,26.19,11.15
2019-05-22 00:00:00+05:30,4.5,4.849999904632568,4.5,4.699999809265137,128077,0.0,0.0,PARSVNATH.NS,Parsvnath Developers Limited,Real Estate,Real Estate - Development,8037194752,,0.017,,26.19,11.15
2019-05-23 00:00:00+05:30,4.599999904632568,4.699999809265137,4.5,4.5,72562,0.0,0.0,PARSVNATH.NS,Parsvnath Developers Limited,Real Estate,Real Estate - Development,8037194752,,0.017,,26.19,11.15
2019-05-24 00:00:00+05:30,4.5,4.599999904632568,4.300000190734863,4.550000190734863,104102,0.0,0.0,PARSVNATH.NS,Parsvnath Developers Limited,Real Estate,Real Estate - Development,8037194752,,0.017,,26.19,11.15
2019-05-27 00:00:00+05:30,4.449999809265137,4.699999809265137,4.400000095367432,4.550000190734863,231898,0.0,0.0,PARSVNATH.NS,Parsvnath Developers Limited,Real Estate,Real Estate - Development,8037194752,,0.017,,26.19,11.15
2019-05-28 00:00:00+05:30,4.699999809265137,4.699999809265137,4.449999809265137,4.550000190734863,158350,0.0,0.0,PARSVNATH.NS,Parsvnath Developers Limited,Real Estate,Real Estate - Development,8037194752,,0.017,,26.19,11.15
2019-05-29 00:00:00+05:30,4.5,4.75,4.449999809265137,4.5,56769,0.0,0.0,PARSVNATH.NS,Parsvnath Developers Limited,Real Estate,Real Estate - Development,8037194752,,0.017,,26.19,11.15
2019-05-30 00:00:00+05:30,4.5,4.5,4.349999904632568,4.5,36290,0.0,0.0,PARSVNATH.NS,Parsvnath Developers Limited,Real Estate,Real Estate - Development,8037194752,,0.017,,26.19,11.15
2019-05-31 00:00:00+05:30,4.300000190734863,4.699999809265137,4.300000190734863,4.5,70011,0.0,0.0,PARSVNATH.NS,Parsvnath Developers Limited,Real Estate,Real Estate - Development,8037194752,,0.017,,26.19,11.15
2019-06-03 00:00:00+05:30,4.5,4.5,4.349999904632568,4.400000095367432,25699,0.0,0.0,PARSVNATH.NS,Parsvnath Developers Limited,Real Estate,Real Estate - Development,8037194752,,0.017,,26.19,11.15
2019-06-04 00:00:00+05:30,4.400000095367432,4.5,4.349999904632568,4.400000095367432,41608,0.0,0.0,PARSVNATH.NS,Parsvnath Developers Limited,Real Estate,Real Estate - Development,8037194752,,0.017,,26.19,11.15
2019-06-06 00:00:00+05:30,4.400000095367432,4.550000190734863,3.6500000953674316,4.050000190734863,98400,0.0,0.0,PARSVNATH.NS,Parsvnath Developers Limited,Real Estate,Real Estate - Development,8037194752,,0.017,,26.19,11.15
2019-06-07 00:00:00+05:30,4.300000190734863,4.300000190734863,4.0,4.050000190734863,70653,0.0,0.0,PARSVNATH.NS,Parsvnath Developers Limited,Real Estate,Real Estate - Development,8037194752,,0.017,,26.19,11.15
2019-06-10 00:00:00+05:30,4.0,4.199999809265137,3.799999952316284,3.799999952316284,60892,0.0,0.0,PARSVNATH.NS,Parsvnath Developers Limited,Real Estate,Real Estate - Development,8037194752,,0.017,,26.19,11.15
2019-06-11 00:00:00+05:30,3.799999952316284,3.8499999046325684,3.549999952316284,3.75,146437,0.0,0.0,PARSVNATH.NS,Parsvnath Developers Limited,Real Estate,Real Estate - Development,8037194752,,0.017,,26.19,11.15
2019-06-12 00:00:00+05:30,3.700000047683716,3.950000047683716,3.5999999046325684,3.75,146230,0.0,0.0,PARSVNATH.NS,Parsvnath Developers Limited,Real Estate,Real Estate - Development,8037194752,,0.017,,26.19,11.15
2019-06-13 00:00:00+05:30,3.6500000953674316,3.8499999046325684,3.549999952316284,3.5999999046325684,116548,0.0,0.0,PARSVNATH.NS,Parsvnath Developers Limited,Real Estate,Real Estate - Development,8037194752,,0.017,,26.19,11.15
2019-06-14 00:00:00+05:30,3.700000047683716,3.700000047683716,3.5,3.5999999046325684,108906,0.0,0.0,PARSVNATH.NS,Parsvnath Developers Limited,Real Estate,Real Estate - Development,8037194752,,0.017,,26.19,11.15
2019-06-17 00:00:00+05:30,3.5,3.700000047683716,3.299999952316284,3.450000047683716,159494,0.0,0.0,PARSVNATH.NS,Parsvnath Developers Limited,Real Estate,Real Estate - Development,8037194752,,0.017,,26.19,11.15
2019-06-18 00:00:00+05:30,3.3499999046325684,3.4000000953674316,3.0999999046325684,3.1500000953674316,46344,0.0,0.0,PARSVNATH.NS,Parsvnath Developers Limited,Real Estate,Real Estate - Development,8037194752,,0.017,,26.19,11.15
2019-06-19 00:00:00+05:30,3.200000047683716,3.200000047683716,2.799999952316284,2.9000000953674316,133967,0.0,0.0,PARSVNATH.NS,Parsvnath Developers Limited,Real Estate,Real Estate - Development,8037194752,,0.017,,26.19,11.15
2019-06-20 00:00:00+05:30,2.6500000953674316,3.450000047683716,2.4000000953674316,3.1500000953674316,322632,0.0,0.0,PARSVNATH.NS,Parsvnath Developers Limited,Real Estate,Real Estate - Development,8037194752,,0.017,,26.19,11.15
2019-06-21 00:00:00+05:30,3.299999952316284,3.5,3.049999952316284,3.4000000953674316,63399,0.0,0.0,PARSVNATH.NS,Parsvnath Developers Limited,Real Estate,Real Estate - Development,8037194752,,0.017,,26.19,11.15
2019-06-24 00:00:00+05:30,3.4000000953674316,3.5999999046325684,3.25,3.3499999046325684,28759,0.0,0.0,PARSVNATH.NS,Parsvnath Developers Limited,Real Estate,Real Estate - Development,8037194752,,0.017,,26.19,11.15
2019-06-25 00:00:00+05:30,3.4000000953674316,3.6500000953674316,2.9000000953674316,3.200000047683716,108040,0.0,0.0,PARSVNATH.NS,Parsvnath Developers Limited,Real Estate,Real Estate - Development,8037194752,,0.017,,26.19,11.15
2019-06-26 00:00:00+05:30,3.200000047683716,3.5999999046325684,3.1500000953674316,3.549999952316284,68800,0.0,0.0,PARSVNATH.NS,Parsvnath Developers Limited,Real Estate,Real Estate - Development,8037194752,,0.017,,26.19,11.15
2019-06-27 00:00:00+05:30,3.450000047683716,3.700000047683716,3.4000000953674316,3.549999952316284,43712,0.0,0.0,PARSVNATH.NS,Parsvnath Developers Limited,Real Estate,Real Estate - Development,8037194752,,0.017,,26.19,11.15
2019-06-28 00:00:00+05:30,3.5,3.5999999046325684,3.3499999046325684,3.4000000953674316,28310,0.0,0.0,PARSVNATH.NS,Parsvnath Developers Limited,Real Estate,Real Estate - Development,8037194752,,0.017,,26.19,11.15
2019-07-01 00:00:00+05:30,3.700000047683716,3.75,3.450000047683716,3.549999952316284,29414,0.0,0.0,PARSVNATH.NS,Parsvnath Developers Limited,Real Estate,Real Estate - Development,8037194752,,0.017,,26.19,11.15
2019-07-02 00:00:00+05:30,3.5999999046325684,3.8499999046325684,3.299999952316284,3.299999952316284,87880,0.0,0.0,PARSVNATH.NS,Parsvnath Developers Limited,Real Estate,Real Estate - Development,8037194752,,0.017,,26.19,11.15
2019-07-03 00:00:00+05:30,3.299999952316284,3.5,3.049999952316284,3.299999952316284,71653,0.0,0.0,PARSVNATH.NS,Parsvnath Developers Limited,Real Estate,Real Estate - Development,8037194752,,0.017,,26.19,11.15
2019-07-04 00:00:00+05:30,3.200000047683716,3.4000000953674316,3.1500000953674316,3.200000047683716,43037,0.0,0.0,PARSVNATH.NS,Parsvnath Developers Limited,Real Estate,Real Estate - Development,8037194752,,0.017,,26.19,11.15
2019-07-05 00:00:00+05:30,3.5,3.799999952316284,3.200000047683716,3.450000047683716,217127,0.0,0.0,PARSVNATH.NS,Parsvnath Developers Limited,Real Estate,Real Estate - Development,8037194752,,0.017,,26.19,11.15
2019-07-08 00:00:00+05:30,3.5,3.700000047683716,3.0999999046325684,3.450000047683716,232404,0.0,0.0,PARSVNATH.NS,Parsvnath Developers Limited,Real Estate,Real Estate - Development,8037194752,,0.017,,26.19,11.15
2019-07-09 00:00:00+05:30,3.75,3.9000000953674316,3.299999952316284,3.5,474116,0.0,0.0,PARSVNATH.NS,Parsvnath Developers Limited,Real Estate,Real Estate - Development,8037194752,,0.017,,26.19,11.15
2019-07-10 00:00:00+05:30,3.5,4.150000095367432,3.5,3.9000000953674316,330303,0.0,0.0,PARSVNATH.NS,Parsvnath Developers Limited,Real Estate,Real Estate - Development,8037194752,,0.017,,26.19,11.15
2019-07-11 00:00:00+05:30,4.550000190734863,4.650000095367432,4.349999904632568,4.650000095367432,743064,0.0,0.0,PARSVNATH.NS,Parsvnath Developers Limited,Real Estate,Real Estate - Development,8037194752,,0.017,,26.19,11.15
2019-07-12 00:00:00+05:30,5.050000190734863,5.099999904632568,4.900000095367432,5.099999904632568,797199,0.0,0.0,PARSVNATH.NS,Parsvnath Developers Limited,Real Estate,Real Estate - Development,8037194752,,0.017,,26.19,11.15
2019-07-15 00:00:00+05:30,5.349999904632568,5.349999904632568,4.849999904632568,4.849999904632568,775295,0.0,0.0,PARSVNATH.NS,Parsvnath Developers Limited,Real Estate,Real Estate - Development,8037194752,,0.017,,26.19,11.15
2019-07-16 00:00:00+05:30,4.650000095367432,4.75,4.650000095367432,4.650000095367432,216951,0.0,0.0,PARSVNATH.NS,Parsvnath Developers Limited,Real Estate,Real Estate - Development,8037194752,,0.017,,26.19,11.15
2019-07-17 00:00:00+05:30,4.75,4.849999904632568,4.449999809265137,4.449999809265137,197250,0.0,0.0,PARSVNATH.NS,Parsvnath Developers Limited,Real Estate,Real Estate - Development,8037194752,,0.017,,26.19,11.15
2019-07-18 00:00:00+05:30,4.25,4.650000095367432,4.25,4.550000190734863,226246,0.0,0.0,PARSVNATH.NS,Parsvnath Developers Limited,Real Estate,Real Estate - Development,8037194752,,0.017,,26.19,11.15
2019-07-19 00:00:00+05:30,4.550000190734863,4.75,4.349999904632568,4.650000095367432,198646,0.0,0.0,PARSVNATH.NS,Parsvnath Developers Limited,Real Estate,Real Estate - Development,8037194752,,0.017,,26.19,11.15
2019-07-22 00:00:00+05:30,4.449999809265137,4.75,4.449999809265137,4.449999809265137,49732,0.0,0.0,PARSVNATH.NS,Parsvnath Developers Limited,Real Estate,Real Estate - Development,8037194752,,0.017,,26.19,11.15
2019-07-23 00:00:00+05:30,4.25,4.449999809265137,4.25,4.25,203564,0.0,0.0,PARSVNATH.NS,Parsvnath Developers Limited,Real Estate,Real Estate - Development,8037194752,,0.017,,26.19,11.15
2019-07-24 00:00:00+05:30,4.300000190734863,4.400000095367432,4.050000190734863,4.050000190734863,48997,0.0,0.0,PARSVNATH.NS,Parsvnath Developers Limited,Real Estate,Real Estate - Development,8037194752,,0.017,,26.19,11.15
2019-07-25 00:00:00+05:30,3.8499999046325684,4.0,3.8499999046325684,3.8499999046325684,39078,0.0,0.0,PARSVNATH.NS,Parsvnath Developers Limited,Real Estate,Real Estate - Development,8037194752,,0.017,,26.19,11.15
2019-07-26 00:00:00+05:30,3.700000047683716,3.799999952316284,3.700000047683716,3.700000047683716,50353,0.0,0.0,PARSVNATH.NS,Parsvnath Developers Limited,Real Estate,Real Estate - Development,8037194752,,0.017,,26.19,11.15
2019-07-29 00:00:00+05:30,3.549999952316284,3.8499999046325684,3.549999952316284,3.5999999046325684,145163,0.0,0.0,PARSVNATH.NS,Parsvnath Developers Limited,Real Estate,Real Estate - Development,8037194752,,0.017,,26.19,11.15
2019-07-30 00:00:00+05:30,3.5,3.549999952316284,3.450000047683716,3.450000047683716,24096,0.0,0.0,PARSVNATH.NS,Parsvnath Developers Limited,Real Estate,Real Estate - Development,8037194752,,0.017,,26.19,11.15
2019-07-31 00:00:00+05:30,3.4000000953674316,3.5,3.299999952316284,3.299999952316284,70029,0.0,0.0,PARSVNATH.NS,Parsvnath Developers Limited,Real Estate,Real Estate - Development,8037194752,,0.017,,26.19,11.15
2019-08-01 00:00:00+05:30,3.299999952316284,3.450000047683716,3.1500000953674316,3.200000047683716,99329,0.0,0.0,PARSVNATH.NS,Parsvnath Developers Limited,Real Estate,Real Estate - Development,8037194752,,0.017,,26.19,11.15
2019-08-02 00:00:00+05:30,3.049999952316284,3.3499999046325684,3.049999952316284,3.299999952316284,61463,0.0,0.0,PARSVNATH.NS,Parsvnath Developers Limited,Real Estate,Real Estate - Development,8037194752,,0.017,,26.19,11.15
2019-08-05 00:00:00+05:30,3.299999952316284,3.450000047683716,3.200000047683716,3.4000000953674316,61411,0.0,0.0,PARSVNATH.NS,Parsvnath Developers Limited,Real Estate,Real Estate - Development,8037194752,,0.017,,26.19,11.15
2019-08-06 00:00:00+05:30,3.450000047683716,3.549999952316284,3.25,3.5,66704,0.0,0.0,PARSVNATH.NS,Parsvnath Developers Limited,Real Estate,Real Estate - Development,8037194752,,0.017,,26.19,11.15
2019-08-07 00:00:00+05:30,3.3499999046325684,3.6500000953674316,3.3499999046325684,3.5,102989,0.0,0.0,PARSVNATH.NS,Parsvnath Developers Limited,Real Estate,Real Estate - Development,8037194752,,0.017,,26.19,11.15
2019-08-08 00:00:00+05:30,3.6500000953674316,3.6500000953674316,3.3499999046325684,3.5,88716,0.0,0.0,PARSVNATH.NS,Parsvnath Developers Limited,Real Estate,Real Estate - Development,8037194752,,0.017,,26.19,11.15
2019-08-09 00:00:00+05:30,3.6500000953674316,3.6500000953674316,3.3499999046325684,3.450000047683716,123731,0.0,0.0,PARSVNATH.NS,Parsvnath Developers Limited,Real Estate,Real Estate - Development,8037194752,,0.017,,26.19,11.15
2019-08-13 00:00:00+05:30,3.5999999046325684,3.5999999046325684,3.299999952316284,3.299999952316284,90973,0.0,0.0,PARSVNATH.NS,Parsvnath Developers Limited,Real Estate,Real Estate - Development,8037194752,,0.017,,26.19,11.15
2019-08-14 00:00:00+05:30,3.4000000953674316,3.450000047683716,3.200000047683716,3.299999952316284,37415,0.0,0.0,PARSVNATH.NS,Parsvnath Developers Limited,Real Estate,Real Estate - Development,8037194752,,0.017,,26.19,11.15
2019-08-16 00:00:00+05:30,3.25,3.450000047683716,3.1500000953674316,3.25,82271,0.0,0.0,PARSVNATH.NS,Parsvnath Developers Limited,Real Estate,Real Estate - Development,8037194752,,0.017,,26.19,11.15
2019-08-19 00:00:00+05:30,3.4000000953674316,3.4000000953674316,3.3499999046325684,3.4000000953674316,238600,0.0,0.0,PARSVNATH.NS,Parsvnath Developers Limited,Real Estate,Real Estate - Development,8037194752,,0.017,,26.19,11.15
2019-08-20 00:00:00+05:30,3.549999952316284,3.549999952316284,3.25,3.5,344003,0.0,0.0,PARSVNATH.NS,Parsvnath Developers Limited,Real Estate,Real Estate - Development,8037194752,,0.017,,26.19,11.15
2019-08-21 00:00:00+05:30,3.6500000953674316,3.6500000953674316,3.4000000953674316,3.450000047683716,65670,0.0,0.0,PARSVNATH.NS,Parsvnath Developers Limited,Real Estate,Real Estate - Development,8037194752,,0.017,,26.19,11.15
2019-08-22 00:00:00+05:30,3.299999952316284,3.5,3.299999952316284,3.3499999046325684,194090,0.0,0.0,PARSVNATH.NS,Parsvnath Developers Limited,Real Estate,Real Estate - Development,8037194752,,0.017,,26.19,11.15
2019-08-23 00:00:00+05:30,3.5,3.5,3.200000047683716,3.25,53353,0.0,0.0,PARSVNATH.NS,Parsvnath Developers Limited,Real Estate,Real Estate - Development,8037194752,,0.017,,26.19,11.15
2019-08-26 00:00:00+05:30,3.200000047683716,3.4000000953674316,3.200000047683716,3.4000000953674316,86302,0.0,0.0,PARSVNATH.NS,Parsvnath Developers Limited,Real Estate,Real Estate - Development,8037194752,,0.017,,26.19,11.15
2019-08-27 00:00:00+05:30,3.450000047683716,3.5,3.25,3.299999952316284,78513,0.0,0.0,PARSVNATH.NS,Parsvnath Developers Limited,Real Estate,Real Estate - Development,8037194752,,0.017,,26.19,11.15
2019-08-28 00:00:00+05:30,3.299999952316284,3.4000000953674316,3.299999952316284,3.299999952316284,154191,0.0,0.0,PARSVNATH.NS,Parsvnath Developers Limited,Real Estate,Real Estate - Development,8037194752,,0.017,,26.19,11.15
2019-08-29 00:00:00+05:30,3.450000047683716,3.450000047683716,3.200000047683716,3.200000047683716,148819,0.0,0.0,PARSVNATH.NS,Parsvnath Developers Limited,Real Estate,Real Estate - Development,8037194752,,0.017,,26.19,11.15
2019-08-30 00:00:00+05:30,3.3499999046325684,3.3499999046325684,3.049999952316284,3.1500000953674316,385415,0.0,0.0,PARSVNATH.NS,Parsvnath Developers Limited,Real Estate,Real Estate - Development,8037194752,,0.017,,26.19,11.15
2019-09-03 00:00:00+05:30,3.0999999046325684,3.299999952316284,3.0,3.0999999046325684,434357,0.0,0.0,PARSVNATH.NS,Parsvnath Developers Limited,Real Estate,Real Estate - Development,8037194752,,0.017,,26.19,11.15
2019-09-04 00:00:00+05:30,3.0,3.200000047683716,2.950000047683716,3.0,192498,0.0,0.0,PARSVNATH.NS,Parsvnath Developers Limited,Real Estate,Real Estate - Development,8037194752,,0.017,,26.19,11.15
2019-09-05 00:00:00+05:30,2.950000047683716,3.0999999046325684,2.8499999046325684,2.950000047683716,421795,0.0,0.0,PARSVNATH.NS,Parsvnath Developers Limited,Real Estate,Real Estate - Development,8037194752,,0.017,,26.19,11.15
2019-09-06 00:00:00+05:30,2.8499999046325684,3.049999952316284,2.8499999046325684,2.8499999046325684,372938,0.0,0.0,PARSVNATH.NS,Parsvnath Developers Limited,Real Estate,Real Estate - Development,8037194752,,0.017,,26.19,11.15
2019-09-09 00:00:00+05:30,2.9000000953674316,2.950000047683716,2.75,2.8499999046325684,188011,0.0,0.0,PARSVNATH.NS,Parsvnath Developers Limited,Real Estate,Real Estate - Development,8037194752,,0.017,,26.19,11.15
2019-09-11 00:00:00+05:30,2.950000047683716,2.950000047683716,2.799999952316284,2.950000047683716,228843,0.0,0.0,PARSVNATH.NS,Parsvnath Developers Limited,Real Estate,Real Estate - Development,8037194752,,0.017,,26.19,11.15
2019-09-12 00:00:00+05:30,2.8499999046325684,3.049999952316284,2.8499999046325684,3.0,301076,0.0,0.0,PARSVNATH.NS,Parsvnath Developers Limited,Real Estate,Real Estate - Development,8037194752,,0.017,,26.19,11.15
2019-09-13 00:00:00+05:30,3.1500000953674316,3.1500000953674316,2.8499999046325684,3.049999952316284,205571,0.0,0.0,PARSVNATH.NS,Parsvnath Developers Limited,Real Estate,Real Estate - Development,8037194752,,0.017,,26.19,11.15
2019-09-16 00:00:00+05:30,3.1500000953674316,3.1500000953674316,2.950000047683716,2.950000047683716,133556,0.0,0.0,PARSVNATH.NS,Parsvnath Developers Limited,Real Estate,Real Estate - Development,8037194752,,0.017,,26.19,11.15
2019-09-17 00:00:00+05:30,3.049999952316284,3.049999952316284,2.950000047683716,2.950000047683716,111681,0.0,0.0,PARSVNATH.NS,Parsvnath Developers Limited,Real Estate,Real Estate - Development,8037194752,,0.017,,26.19,11.15
2019-09-18 00:00:00+05:30,2.950000047683716,3.0,2.9000000953674316,2.950000047683716,25086,0.0,0.0,PARSVNATH.NS,Parsvnath Developers Limited,Real Estate,Real Estate - Development,8037194752,,0.017,,26.19,11.15
2019-09-19 00:00:00+05:30,3.0,3.0,2.8499999046325684,2.9000000953674316,346981,0.0,0.0,PARSVNATH.NS,Parsvnath Developers Limited,Real Estate,Real Estate - Development,8037194752,,0.017,,26.19,11.15
2019-09-20 00:00:00+05:30,2.950000047683716,2.950000047683716,2.799999952316284,2.8499999046325684,274692,0.0,0.0,PARSVNATH.NS,Parsvnath Developers Limited,Real Estate,Real Estate - Development,8037194752,,0.017,,26.19,11.15
2019-09-23 00:00:00+05:30,2.9000000953674316,2.9000000953674316,2.799999952316284,2.9000000953674316,240110,0.0,0.0,PARSVNATH.NS,Parsvnath Developers Limited,Real Estate,Real Estate - Development,8037194752,,0.017,,26.19,11.15
2019-09-24 00:00:00+05:30,2.8499999046325684,2.950000047683716,2.799999952316284,2.9000000953674316,287413,0.0,0.0,PARSVNATH.NS,Parsvnath Developers Limited,Real Estate,Real Estate - Development,8037194752,,0.017,,26.19,11.15
2019-09-25 00:00:00+05:30,2.9000000953674316,2.950000047683716,2.799999952316284,2.8499999046325684,47125,0.0,0.0,PARSVNATH.NS,Parsvnath Developers Limited,Real Estate,Real Estate - Development,8037194752,,0.017,,26.19,11.15
2019-09-26 00:00:00+05:30,2.799999952316284,2.8499999046325684,2.75,2.75,228565,0.0,0.0,PARSVNATH.NS,Parsvnath Developers Limited,Real Estate,Real Estate - Development,8037194752,,0.017,,26.19,11.15
2019-09-27 00:00:00+05:30,2.75,2.75,2.6500000953674316,2.6500000953674316,88371,0.0,0.0,PARSVNATH.NS,Parsvnath Developers Limited,Real Estate,Real Estate - Development,8037194752,,0.017,,26.19,11.15
2019-09-30 00:00:00+05:30,2.700000047683716,2.700000047683716,2.549999952316284,2.549999952316284,43696,0.0,0.0,PARSVNATH.NS,Parsvnath Developers Limited,Real Estate,Real Estate - Development,8037194752,,0.017,,26.19,11.15
2019-10-01 00:00:00+05:30,2.5,2.5,2.450000047683716,2.450000047683716,86276,0.0,0.0,PARSVNATH.NS,Parsvnath Developers Limited,Real Estate,Real Estate - Development,8037194752,,0.017,,26.19,11.15
2019-10-03 00:00:00+05:30,2.4000000953674316,2.5,2.3499999046325684,2.4000000953674316,163282,0.0,0.0,PARSVNATH.NS,Parsvnath Developers Limited,Real Estate,Real Estate - Development,8037194752,,0.017,,26.19,11.15
2019-10-04 00:00:00+05:30,2.3499999046325684,2.5,2.299999952316284,2.5,302561,0.0,0.0,PARSVNATH.NS,Parsvnath Developers Limited,Real Estate,Real Estate - Development,8037194752,,0.017,,26.19,11.15
2019-10-07 00:00:00+05:30,2.5999999046325684,2.5999999046325684,2.5,2.5,151434,0.0,0.0,PARSVNATH.NS,Parsvnath Developers Limited,Real Estate,Real Estate - Development,8037194752,,0.017,,26.19,11.15
2019-10-09 00:00:00+05:30,2.549999952316284,2.549999952316284,2.4000000953674316,2.450000047683716,74467,0.0,0.0,PARSVNATH.NS,Parsvnath Developers Limited,Real Estate,Real Estate - Development,8037194752,,0.017,,26.19,11.15
2019-10-10 00:00:00+05:30,2.450000047683716,2.5,2.4000000953674316,2.450000047683716,50504,0.0,0.0,PARSVNATH.NS,Parsvnath Developers Limited,Real Estate,Real Estate - Development,8037194752,,0.017,,26.19,11.15
2019-10-11 00:00:00+05:30,2.4000000953674316,2.549999952316284,2.3499999046325684,2.5,134760,0.0,0.0,PARSVNATH.NS,Parsvnath Developers Limited,Real Estate,Real Estate - Development,8037194752,,0.017,,26.19,11.15
2019-10-14 00:00:00+05:30,2.5,2.549999952316284,2.4000000953674316,2.5,103853,0.0,0.0,PARSVNATH.NS,Parsvnath Developers Limited,Real Estate,Real Estate - Development,8037194752,,0.017,,26.19,11.15
2019-10-15 00:00:00+05:30,2.5,2.5999999046325684,2.450000047683716,2.5999999046325684,108459,0.0,0.0,PARSVNATH.NS,Parsvnath Developers Limited,Real Estate,Real Estate - Development,8037194752,,0.017,,26.19,11.15
2019-10-16 00:00:00+05:30,2.549999952316284,2.700000047683716,2.549999952316284,2.5999999046325684,273145,0.0,0.0,PARSVNATH.NS,Parsvnath Developers Limited,Real Estate,Real Estate - Development,8037194752,,0.017,,26.19,11.15
2019-10-17 00:00:00+05:30,2.549999952316284,2.700000047683716,2.5,2.6500000953674316,241612,0.0,0.0,PARSVNATH.NS,Parsvnath Developers Limited,Real Estate,Real Estate - Development,8037194752,,0.017,,26.19,11.15
2019-10-18 00:00:00+05:30,2.700000047683716,2.700000047683716,2.549999952316284,2.5999999046325684,356475,0.0,0.0,PARSVNATH.NS,Parsvnath Developers Limited,Real Estate,Real Estate - Development,8037194752,,0.017,,26.19,11.15
2019-10-22 00:00:00+05:30,2.6500000953674316,2.6500000953674316,2.5,2.5999999046325684,14671,0.0,0.0,PARSVNATH.NS,Parsvnath Developers Limited,Real Estate,Real Estate - Development,8037194752,,0.017,,26.19,11.15
2019-10-23 00:00:00+05:30,2.549999952316284,2.5999999046325684,2.5,2.5,117133,0.0,0.0,PARSVNATH.NS,Parsvnath Developers Limited,Real Estate,Real Estate - Development,8037194752,,0.017,,26.19,11.15
2019-10-24 00:00:00+05:30,2.5999999046325684,2.5999999046325684,2.450000047683716,2.5,106495,0.0,0.0,PARSVNATH.NS,Parsvnath Developers Limited,Real Estate,Real Estate - Development,8037194752,,0.017,,26.19,11.15
2019-10-25 00:00:00+05:30,2.549999952316284,2.5999999046325684,2.450000047683716,2.5999999046325684,71924,0.0,0.0,PARSVNATH.NS,Parsvnath Developers Limited,Real Estate,Real Estate - Development,8037194752,,0.017,,26.19,11.15
2019-10-27 00:00:00+05:30,2.5999999046325684,2.700000047683716,2.5999999046325684,2.700000047683716,46798,0.0,0.0,PARSVNATH.NS,Parsvnath Developers Limited,Real Estate,Real Estate - Development,8037194752,,0.017,,26.19,11.15
2019-10-29 00:00:00+05:30,2.799999952316284,2.799999952316284,2.5999999046325684,2.6500000953674316,280344,0.0,0.0,PARSVNATH.NS,Parsvnath Developers Limited,Real Estate,Real Estate - Development,8037194752,,0.017,,26.19,11.15
2019-10-30 00:00:00+05:30,2.5999999046325684,2.6500000953674316,2.549999952316284,2.549999952316284,89438,0.0,0.0,PARSVNATH.NS,Parsvnath Developers Limited,Real Estate,Real Estate - Development,8037194752,,0.017,,26.19,11.15
2019-10-31 00:00:00+05:30,2.549999952316284,2.6500000953674316,2.5,2.5,214340,0.0,0.0,PARSVNATH.NS,Parsvnath Developers Limited,Real Estate,Real Estate - Development,8037194752,,0.017,,26.19,11.15
2019-11-01 00:00:00+05:30,2.5,2.5,2.4000000953674316,2.450000047683716,293561,0.0,0.0,PARSVNATH.NS,Parsvnath Developers Limited,Real Estate,Real Estate - Development,8037194752,,0.017,,26.19,11.15
2019-11-04 00:00:00+05:30,2.450000047683716,2.549999952316284,2.4000000953674316,2.450000047683716,541883,0.0,0.0,PARSVNATH.NS,Parsvnath Developers Limited,Real Estate,Real Estate - Development,8037194752,,0.017,,26.19,11.15
2019-11-05 00:00:00+05:30,2.5,2.5,2.4000000953674316,2.450000047683716,175943,0.0,0.0,PARSVNATH.NS,Parsvnath Developers Limited,Real Estate,Real Estate - Development,8037194752,,0.017,,26.19,11.15
2019-11-06 00:00:00+05:30,2.5,2.5,2.4000000953674316,2.450000047683716,392445,0.0,0.0,PARSVNATH.NS,Parsvnath Developers Limited,Real Estate,Real Estate - Development,8037194752,,0.017,,26.19,11.15
2019-11-07 00:00:00+05:30,2.5,2.549999952316284,2.3499999046325684,2.4000000953674316,1259100,0.0,0.0,PARSVNATH.NS,Parsvnath Developers Limited,Real Estate,Real Estate - Development,8037194752,,0.017,,26.19,11.15
2019-11-08 00:00:00+05:30,2.4000000953674316,2.450000047683716,2.299999952316284,2.3499999046325684,302701,0.0,0.0,PARSVNATH.NS,Parsvnath Developers Limited,Real Estate,Real Estate - Development,8037194752,,0.017,,26.19,11.15
2019-11-11 00:00:00+05:30,2.3499999046325684,2.4000000953674316,2.25,2.299999952316284,287059,0.0,0.0,PARSVNATH.NS,Parsvnath Developers Limited,Real Estate,Real Estate - Development,8037194752,,0.017,,26.19,11.15
2019-11-13 00:00:00+05:30,2.299999952316284,2.3499999046325684,2.25,2.299999952316284,190608,0.0,0.0,PARSVNATH.NS,Parsvnath Developers Limited,Real Estate,Real Estate - Development,8037194752,,0.017,,26.19,11.15
2019-11-14 00:00:00+05:30,2.299999952316284,2.3499999046325684,2.25,2.299999952316284,74445,0.0,0.0,PARSVNATH.NS,Parsvnath Developers Limited,Real Estate,Real Estate - Development,8037194752,,0.017,,26.19,11.15
2019-11-15 00:00:00+05:30,2.25,2.299999952316284,2.200000047683716,2.25,127258,0.0,0.0,PARSVNATH.NS,Parsvnath Developers Limited,Real Estate,Real Estate - Development,8037194752,,0.017,,26.19,11.15
2019-11-18 00:00:00+05:30,2.200000047683716,2.299999952316284,2.1500000953674316,2.1500000953674316,344986,0.0,0.0,PARSVNATH.NS,Parsvnath Developers Limited,Real Estate,Real Estate - Development,8037194752,,0.017,,26.19,11.15
2019-11-19 00:00:00+05:30,2.1500000953674316,2.200000047683716,2.049999952316284,2.049999952316284,421179,0.0,0.0,PARSVNATH.NS,Parsvnath Developers Limited,Real Estate,Real Estate - Development,8037194752,,0.017,,26.19,11.15
2019-11-20 00:00:00+05:30,2.049999952316284,2.0999999046325684,1.9500000476837158,1.9500000476837158,701347,0.0,0.0,PARSVNATH.NS,Parsvnath Developers Limited,Real Estate,Real Estate - Development,8037194752,,0.017,,26.19,11.15
2019-11-21 00:00:00+05:30,1.9500000476837158,2.0,1.899999976158142,1.9500000476837158,716211,0.0,0.0,PARSVNATH.NS,Parsvnath Developers Limited,Real Estate,Real Estate - Development,8037194752,,0.017,,26.19,11.15
2019-11-22 00:00:00+05:30,2.0,2.0,1.899999976158142,1.9500000476837158,313115,0.0,0.0,PARSVNATH.NS,Parsvnath Developers Limited,Real Estate,Real Estate - Development,8037194752,,0.017,,26.19,11.15
2019-11-25 00:00:00+05:30,2.0,2.0,1.899999976158142,1.9500000476837158,1324253,0.0,0.0,PARSVNATH.NS,Parsvnath Developers Limited,Real Estate,Real Estate - Development,8037194752,,0.017,,26.19,11.15
2019-11-26 00:00:00+05:30,1.9500000476837158,2.0,1.899999976158142,1.9500000476837158,1756198,0.0,0.0,PARSVNATH.NS,Parsvnath Developers Limited,Real Estate,Real Estate - Development,8037194752,,0.017,,26.19,11.15
2019-11-27 00:00:00+05:30,2.0,2.0,1.899999976158142,2.0,820720,0.0,0.0,PARSVNATH.NS,Parsvnath Developers Limited,Real Estate,Real Estate - Development,8037194752,,0.017,,26.19,11.15
2019-11-28 00:00:00+05:30,2.0999999046325684,2.0999999046325684,2.049999952316284,2.0999999046325684,221085,0.0,0.0,PARSVNATH.NS,Parsvnath Developers Limited,Real Estate,Real Estate - Development,8037194752,,0.017,,26.19,11.15
2019-11-29 00:00:00+05:30,2.200000047683716,2.200000047683716,2.1500000953674316,2.200000047683716,1737697,0.0,0.0,PARSVNATH.NS,Parsvnath Developers Limited,Real Estate,Real Estate - Development,8037194752,,0.017,,26.19,11.15
2019-12-02 00:00:00+05:30,2.25,2.299999952316284,2.0999999046325684,2.0999999046325684,1067537,0.0,0.0,PARSVNATH.NS,Parsvnath Developers Limited,Real Estate,Real Estate - Development,8037194752,,0.017,,26.19,11.15
2019-12-03 00:00:00+05:30,2.0999999046325684,2.0999999046325684,2.0,2.0,519713,0.0,0.0,PARSVNATH.NS,Parsvnath Developers Limited,Real Estate,Real Estate - Development,8037194752,,0.017,,26.19,11.15
2019-12-04 00:00:00+05:30,1.9500000476837158,2.049999952316284,1.899999976158142,1.899999976158142,749913,0.0,0.0,PARSVNATH.NS,Parsvnath Developers Limited,Real Estate,Real Estate - Development,8037194752,,0.017,,26.19,11.15
2019-12-05 00:00:00+05:30,1.899999976158142,1.9500000476837158,1.850000023841858,1.899999976158142,598270,0.0,0.0,PARSVNATH.NS,Parsvnath Developers Limited,Real Estate,Real Estate - Development,8037194752,,0.017,,26.19,11.15
2019-12-06 00:00:00+05:30,1.9500000476837158,2.0,1.850000023841858,1.850000023841858,639190,0.0,0.0,PARSVNATH.NS,Parsvnath Developers Limited,Real Estate,Real Estate - Development,8037194752,,0.017,,26.19,11.15
2019-12-09 00:00:00+05:30,1.850000023841858,1.9500000476837158,1.7999999523162842,1.850000023841858,556651,0.0,0.0,PARSVNATH.NS,Parsvnath Developers Limited,Real Estate,Real Estate - Development,8037194752,,0.017,,26.19,11.15
2019-12-10 00:00:00+05:30,1.850000023841858,1.850000023841858,1.7000000476837158,1.75,1497249,0.0,0.0,PARSVNATH.NS,Parsvnath Developers Limited,Real Estate,Real Estate - Development,8037194752,,0.017,,26.19,11.15
2019-12-11 00:00:00+05:30,1.75,1.850000023841858,1.7000000476837158,1.7000000476837158,455989,0.0,0.0,PARSVNATH.NS,Parsvnath Developers Limited,Real Estate,Real Estate - Development,8037194752,,0.017,,26.19,11.15
2019-12-12 00:00:00+05:30,1.7000000476837158,1.75,1.600000023841858,1.649999976158142,478423,0.0,0.0,PARSVNATH.NS,Parsvnath Developers Limited,Real Estate,Real Estate - Development,8037194752,,0.017,,26.19,11.15
2019-12-13 00:00:00+05:30,1.649999976158142,1.75,1.600000023841858,1.7000000476837158,232794,0.0,0.0,PARSVNATH.NS,Parsvnath Developers Limited,Real Estate,Real Estate - Development,8037194752,,0.017,,26.19,11.15
2019-12-16 00:00:00+05:30,1.7000000476837158,1.850000023841858,1.649999976158142,1.75,493365,0.0,0.0,PARSVNATH.NS,Parsvnath Developers Limited,Real Estate,Real Estate - Development,8037194752,,0.017,,26.19,11.15
2019-12-17 00:00:00+05:30,1.7999999523162842,1.899999976158142,1.7000000476837158,1.899999976158142,661254,0.0,0.0,PARSVNATH.NS,Parsvnath Developers Limited,Real Estate,Real Estate - Development,8037194752,,0.017,,26.19,11.15
2019-12-18 00:00:00+05:30,1.9500000476837158,2.0,1.850000023841858,1.9500000476837158,806670,0.0,0.0,PARSVNATH.NS,Parsvnath Developers Limited,Real Estate,Real Estate - Development,8037194752,,0.017,,26.19,11.15
2019-12-19 00:00:00+05:30,2.0,2.049999952316284,1.9500000476837158,2.0,249696,0.0,0.0,PARSVNATH.NS,Parsvnath Developers Limited,Real Estate,Real Estate - Development,8037194752,,0.017,,26.19,11.15
2019-12-20 00:00:00+05:30,2.0,2.0,1.899999976158142,2.0,405470,0.0,0.0,PARSVNATH.NS,Parsvnath Developers Limited,Real Estate,Real Estate - Development,8037194752,,0.017,,26.19,11.15
2019-12-23 00:00:00+05:30,1.899999976158142,2.0,1.899999976158142,2.0,224019,0.0,0.0,PARSVNATH.NS,Parsvnath Developers Limited,Real Estate,Real Estate - Development,8037194752,,0.017,,26.19,11.15
2019-12-24 00:00:00+05:30,2.0,2.200000047683716,1.9500000476837158,2.1500000953674316,280073,0.0,0.0,PARSVNATH.NS,Parsvnath Developers Limited,Real Estate,Real Estate - Development,8037194752,,0.017,,26.19,11.15
2019-12-26 00:00:00+05:30,2.25,2.3499999046325684,2.200000047683716,2.299999952316284,388626,0.0,0.0,PARSVNATH.NS,Parsvnath Developers Limited,Real Estate,Real Estate - Development,8037194752,,0.017,,26.19,11.15
2019-12-27 00:00:00+05:30,2.3499999046325684,2.5,2.299999952316284,2.3499999046325684,877346,0.0,0.0,PARSVNATH.NS,Parsvnath Developers Limited,Real Estate,Real Estate - Development,8037194752,,0.017,,26.19,11.15
2019-12-30 00:00:00+05:30,2.450000047683716,2.450000047683716,2.3499999046325684,2.4000000953674316,196465,0.0,0.0,PARSVNATH.NS,Parsvnath Developers Limited,Real Estate,Real Estate - Development,8037194752,,0.017,,26.19,11.15
2019-12-31 00:00:00+05:30,2.450000047683716,2.450000047683716,2.200000047683716,2.25,403877,0.0,0.0,PARSVNATH.NS,Parsvnath Developers Limited,Real Estate,Real Estate - Development,8037194752,,0.017,,26.19,11.15
2020-01-01 00:00:00+05:30,2.200000047683716,2.200000047683716,2.049999952316284,2.0999999046325684,367353,0.0,0.0,PARSVNATH.NS,Parsvnath Developers Limited,Real Estate,Real Estate - Development,8037194752,,0.017,,26.19,11.15
2020-01-02 00:00:00+05:30,2.1500000953674316,2.200000047683716,2.0999999046325684,2.1500000953674316,54897,0.0,0.0,PARSVNATH.NS,Parsvnath Developers Limited,Real Estate,Real Estate - Development,8037194752,,0.017,,26.19,11.15
2020-01-03 00:00:00+05:30,2.1500000953674316,2.25,2.1500000953674316,2.200000047683716,204449,0.0,0.0,PARSVNATH.NS,Parsvnath Developers Limited,Real Estate,Real Estate - Development,8037194752,,0.017,,26.19,11.15
2020-01-06 00:00:00+05:30,2.200000047683716,2.25,2.0999999046325684,2.1500000953674316,90573,0.0,0.0,PARSVNATH.NS,Parsvnath Developers Limited,Real Estate,Real Estate - Development,8037194752,,0.017,,26.19,11.15
2020-01-07 00:00:00+05:30,2.1500000953674316,2.200000047683716,2.0999999046325684,2.200000047683716,16043,0.0,0.0,PARSVNATH.NS,Parsvnath Developers Limited,Real Estate,Real Estate - Development,8037194752,,0.017,,26.19,11.15
2020-01-08 00:00:00+05:30,2.1500000953674316,2.1500000953674316,2.0999999046325684,2.0999999046325684,40372,0.0,0.0,PARSVNATH.NS,Parsvnath Developers Limited,Real Estate,Real Estate - Development,8037194752,,0.017,,26.19,11.15
2020-01-09 00:00:00+05:30,2.0,2.1500000953674316,2.0,2.049999952316284,45949,0.0,0.0,PARSVNATH.NS,Parsvnath Developers Limited,Real Estate,Real Estate - Development,8037194752,,0.017,,26.19,11.15
2020-01-10 00:00:00+05:30,2.0,2.0999999046325684,2.0,2.0,54100,0.0,0.0,PARSVNATH.NS,Parsvnath Developers Limited,Real Estate,Real Estate - Development,8037194752,,0.017,,26.19,11.15
2020-01-13 00:00:00+05:30,2.0,2.0999999046325684,1.9500000476837158,2.0999999046325684,62005,0.0,0.0,PARSVNATH.NS,Parsvnath Developers Limited,Real Estate,Real Estate - Development,8037194752,,0.017,,26.19,11.15
2020-01-14 00:00:00+05:30,2.0999999046325684,2.200000047683716,2.0,2.0999999046325684,87487,0.0,0.0,PARSVNATH.NS,Parsvnath Developers Limited,Real Estate,Real Estate - Development,8037194752,,0.017,,26.19,11.15
2020-01-15 00:00:00+05:30,2.0999999046325684,2.200000047683716,2.0,2.1500000953674316,44508,0.0,0.0,PARSVNATH.NS,Parsvnath Developers Limited,Real Estate,Real Estate - Development,8037194752,,0.017,,26.19,11.15
2020-01-16 00:00:00+05:30,2.200000047683716,2.25,2.0999999046325684,2.1500000953674316,59713,0.0,0.0,PARSVNATH.NS,Parsvnath Developers Limited,Real Estate,Real Estate - Development,8037194752,,0.017,,26.19,11.15
2020-01-17 00:00:00+05:30,2.200000047683716,2.25,2.0999999046325684,2.25,34173,0.0,0.0,PARSVNATH.NS,Parsvnath Developers Limited,Real Estate,Real Estate - Development,8037194752,,0.017,,26.19,11.15
2020-01-20 00:00:00+05:30,2.1500000953674316,2.299999952316284,2.1500000953674316,2.200000047683716,93480,0.0,0.0,PARSVNATH.NS,Parsvnath Developers Limited,Real Estate,Real Estate - Development,8037194752,,0.017,,26.19,11.15
2020-01-21 00:00:00+05:30,2.200000047683716,2.25,2.1500000953674316,2.1500000953674316,140213,0.0,0.0,PARSVNATH.NS,Parsvnath Developers Limited,Real Estate,Real Estate - Development,8037194752,,0.017,,26.19,11.15
2020-01-22 00:00:00+05:30,2.200000047683716,2.25,2.0999999046325684,2.1500000953674316,162717,0.0,0.0,PARSVNATH.NS,Parsvnath Developers Limited,Real Estate,Real Estate - Development,8037194752,,0.017,,26.19,11.15
2020-01-23 00:00:00+05:30,2.0999999046325684,2.25,2.0999999046325684,2.1500000953674316,36766,0.0,0.0,PARSVNATH.NS,Parsvnath Developers Limited,Real Estate,Real Estate - Development,8037194752,,0.017,,26.19,11.15
2020-01-24 00:00:00+05:30,2.0999999046325684,2.25,2.0999999046325684,2.25,74923,0.0,0.0,PARSVNATH.NS,Parsvnath Developers Limited,Real Estate,Real Estate - Development,8037194752,,0.017,,26.19,11.15
2020-01-27 00:00:00+05:30,2.25,2.3499999046325684,2.1500000953674316,2.1500000953674316,362136,0.0,0.0,PARSVNATH.NS,Parsvnath Developers Limited,Real Estate,Real Estate - Development,8037194752,,0.017,,26.19,11.15
2020-01-28 00:00:00+05:30,2.0999999046325684,2.200000047683716,2.049999952316284,2.0999999046325684,53532,0.0,0.0,PARSVNATH.NS,Parsvnath Developers Limited,Real Estate,Real Estate - Development,8037194752,,0.017,,26.19,11.15
2020-01-29 00:00:00+05:30,2.1500000953674316,2.200000047683716,2.049999952316284,2.1500000953674316,111452,0.0,0.0,PARSVNATH.NS,Parsvnath Developers Limited,Real Estate,Real Estate - Development,8037194752,,0.017,,26.19,11.15
2020-01-30 00:00:00+05:30,2.200000047683716,2.200000047683716,2.0999999046325684,2.1500000953674316,42901,0.0,0.0,PARSVNATH.NS,Parsvnath Developers Limited,Real Estate,Real Estate - Development,8037194752,,0.017,,26.19,11.15
2020-01-31 00:00:00+05:30,2.1500000953674316,2.25,2.1500000953674316,2.200000047683716,129411,0.0,0.0,PARSVNATH.NS,Parsvnath Developers Limited,Real Estate,Real Estate - Development,8037194752,,0.017,,26.19,11.15
2020-02-03 00:00:00+05:30,2.299999952316284,2.299999952316284,2.200000047683716,2.200000047683716,15831,0.0,0.0,PARSVNATH.NS,Parsvnath Developers Limited,Real Estate,Real Estate - Development,8037194752,,0.017,,26.19,11.15
2020-02-04 00:00:00+05:30,2.200000047683716,2.200000047683716,2.0999999046325684,2.0999999046325684,56826,0.0,0.0,PARSVNATH.NS,Parsvnath Developers Limited,Real Estate,Real Estate - Development,8037194752,,0.017,,26.19,11.15
2020-02-05 00:00:00+05:30,2.0,2.049999952316284,2.0,2.0,100711,0.0,0.0,PARSVNATH.NS,Parsvnath Developers Limited,Real Estate,Real Estate - Development,8037194752,,0.017,,26.19,11.15
2020-02-06 00:00:00+05:30,2.0,2.049999952316284,1.899999976158142,2.0,47535,0.0,0.0,PARSVNATH.NS,Parsvnath Developers Limited,Real Estate,Real Estate - Development,8037194752,,0.017,,26.19,11.15
2020-02-07 00:00:00+05:30,2.049999952316284,2.0999999046325684,2.0,2.0999999046325684,103591,0.0,0.0,PARSVNATH.NS,Parsvnath Developers Limited,Real Estate,Real Estate - Development,8037194752,,0.017,,26.19,11.15
2020-02-10 00:00:00+05:30,2.049999952316284,2.200000047683716,2.049999952316284,2.1500000953674316,71582,0.0,0.0,PARSVNATH.NS,Parsvnath Developers Limited,Real Estate,Real Estate - Development,8037194752,,0.017,,26.19,11.15
2020-02-11 00:00:00+05:30,2.0999999046325684,2.200000047683716,2.0999999046325684,2.1500000953674316,22085,0.0,0.0,PARSVNATH.NS,Parsvnath Developers Limited,Real Estate,Real Estate - Development,8037194752,,0.017,,26.19,11.15
2020-02-12 00:00:00+05:30,2.0999999046325684,2.1500000953674316,2.0999999046325684,2.0999999046325684,26877,0.0,0.0,PARSVNATH.NS,Parsvnath Developers Limited,Real Estate,Real Estate - Development,8037194752,,0.017,,26.19,11.15
2020-02-13 00:00:00+05:30,2.1500000953674316,2.1500000953674316,2.049999952316284,2.049999952316284,15786,0.0,0.0,PARSVNATH.NS,Parsvnath Developers Limited,Real Estate,Real Estate - Development,8037194752,,0.017,,26.19,11.15
2020-02-14 00:00:00+05:30,2.0,2.1500000953674316,1.9500000476837158,2.0,37092,0.0,0.0,PARSVNATH.NS,Parsvnath Developers Limited,Real Estate,Real Estate - Development,8037194752,,0.017,,26.19,11.15
2020-02-17 00:00:00+05:30,2.0,2.0999999046325684,1.899999976158142,2.049999952316284,61603,0.0,0.0,PARSVNATH.NS,Parsvnath Developers Limited,Real Estate,Real Estate - Development,8037194752,,0.017,,26.19,11.15
2020-02-18 00:00:00+05:30,2.0,2.0999999046325684,1.9500000476837158,2.0,71246,0.0,0.0,PARSVNATH.NS,Parsvnath Developers Limited,Real Estate,Real Estate - Development,8037194752,,0.017,,26.19,11.15
2020-02-19 00:00:00+05:30,2.0999999046325684,2.0999999046325684,1.899999976158142,1.9500000476837158,54830,0.0,0.0,PARSVNATH.NS,Parsvnath Developers Limited,Real Estate,Real Estate - Development,8037194752,,0.017,,26.19,11.15
2020-02-20 00:00:00+05:30,2.0,2.0,1.9500000476837158,1.9500000476837158,32468,0.0,0.0,PARSVNATH.NS,Parsvnath Developers Limited,Real Estate,Real Estate - Development,8037194752,,0.017,,26.19,11.15
2020-02-24 00:00:00+05:30,1.9500000476837158,2.0,1.899999976158142,1.9500000476837158,61882,0.0,0.0,PARSVNATH.NS,Parsvnath Developers Limited,Real Estate,Real Estate - Development,8037194752,,0.017,,26.19,11.15
2020-02-25 00:00:00+05:30,1.9500000476837158,2.0,1.899999976158142,2.0,47195,0.0,0.0,PARSVNATH.NS,Parsvnath Developers Limited,Real Estate,Real Estate - Development,8037194752,,0.017,,26.19,11.15
2020-02-26 00:00:00+05:30,2.0,2.0,1.899999976158142,1.899999976158142,17458,0.0,0.0,PARSVNATH.NS,Parsvnath Developers Limited,Real Estate,Real Estate - Development,8037194752,,0.017,,26.19,11.15
2020-02-27 00:00:00+05:30,1.899999976158142,1.9500000476837158,1.899999976158142,1.9500000476837158,13766,0.0,0.0,PARSVNATH.NS,Parsvnath Developers Limited,Real Estate,Real Estate - Development,8037194752,,0.017,,26.19,11.15
2020-02-28 00:00:00+05:30,1.9500000476837158,1.9500000476837158,1.899999976158142,1.899999976158142,4240,0.0,0.0,PARSVNATH.NS,Parsvnath Developers Limited,Real Estate,Real Estate - Development,8037194752,,0.017,,26.19,11.15
2020-03-02 00:00:00+05:30,1.850000023841858,1.899999976158142,1.850000023841858,1.850000023841858,34609,0.0,0.0,PARSVNATH.NS,Parsvnath Developers Limited,Real Estate,Real Estate - Development,8037194752,,0.017,,26.19,11.15
2020-03-03 00:00:00+05:30,1.7999999523162842,1.899999976158142,1.7999999523162842,1.850000023841858,42531,0.0,0.0,PARSVNATH.NS,Parsvnath Developers Limited,Real Estate,Real Estate - Development,8037194752,,0.017,,26.19,11.15
2020-03-04 00:00:00+05:30,1.899999976158142,1.899999976158142,1.7999999523162842,1.7999999523162842,56012,0.0,0.0,PARSVNATH.NS,Parsvnath Developers Limited,Real Estate,Real Estate - Development,8037194752,,0.017,,26.19,11.15
2020-03-05 00:00:00+05:30,1.75,1.850000023841858,1.75,1.850000023841858,19911,0.0,0.0,PARSVNATH.NS,Parsvnath Developers Limited,Real Estate,Real Estate - Development,8037194752,,0.017,,26.19,11.15
2020-03-06 00:00:00+05:30,1.7999999523162842,1.850000023841858,1.7999999523162842,1.7999999523162842,39670,0.0,0.0,PARSVNATH.NS,Parsvnath Developers Limited,Real Estate,Real Estate - Development,8037194752,,0.017,,26.19,11.15
2020-03-09 00:00:00+05:30,1.75,1.75,1.75,1.75,4674,0.0,0.0,PARSVNATH.NS,Parsvnath Developers Limited,Real Estate,Real Estate - Development,8037194752,,0.017,,26.19,11.15
2020-03-11 00:00:00+05:30,1.75,1.7999999523162842,1.7000000476837158,1.7000000476837158,44349,0.0,0.0,PARSVNATH.NS,Parsvnath Developers Limited,Real Estate,Real Estate - Development,8037194752,,0.017,,26.19,11.15
2020-03-12 00:00:00+05:30,1.7000000476837158,1.7000000476837158,1.649999976158142,1.649999976158142,50610,0.0,0.0,PARSVNATH.NS,Parsvnath Developers Limited,Real Estate,Real Estate - Development,8037194752,,0.017,,26.19,11.15
2020-03-13 00:00:00+05:30,1.649999976158142,1.649999976158142,1.600000023841858,1.600000023841858,63976,0.0,0.0,PARSVNATH.NS,Parsvnath Developers Limited,Real Estate,Real Estate - Development,8037194752,,0.017,,26.19,11.15
2020-03-16 00:00:00+05:30,1.600000023841858,1.600000023841858,1.5499999523162842,1.5499999523162842,40500,0.0,0.0,PARSVNATH.NS,Parsvnath Developers Limited,Real Estate,Real Estate - Development,8037194752,,0.017,,26.19,11.15
2020-03-17 00:00:00+05:30,1.5499999523162842,1.600000023841858,1.5,1.5,91746,0.0,0.0,PARSVNATH.NS,Parsvnath Developers Limited,Real Estate,Real Estate - Development,8037194752,,0.017,,26.19,11.15
2020-03-18 00:00:00+05:30,1.5,1.5,1.4500000476837158,1.4500000476837158,132082,0.0,0.0,PARSVNATH.NS,Parsvnath Developers Limited,Real Estate,Real Estate - Development,8037194752,,0.017,,26.19,11.15
2020-03-19 00:00:00+05:30,1.399999976158142,1.5,1.399999976158142,1.4500000476837158,35960,0.0,0.0,PARSVNATH.NS,Parsvnath Developers Limited,Real Estate,Real Estate - Development,8037194752,,0.017,,26.19,11.15
2020-03-20 00:00:00+05:30,1.399999976158142,1.5,1.399999976158142,1.399999976158142,259760,0.0,0.0,PARSVNATH.NS,Parsvnath Developers Limited,Real Estate,Real Estate - Development,8037194752,,0.017,,26.19,11.15
2020-03-23 00:00:00+05:30,1.350000023841858,1.4500000476837158,1.350000023841858,1.399999976158142,291045,0.0,0.0,PARSVNATH.NS,Parsvnath Developers Limited,Real Estate,Real Estate - Development,8037194752,,0.017,,26.19,11.15
2020-03-24 00:00:00+05:30,1.350000023841858,1.350000023841858,1.350000023841858,1.350000023841858,115713,0.0,0.0,PARSVNATH.NS,Parsvnath Developers Limited,Real Estate,Real Estate - Development,8037194752,,0.017,,26.19,11.15
2020-03-25 00:00:00+05:30,1.399999976158142,1.399999976158142,1.2999999523162842,1.2999999523162842,62588,0.0,0.0,PARSVNATH.NS,Parsvnath Developers Limited,Real Estate,Real Estate - Development,8037194752,,0.017,,26.19,11.15
2020-03-26 00:00:00+05:30,1.25,1.25,1.25,1.25,89895,0.0,0.0,PARSVNATH.NS,Parsvnath Developers Limited,Real Estate,Real Estate - Development,8037194752,,0.017,,26.19,11.15
2020-03-27 00:00:00+05:30,1.2000000476837158,1.2999999523162842,1.2000000476837158,1.25,124634,0.0,0.0,PARSVNATH.NS,Parsvnath Developers Limited,Real Estate,Real Estate - Development,8037194752,,0.017,,26.19,11.15
2020-03-30 00:00:00+05:30,1.25,1.2999999523162842,1.2000000476837158,1.25,53844,0.0,0.0,PARSVNATH.NS,Parsvnath Developers Limited,Real Estate,Real Estate - Development,8037194752,,0.017,,26.19,11.15
2020-03-31 00:00:00+05:30,1.25,1.2999999523162842,1.25,1.25,52241,0.0,0.0,PARSVNATH.NS,Parsvnath Developers Limited,Real Estate,Real Estate - Development,8037194752,,0.017,,26.19,11.15
2020-04-01 00:00:00+05:30,1.2999999523162842,1.2999999523162842,1.25,1.2999999523162842,7898,0.0,0.0,PARSVNATH.NS,Parsvnath Developers Limited,Real Estate,Real Estate - Development,8037194752,,0.017,,26.19,11.15
2020-04-03 00:00:00+05:30,1.2999999523162842,1.350000023841858,1.2999999523162842,1.350000023841858,43182,0.0,0.0,PARSVNATH.NS,Parsvnath Developers Limited,Real Estate,Real Estate - Development,8037194752,,0.017,,26.19,11.15
2020-04-07 00:00:00+05:30,1.399999976158142,1.399999976158142,1.350000023841858,1.399999976158142,29299,0.0,0.0,PARSVNATH.NS,Parsvnath Developers Limited,Real Estate,Real Estate - Development,8037194752,,0.017,,26.19,11.15
2020-04-08 00:00:00+05:30,1.4500000476837158,1.4500000476837158,1.4500000476837158,1.4500000476837158,9249,0.0,0.0,PARSVNATH.NS,Parsvnath Developers Limited,Real Estate,Real Estate - Development,8037194752,,0.017,,26.19,11.15
2020-04-09 00:00:00+05:30,1.5,1.5,1.5,1.5,19876,0.0,0.0,PARSVNATH.NS,Parsvnath Developers Limited,Real Estate,Real Estate - Development,8037194752,,0.017,,26.19,11.15
2020-04-13 00:00:00+05:30,1.5499999523162842,1.5499999523162842,1.5499999523162842,1.5499999523162842,9733,0.0,0.0,PARSVNATH.NS,Parsvnath Developers Limited,Real Estate,Real Estate - Development,8037194752,,0.017,,26.19,11.15
2020-04-15 00:00:00+05:30,1.600000023841858,1.600000023841858,1.600000023841858,1.600000023841858,22920,0.0,0.0,PARSVNATH.NS,Parsvnath Developers Limited,Real Estate,Real Estate - Development,8037194752,,0.017,,26.19,11.15
2020-04-16 00:00:00+05:30,1.649999976158142,1.649999976158142,1.649999976158142,1.649999976158142,13135,0.0,0.0,PARSVNATH.NS,Parsvnath Developers Limited,Real Estate,Real Estate - Development,8037194752,,0.017,,26.19,11.15
2020-04-17 00:00:00+05:30,1.7000000476837158,1.7000000476837158,1.7000000476837158,1.7000000476837158,11542,0.0,0.0,PARSVNATH.NS,Parsvnath Developers Limited,Real Estate,Real Estate - Development,8037194752,,0.017,,26.19,11.15
2020-04-20 00:00:00+05:30,1.75,1.75,1.75,1.75,2873,0.0,0.0,PARSVNATH.NS,Parsvnath Developers Limited,Real Estate,Real Estate - Development,8037194752,,0.017,,26.19,11.15
2020-04-21 00:00:00+05:30,1.7999999523162842,1.7999999523162842,1.7999999523162842,1.7999999523162842,2451,0.0,0.0,PARSVNATH.NS,Parsvnath Developers Limited,Real Estate,Real Estate - Development,8037194752,,0.017,,26.19,11.15
2020-04-22 00:00:00+05:30,1.850000023841858,1.850000023841858,1.850000023841858,1.850000023841858,6646,0.0,0.0,PARSVNATH.NS,Parsvnath Developers Limited,Real Estate,Real Estate - Development,8037194752,,0.017,,26.19,11.15
2020-04-23 00:00:00+05:30,1.899999976158142,1.899999976158142,1.899999976158142,1.899999976158142,31869,0.0,0.0,PARSVNATH.NS,Parsvnath Developers Limited,Real Estate,Real Estate - Development,8037194752,,0.017,,26.19,11.15
2020-04-24 00:00:00+05:30,1.9500000476837158,1.9500000476837158,1.899999976158142,1.9500000476837158,89566,0.0,0.0,PARSVNATH.NS,Parsvnath Developers Limited,Real Estate,Real Estate - Development,8037194752,,0.017,,26.19,11.15
2020-04-27 00:00:00+05:30,2.0,2.0,1.899999976158142,2.0,182156,0.0,0.0,PARSVNATH.NS,Parsvnath Developers Limited,Real Estate,Real Estate - Development,8037194752,,0.017,,26.19,11.15
2020-04-28 00:00:00+05:30,2.0999999046325684,2.0999999046325684,2.049999952316284,2.0999999046325684,20641,0.0,0.0,PARSVNATH.NS,Parsvnath Developers Limited,Real Estate,Real Estate - Development,8037194752,,0.017,,26.19,11.15
2020-04-29 00:00:00+05:30,2.200000047683716,2.200000047683716,2.200000047683716,2.200000047683716,16867,0.0,0.0,PARSVNATH.NS,Parsvnath Developers Limited,Real Estate,Real Estate - Development,8037194752,,0.017,,26.19,11.15
2020-04-30 00:00:00+05:30,2.299999952316284,2.299999952316284,2.299999952316284,2.299999952316284,48743,0.0,0.0,PARSVNATH.NS,Parsvnath Developers Limited,Real Estate,Real Estate - Development,8037194752,,0.017,,26.19,11.15
2020-05-04 00:00:00+05:30,2.4000000953674316,2.4000000953674316,2.200000047683716,2.25,239521,0.0,0.0,PARSVNATH.NS,Parsvnath Developers Limited,Real Estate,Real Estate - Development,8037194752,,0.017,,26.19,11.15
2020-05-05 00:00:00+05:30,2.200000047683716,2.200000047683716,2.1500000953674316,2.1500000953674316,60798,0.0,0.0,PARSVNATH.NS,Parsvnath Developers Limited,Real Estate,Real Estate - Development,8037194752,,0.017,,26.19,11.15
2020-05-06 00:00:00+05:30,2.0999999046325684,2.25,2.049999952316284,2.049999952316284,88773,0.0,0.0,PARSVNATH.NS,Parsvnath Developers Limited,Real Estate,Real Estate - Development,8037194752,,0.017,,26.19,11.15
2020-05-07 00:00:00+05:30,2.1500000953674316,2.1500000953674316,1.9500000476837158,2.0999999046325684,61772,0.0,0.0,PARSVNATH.NS,Parsvnath Developers Limited,Real Estate,Real Estate - Development,8037194752,,0.017,,26.19,11.15
2020-05-08 00:00:00+05:30,2.200000047683716,2.200000047683716,2.049999952316284,2.200000047683716,68792,0.0,0.0,PARSVNATH.NS,Parsvnath Developers Limited,Real Estate,Real Estate - Development,8037194752,,0.017,,26.19,11.15
2020-05-11 00:00:00+05:30,2.299999952316284,2.299999952316284,2.0999999046325684,2.299999952316284,100943,0.0,0.0,PARSVNATH.NS,Parsvnath Developers Limited,Real Estate,Real Estate - Development,8037194752,,0.017,,26.19,11.15
2020-05-12 00:00:00+05:30,2.3499999046325684,2.3499999046325684,2.200000047683716,2.200000047683716,81103,0.0,0.0,PARSVNATH.NS,Parsvnath Developers Limited,Real Estate,Real Estate - Development,8037194752,,0.017,,26.19,11.15
2020-05-13 00:00:00+05:30,2.25,2.299999952316284,2.200000047683716,2.25,57389,0.0,0.0,PARSVNATH.NS,Parsvnath Developers Limited,Real Estate,Real Estate - Development,8037194752,,0.017,,26.19,11.15
2020-05-14 00:00:00+05:30,2.299999952316284,2.299999952316284,2.1500000953674316,2.1500000953674316,83547,0.0,0.0,PARSVNATH.NS,Parsvnath Developers Limited,Real Estate,Real Estate - Development,8037194752,,0.017,,26.19,11.15
2020-05-15 00:00:00+05:30,2.1500000953674316,2.1500000953674316,2.049999952316284,2.049999952316284,28925,0.0,0.0,PARSVNATH.NS,Parsvnath Developers Limited,Real Estate,Real Estate - Development,8037194752,,0.017,,26.19,11.15
2020-05-18 00:00:00+05:30,1.9500000476837158,2.049999952316284,1.9500000476837158,1.9500000476837158,35423,0.0,0.0,PARSVNATH.NS,Parsvnath Developers Limited,Real Estate,Real Estate - Development,8037194752,,0.017,,26.19,11.15
2020-05-19 00:00:00+05:30,1.9500000476837158,2.0,1.899999976158142,1.899999976158142,44082,0.0,0.0,PARSVNATH.NS,Parsvnath Developers Limited,Real Estate,Real Estate - Development,8037194752,,0.017,,26.19,11.15
2020-05-20 00:00:00+05:30,1.899999976158142,1.9500000476837158,1.850000023841858,1.850000023841858,66698,0.0,0.0,PARSVNATH.NS,Parsvnath Developers Limited,Real Estate,Real Estate - Development,8037194752,,0.017,,26.19,11.15
2020-05-21 00:00:00+05:30,1.7999999523162842,1.899999976158142,1.7999999523162842,1.899999976158142,17867,0.0,0.0,PARSVNATH.NS,Parsvnath Developers Limited,Real Estate,Real Estate - Development,8037194752,,0.017,,26.19,11.15
2020-05-22 00:00:00+05:30,1.899999976158142,1.9500000476837158,1.850000023841858,1.850000023841858,45353,0.0,0.0,PARSVNATH.NS,Parsvnath Developers Limited,Real Estate,Real Estate - Development,8037194752,,0.017,,26.19,11.15
2020-05-26 00:00:00+05:30,1.7999999523162842,1.899999976158142,1.7999999523162842,1.7999999523162842,59155,0.0,0.0,PARSVNATH.NS,Parsvnath Developers Limited,Real Estate,Real Estate - Development,8037194752,,0.017,,26.19,11.15
2020-05-27 00:00:00+05:30,1.7999999523162842,1.850000023841858,1.75,1.7999999523162842,26170,0.0,0.0,PARSVNATH.NS,Parsvnath Developers Limited,Real Estate,Real Estate - Development,8037194752,,0.017,,26.19,11.15
2020-05-28 00:00:00+05:30,1.850000023841858,1.850000023841858,1.850000023841858,1.850000023841858,6141,0.0,0.0,PARSVNATH.NS,Parsvnath Developers Limited,Real Estate,Real Estate - Development,8037194752,,0.017,,26.19,11.15
2020-05-29 00:00:00+05:30,1.850000023841858,1.899999976158142,1.7999999523162842,1.899999976158142,21436,0.0,0.0,PARSVNATH.NS,Parsvnath Developers Limited,Real Estate,Real Estate - Development,8037194752,,0.017,,26.19,11.15
2020-06-01 00:00:00+05:30,1.850000023841858,1.9500000476837158,1.850000023841858,1.9500000476837158,14365,0.0,0.0,PARSVNATH.NS,Parsvnath Developers Limited,Real Estate,Real Estate - Development,8037194752,,0.017,,26.19,11.15
2020-06-02 00:00:00+05:30,2.0,2.0,1.899999976158142,1.899999976158142,178229,0.0,0.0,PARSVNATH.NS,Parsvnath Developers Limited,Real Estate,Real Estate - Development,8037194752,,0.017,,26.19,11.15
2020-06-03 00:00:00+05:30,1.899999976158142,1.9500000476837158,1.850000023841858,1.899999976158142,123840,0.0,0.0,PARSVNATH.NS,Parsvnath Developers Limited,Real Estate,Real Estate - Development,8037194752,,0.017,,26.19,11.15
2020-06-04 00:00:00+05:30,1.9500000476837158,1.9500000476837158,1.850000023841858,1.9500000476837158,99156,0.0,0.0,PARSVNATH.NS,Parsvnath Developers Limited,Real Estate,Real Estate - Development,8037194752,,0.017,,26.19,11.15
2020-06-05 00:00:00+05:30,2.0,2.0,1.899999976158142,2.0,166054,0.0,0.0,PARSVNATH.NS,Parsvnath Developers Limited,Real Estate,Real Estate - Development,8037194752,,0.017,,26.19,11.15
2020-06-08 00:00:00+05:30,2.0999999046325684,2.0999999046325684,2.0,2.0999999046325684,107637,0.0,0.0,PARSVNATH.NS,Parsvnath Developers Limited,Real Estate,Real Estate - Development,8037194752,,0.017,,26.19,11.15
2020-06-09 00:00:00+05:30,2.200000047683716,2.200000047683716,2.1500000953674316,2.200000047683716,256958,0.0,0.0,PARSVNATH.NS,Parsvnath Developers Limited,Real Estate,Real Estate - Development,8037194752,,0.017,,26.19,11.15
2020-06-10 00:00:00+05:30,2.299999952316284,2.299999952316284,2.200000047683716,2.25,155436,0.0,0.0,PARSVNATH.NS,Parsvnath Developers Limited,Real Estate,Real Estate - Development,8037194752,,0.017,,26.19,11.15
2020-06-11 00:00:00+05:30,2.299999952316284,2.3499999046325684,2.299999952316284,2.3499999046325684,116433,0.0,0.0,PARSVNATH.NS,Parsvnath Developers Limited,Real Estate,Real Estate - Development,8037194752,,0.017,,26.19,11.15
2020-06-12 00:00:00+05:30,2.299999952316284,2.450000047683716,2.25,2.4000000953674316,194557,0.0,0.0,PARSVNATH.NS,Parsvnath Developers Limited,Real Estate,Real Estate - Development,8037194752,,0.017,,26.19,11.15
2020-06-15 00:00:00+05:30,2.450000047683716,2.450000047683716,2.299999952316284,2.450000047683716,92032,0.0,0.0,PARSVNATH.NS,Parsvnath Developers Limited,Real Estate,Real Estate - Development,8037194752,,0.017,,26.19,11.15
2020-06-16 00:00:00+05:30,2.3499999046325684,2.450000047683716,2.3499999046325684,2.3499999046325684,105884,0.0,0.0,PARSVNATH.NS,Parsvnath Developers Limited,Real Estate,Real Estate - Development,8037194752,,0.017,,26.19,11.15
2020-06-17 00:00:00+05:30,2.25,2.450000047683716,2.25,2.4000000953674316,95608,0.0,0.0,PARSVNATH.NS,Parsvnath Developers Limited,Real Estate,Real Estate - Development,8037194752,,0.017,,26.19,11.15
2020-06-18 00:00:00+05:30,2.299999952316284,2.5,2.299999952316284,2.5,103371,0.0,0.0,PARSVNATH.NS,Parsvnath Developers Limited,Real Estate,Real Estate - Development,8037194752,,0.017,,26.19,11.15
2020-06-19 00:00:00+05:30,2.5999999046325684,2.5999999046325684,2.450000047683716,2.5999999046325684,35136,0.0,0.0,PARSVNATH.NS,Parsvnath Developers Limited,Real Estate,Real Estate - Development,8037194752,,0.017,,26.19,11.15
2020-06-22 00:00:00+05:30,2.700000047683716,2.700000047683716,2.700000047683716,2.700000047683716,17096,0.0,0.0,PARSVNATH.NS,Parsvnath Developers Limited,Real Estate,Real Estate - Development,8037194752,,0.017,,26.19,11.15
2020-06-23 00:00:00+05:30,2.799999952316284,2.799999952316284,2.799999952316284,2.799999952316284,5028,0.0,0.0,PARSVNATH.NS,Parsvnath Developers Limited,Real Estate,Real Estate - Development,8037194752,,0.017,,26.19,11.15
2020-06-24 00:00:00+05:30,2.9000000953674316,2.9000000953674316,2.9000000953674316,2.9000000953674316,15330,0.0,0.0,PARSVNATH.NS,Parsvnath Developers Limited,Real Estate,Real Estate - Development,8037194752,,0.017,,26.19,11.15
2020-06-25 00:00:00+05:30,3.0,3.0,3.0,3.0,19705,0.0,0.0,PARSVNATH.NS,Parsvnath Developers Limited,Real Estate,Real Estate - Development,8037194752,,0.017,,26.19,11.15
2020-06-26 00:00:00+05:30,3.1500000953674316,3.1500000953674316,3.1500000953674316,3.1500000953674316,19636,0.0,0.0,PARSVNATH.NS,Parsvnath Developers Limited,Real Estate,Real Estate - Development,8037194752,,0.017,,26.19,11.15
2020-06-29 00:00:00+05:30,3.299999952316284,3.299999952316284,3.1500000953674316,3.299999952316284,230772,0.0,0.0,PARSVNATH.NS,Parsvnath Developers Limited,Real Estate,Real Estate - Development,8037194752,,0.017,,26.19,11.15
2020-06-30 00:00:00+05:30,3.450000047683716,3.450000047683716,3.450000047683716,3.450000047683716,43195,0.0,0.0,PARSVNATH.NS,Parsvnath Developers Limited,Real Estate,Real Estate - Development,8037194752,,0.017,,26.19,11.15
2020-07-01 00:00:00+05:30,3.5999999046325684,3.5999999046325684,3.299999952316284,3.549999952316284,332149,0.0,0.0,PARSVNATH.NS,Parsvnath Developers Limited,Real Estate,Real Estate - Development,8037194752,,0.017,,26.19,11.15
2020-07-02 00:00:00+05:30,3.5999999046325684,3.700000047683716,3.5999999046325684,3.700000047683716,108738,0.0,0.0,PARSVNATH.NS,Parsvnath Developers Limited,Real Estate,Real Estate - Development,8037194752,,0.017,,26.19,11.15
2020-07-03 00:00:00+05:30,3.8499999046325684,3.8499999046325684,3.549999952316284,3.549999952316284,284968,0.0,0.0,PARSVNATH.NS,Parsvnath Developers Limited,Real Estate,Real Estate - Development,8037194752,,0.017,,26.19,11.15
2020-07-06 00:00:00+05:30,3.4000000953674316,3.450000047683716,3.4000000953674316,3.4000000953674316,25063,0.0,0.0,PARSVNATH.NS,Parsvnath Developers Limited,Real Estate,Real Estate - Development,8037194752,,0.017,,26.19,11.15
2020-07-07 00:00:00+05:30,3.25,3.25,3.25,3.25,22308,0.0,0.0,PARSVNATH.NS,Parsvnath Developers Limited,Real Estate,Real Estate - Development,8037194752,,0.017,,26.19,11.15
2020-07-08 00:00:00+05:30,3.0999999046325684,3.0999999046325684,3.0999999046325684,3.0999999046325684,9940,0.0,0.0,PARSVNATH.NS,Parsvnath Developers Limited,Real Estate,Real Estate - Development,8037194752,,0.017,,26.19,11.15
2020-07-09 00:00:00+05:30,3.0999999046325684,3.25,3.0999999046325684,3.25,234770,0.0,0.0,PARSVNATH.NS,Parsvnath Developers Limited,Real Estate,Real Estate - Development,8037194752,,0.017,,26.19,11.15
2020-07-10 00:00:00+05:30,3.4000000953674316,3.4000000953674316,3.25,3.4000000953674316,154386,0.0,0.0,PARSVNATH.NS,Parsvnath Developers Limited,Real Estate,Real Estate - Development,8037194752,,0.017,,26.19,11.15
2020-07-13 00:00:00+05:30,3.549999952316284,3.549999952316284,3.25,3.299999952316284,80338,0.0,0.0,PARSVNATH.NS,Parsvnath Developers Limited,Real Estate,Real Estate - Development,8037194752,,0.017,,26.19,11.15
2020-07-14 00:00:00+05:30,3.450000047683716,3.450000047683716,3.1500000953674316,3.1500000953674316,52313,0.0,0.0,PARSVNATH.NS,Parsvnath Developers Limited,Real Estate,Real Estate - Development,8037194752,,0.017,,26.19,11.15
2020-07-15 00:00:00+05:30,3.049999952316284,3.049999952316284,3.0,3.0,43029,0.0,0.0,PARSVNATH.NS,Parsvnath Developers Limited,Real Estate,Real Estate - Development,8037194752,,0.017,,26.19,11.15
2020-07-16 00:00:00+05:30,2.8499999046325684,2.8499999046325684,2.8499999046325684,2.8499999046325684,34519,0.0,0.0,PARSVNATH.NS,Parsvnath Developers Limited,Real Estate,Real Estate - Development,8037194752,,0.017,,26.19,11.15
2020-07-17 00:00:00+05:30,2.8499999046325684,2.950000047683716,2.75,2.9000000953674316,120220,0.0,0.0,PARSVNATH.NS,Parsvnath Developers Limited,Real Estate,Real Estate - Development,8037194752,,0.017,,26.19,11.15
2020-07-20 00:00:00+05:30,3.0,3.0,3.0,3.0,13565,0.0,0.0,PARSVNATH.NS,Parsvnath Developers Limited,Real Estate,Real Estate - Development,8037194752,,0.017,,26.19,11.15
2020-07-21 00:00:00+05:30,3.1500000953674316,3.1500000953674316,3.049999952316284,3.1500000953674316,40857,0.0,0.0,PARSVNATH.NS,Parsvnath Developers Limited,Real Estate,Real Estate - Development,8037194752,,0.017,,26.19,11.15
2020-07-22 00:00:00+05:30,3.299999952316284,3.299999952316284,3.0,3.1500000953674316,130426,0.0,0.0,PARSVNATH.NS,Parsvnath Developers Limited,Real Estate,Real Estate - Development,8037194752,,0.017,,26.19,11.15
2020-07-23 00:00:00+05:30,3.25,3.25,3.0,3.0,70066,0.0,0.0,PARSVNATH.NS,Parsvnath Developers Limited,Real Estate,Real Estate - Development,8037194752,,0.017,,26.19,11.15
2020-07-24 00:00:00+05:30,3.0,3.0999999046325684,2.9000000953674316,2.950000047683716,47670,0.0,0.0,PARSVNATH.NS,Parsvnath Developers Limited,Real Estate,Real Estate - Development,8037194752,,0.017,,26.19,11.15
2020-07-27 00:00:00+05:30,2.8499999046325684,3.0,2.8499999046325684,2.8499999046325684,33860,0.0,0.0,PARSVNATH.NS,Parsvnath Developers Limited,Real Estate,Real Estate - Development,8037194752,,0.017,,26.19,11.15
2020-07-28 00:00:00+05:30,2.8499999046325684,2.950000047683716,2.75,2.75,37005,0.0,0.0,PARSVNATH.NS,Parsvnath Developers Limited,Real Estate,Real Estate - Development,8037194752,,0.017,,26.19,11.15
2020-07-29 00:00:00+05:30,2.75,2.799999952316284,2.6500000953674316,2.6500000953674316,106180,0.0,0.0,PARSVNATH.NS,Parsvnath Developers Limited,Real Estate,Real Estate - Development,8037194752,,0.017,,26.19,11.15
2020-07-30 00:00:00+05:30,2.6500000953674316,2.6500000953674316,2.549999952316284,2.549999952316284,50528,0.0,0.0,PARSVNATH.NS,Parsvnath Developers Limited,Real Estate,Real Estate - Development,8037194752,,0.017,,26.19,11.15
2020-07-31 00:00:00+05:30,2.6500000953674316,2.6500000953674316,2.5,2.5,16031,0.0,0.0,PARSVNATH.NS,Parsvnath Developers Limited,Real Estate,Real Estate - Development,8037194752,,0.017,,26.19,11.15
2020-08-03 00:00:00+05:30,2.5,2.5999999046325684,2.5,2.549999952316284,27287,0.0,0.0,PARSVNATH.NS,Parsvnath Developers Limited,Real Estate,Real Estate - Development,8037194752,,0.017,,26.19,11.15
2020-08-04 00:00:00+05:30,2.6500000953674316,2.6500000953674316,2.5999999046325684,2.6500000953674316,44729,0.0,0.0,PARSVNATH.NS,Parsvnath Developers Limited,Real Estate,Real Estate - Development,8037194752,,0.017,,26.19,11.15
2020-08-05 00:00:00+05:30,2.75,2.75,2.75,2.75,42490,0.0,0.0,PARSVNATH.NS,Parsvnath Developers Limited,Real Estate,Real Estate - Development,8037194752,,0.017,,26.19,11.15
2020-08-06 00:00:00+05:30,2.8499999046325684,2.8499999046325684,2.75,2.8499999046325684,44128,0.0,0.0,PARSVNATH.NS,Parsvnath Developers Limited,Real Estate,Real Estate - Development,8037194752,,0.017,,26.19,11.15
2020-08-07 00:00:00+05:30,2.799999952316284,2.950000047683716,2.799999952316284,2.8499999046325684,44992,0.0,0.0,PARSVNATH.NS,Parsvnath Developers Limited,Real Estate,Real Estate - Development,8037194752,,0.017,,26.19,11.15
2020-08-10 00:00:00+05:30,2.9000000953674316,2.950000047683716,2.9000000953674316,2.950000047683716,56519,0.0,0.0,PARSVNATH.NS,Parsvnath Developers Limited,Real Estate,Real Estate - Development,8037194752,,0.017,,26.19,11.15
2020-08-11 00:00:00+05:30,3.049999952316284,3.049999952316284,3.049999952316284,3.049999952316284,37408,0.0,0.0,PARSVNATH.NS,Parsvnath Developers Limited,Real Estate,Real Estate - Development,8037194752,,0.017,,26.19,11.15
2020-08-12 00:00:00+05:30,3.200000047683716,3.200000047683716,3.1500000953674316,3.200000047683716,61477,0.0,0.0,PARSVNATH.NS,Parsvnath Developers Limited,Real Estate,Real Estate - Development,8037194752,,0.017,,26.19,11.15
2020-08-13 00:00:00+05:30,3.3499999046325684,3.3499999046325684,3.049999952316284,3.299999952316284,123394,0.0,0.0,PARSVNATH.NS,Parsvnath Developers Limited,Real Estate,Real Estate - Development,8037194752,,0.017,,26.19,11.15
2020-08-14 00:00:00+05:30,3.1500000953674316,3.4000000953674316,3.1500000953674316,3.299999952316284,109592,0.0,0.0,PARSVNATH.NS,Parsvnath Developers Limited,Real Estate,Real Estate - Development,8037194752,,0.017,,26.19,11.15
2020-08-17 00:00:00+05:30,3.450000047683716,3.450000047683716,3.299999952316284,3.4000000953674316,152770,0.0,0.0,PARSVNATH.NS,Parsvnath Developers Limited,Real Estate,Real Estate - Development,8037194752,,0.017,,26.19,11.15
2020-08-18 00:00:00+05:30,3.549999952316284,3.549999952316284,3.25,3.25,228319,0.0,0.0,PARSVNATH.NS,Parsvnath Developers Limited,Real Estate,Real Estate - Development,8037194752,,0.017,,26.19,11.15
2020-08-19 00:00:00+05:30,3.25,3.4000000953674316,3.1500000953674316,3.25,88742,0.0,0.0,PARSVNATH.NS,Parsvnath Developers Limited,Real Estate,Real Estate - Development,8037194752,,0.017,,26.19,11.15
2020-08-20 00:00:00+05:30,3.25,3.4000000953674316,3.0999999046325684,3.1500000953674316,233162,0.0,0.0,PARSVNATH.NS,Parsvnath Developers Limited,Real Estate,Real Estate - Development,8037194752,,0.017,,26.19,11.15
2020-08-21 00:00:00+05:30,3.299999952316284,3.299999952316284,3.1500000953674316,3.299999952316284,85256,0.0,0.0,PARSVNATH.NS,Parsvnath Developers Limited,Real Estate,Real Estate - Development,8037194752,,0.017,,26.19,11.15
2020-08-24 00:00:00+05:30,3.450000047683716,3.450000047683716,3.200000047683716,3.299999952316284,58053,0.0,0.0,PARSVNATH.NS,Parsvnath Developers Limited,Real Estate,Real Estate - Development,8037194752,,0.017,,26.19,11.15
2020-08-25 00:00:00+05:30,3.4000000953674316,3.4000000953674316,3.200000047683716,3.25,68815,0.0,0.0,PARSVNATH.NS,Parsvnath Developers Limited,Real Estate,Real Estate - Development,8037194752,,0.017,,26.19,11.15
2020-08-26 00:00:00+05:30,3.3499999046325684,3.4000000953674316,3.200000047683716,3.4000000953674316,115114,0.0,0.0,PARSVNATH.NS,Parsvnath Developers Limited,Real Estate,Real Estate - Development,8037194752,,0.017,,26.19,11.15
2020-08-27 00:00:00+05:30,3.450000047683716,3.549999952316284,3.299999952316284,3.549999952316284,197354,0.0,0.0,PARSVNATH.NS,Parsvnath Developers Limited,Real Estate,Real Estate - Development,8037194752,,0.017,,26.19,11.15
2020-08-28 00:00:00+05:30,3.549999952316284,3.6500000953674316,3.450000047683716,3.450000047683716,95154,0.0,0.0,PARSVNATH.NS,Parsvnath Developers Limited,Real Estate,Real Estate - Development,8037194752,,0.017,,26.19,11.15
2020-08-31 00:00:00+05:30,3.5,3.549999952316284,3.299999952316284,3.299999952316284,107808,0.0,0.0,PARSVNATH.NS,Parsvnath Developers Limited,Real Estate,Real Estate - Development,8037194752,,0.017,,26.19,11.15
2020-09-01 00:00:00+05:30,3.3499999046325684,3.3499999046325684,3.1500000953674316,3.1500000953674316,38541,0.0,0.0,PARSVNATH.NS,Parsvnath Developers Limited,Real Estate,Real Estate - Development,8037194752,,0.017,,26.19,11.15
2020-09-02 00:00:00+05:30,3.0,3.1500000953674316,3.0,3.049999952316284,26367,0.0,0.0,PARSVNATH.NS,Parsvnath Developers Limited,Real Estate,Real Estate - Development,8037194752,,0.017,,26.19,11.15
2020-09-03 00:00:00+05:30,3.1500000953674316,3.1500000953674316,2.950000047683716,2.950000047683716,58686,0.0,0.0,PARSVNATH.NS,Parsvnath Developers Limited,Real Estate,Real Estate - Development,8037194752,,0.017,,26.19,11.15
2020-09-04 00:00:00+05:30,2.9000000953674316,3.049999952316284,2.9000000953674316,3.049999952316284,35743,0.0,0.0,PARSVNATH.NS,Parsvnath Developers Limited,Real Estate,Real Estate - Development,8037194752,,0.017,,26.19,11.15
2020-09-07 00:00:00+05:30,3.0999999046325684,3.1500000953674316,3.0,3.0999999046325684,33329,0.0,0.0,PARSVNATH.NS,Parsvnath Developers Limited,Real Estate,Real Estate - Development,8037194752,,0.017,,26.19,11.15
2020-09-08 00:00:00+05:30,3.1500000953674316,3.1500000953674316,2.950000047683716,3.0,71638,0.0,0.0,PARSVNATH.NS,Parsvnath Developers Limited,Real Estate,Real Estate - Development,8037194752,,0.017,,26.19,11.15
2020-09-09 00:00:00+05:30,3.0,3.0,2.8499999046325684,2.8499999046325684,51804,0.0,0.0,PARSVNATH.NS,Parsvnath Developers Limited,Real Estate,Real Estate - Development,8037194752,,0.017,,26.19,11.15
2020-09-10 00:00:00+05:30,2.8499999046325684,2.950000047683716,2.8499999046325684,2.950000047683716,26488,0.0,0.0,PARSVNATH.NS,Parsvnath Developers Limited,Real Estate,Real Estate - Development,8037194752,,0.017,,26.19,11.15
2020-09-11 00:00:00+05:30,3.049999952316284,3.049999952316284,2.9000000953674316,2.950000047683716,48933,0.0,0.0,PARSVNATH.NS,Parsvnath Developers Limited,Real Estate,Real Estate - Development,8037194752,,0.017,,26.19,11.15
2020-09-14 00:00:00+05:30,2.950000047683716,3.049999952316284,2.8499999046325684,2.8499999046325684,78863,0.0,0.0,PARSVNATH.NS,Parsvnath Developers Limited,Real Estate,Real Estate - Development,8037194752,,0.017,,26.19,11.15
2020-09-15 00:00:00+05:30,2.8499999046325684,2.950000047683716,2.799999952316284,2.8499999046325684,30089,0.0,0.0,PARSVNATH.NS,Parsvnath Developers Limited,Real Estate,Real Estate - Development,8037194752,,0.017,,26.19,11.15
2020-09-16 00:00:00+05:30,2.9000000953674316,2.950000047683716,2.75,2.75,33158,0.0,0.0,PARSVNATH.NS,Parsvnath Developers Limited,Real Estate,Real Estate - Development,8037194752,,0.017,,26.19,11.15
2020-09-17 00:00:00+05:30,2.75,2.8499999046325684,2.700000047683716,2.8499999046325684,99243,0.0,0.0,PARSVNATH.NS,Parsvnath Developers Limited,Real Estate,Real Estate - Development,8037194752,,0.017,,26.19,11.15
2020-09-18 00:00:00+05:30,2.799999952316284,2.8499999046325684,2.75,2.75,32328,0.0,0.0,PARSVNATH.NS,Parsvnath Developers Limited,Real Estate,Real Estate - Development,8037194752,,0.017,,26.19,11.15
2020-09-21 00:00:00+05:30,2.75,2.799999952316284,2.6500000953674316,2.6500000953674316,33490,0.0,0.0,PARSVNATH.NS,Parsvnath Developers Limited,Real Estate,Real Estate - Development,8037194752,,0.017,,26.19,11.15
2020-09-22 00:00:00+05:30,2.6500000953674316,2.700000047683716,2.549999952316284,2.549999952316284,71675,0.0,0.0,PARSVNATH.NS,Parsvnath Developers Limited,Real Estate,Real Estate - Development,8037194752,,0.017,,26.19,11.15
2020-09-23 00:00:00+05:30,2.549999952316284,2.5999999046325684,2.450000047683716,2.450000047683716,41453,0.0,0.0,PARSVNATH.NS,Parsvnath Developers Limited,Real Estate,Real Estate - Development,8037194752,,0.017,,26.19,11.15
2020-09-24 00:00:00+05:30,2.3499999046325684,2.5,2.3499999046325684,2.3499999046325684,29134,0.0,0.0,PARSVNATH.NS,Parsvnath Developers Limited,Real Estate,Real Estate - Development,8037194752,,0.017,,26.19,11.15
2020-09-25 00:00:00+05:30,2.3499999046325684,2.450000047683716,2.25,2.4000000953674316,17024,0.0,0.0,PARSVNATH.NS,Parsvnath Developers Limited,Real Estate,Real Estate - Development,8037194752,,0.017,,26.19,11.15
2020-09-28 00:00:00+05:30,2.3499999046325684,2.5,2.3499999046325684,2.5,7729,0.0,0.0,PARSVNATH.NS,Parsvnath Developers Limited,Real Estate,Real Estate - Development,8037194752,,0.017,,26.19,11.15
2020-09-29 00:00:00+05:30,2.549999952316284,2.5999999046325684,2.5,2.549999952316284,20382,0.0,0.0,PARSVNATH.NS,Parsvnath Developers Limited,Real Estate,Real Estate - Development,8037194752,,0.017,,26.19,11.15
2020-09-30 00:00:00+05:30,2.5,2.5999999046325684,2.450000047683716,2.450000047683716,14544,0.0,0.0,PARSVNATH.NS,Parsvnath Developers Limited,Real Estate,Real Estate - Development,8037194752,,0.017,,26.19,11.15
2020-10-01 00:00:00+05:30,2.3499999046325684,2.549999952316284,2.3499999046325684,2.450000047683716,19381,0.0,0.0,PARSVNATH.NS,Parsvnath Developers Limited,Real Estate,Real Estate - Development,8037194752,,0.017,,26.19,11.15
2020-10-05 00:00:00+05:30,2.450000047683716,2.549999952316284,2.3499999046325684,2.5,26780,0.0,0.0,PARSVNATH.NS,Parsvnath Developers Limited,Real Estate,Real Estate - Development,8037194752,,0.017,,26.19,11.15
2020-10-06 00:00:00+05:30,2.450000047683716,2.549999952316284,2.4000000953674316,2.4000000953674316,25253,0.0,0.0,PARSVNATH.NS,Parsvnath Developers Limited,Real Estate,Real Estate - Development,8037194752,,0.017,,26.19,11.15
2020-10-07 00:00:00+05:30,2.299999952316284,2.5,2.299999952316284,2.3499999046325684,72909,0.0,0.0,PARSVNATH.NS,Parsvnath Developers Limited,Real Estate,Real Estate - Development,8037194752,,0.017,,26.19,11.15
2020-10-08 00:00:00+05:30,2.299999952316284,2.450000047683716,2.299999952316284,2.4000000953674316,22174,0.0,0.0,PARSVNATH.NS,Parsvnath Developers Limited,Real Estate,Real Estate - Development,8037194752,,0.017,,26.19,11.15
2020-10-09 00:00:00+05:30,2.3499999046325684,2.5,2.299999952316284,2.4000000953674316,33755,0.0,0.0,PARSVNATH.NS,Parsvnath Developers Limited,Real Estate,Real Estate - Development,8037194752,,0.017,,26.19,11.15
2020-10-12 00:00:00+05:30,2.3499999046325684,2.450000047683716,2.299999952316284,2.3499999046325684,19222,0.0,0.0,PARSVNATH.NS,Parsvnath Developers Limited,Real Estate,Real Estate - Development,8037194752,,0.017,,26.19,11.15
2020-10-13 00:00:00+05:30,2.299999952316284,2.450000047683716,2.25,2.25,30379,0.0,0.0,PARSVNATH.NS,Parsvnath Developers Limited,Real Estate,Real Estate - Development,8037194752,,0.017,,26.19,11.15
2020-10-14 00:00:00+05:30,2.25,2.3499999046325684,2.200000047683716,2.3499999046325684,21267,0.0,0.0,PARSVNATH.NS,Parsvnath Developers Limited,Real Estate,Real Estate - Development,8037194752,,0.017,,26.19,11.15
2020-10-15 00:00:00+05:30,2.4000000953674316,2.450000047683716,2.299999952316284,2.3499999046325684,21298,0.0,0.0,PARSVNATH.NS,Parsvnath Developers Limited,Real Estate,Real Estate - Development,8037194752,,0.017,,26.19,11.15
2020-10-16 00:00:00+05:30,2.299999952316284,2.450000047683716,2.299999952316284,2.450000047683716,23753,0.0,0.0,PARSVNATH.NS,Parsvnath Developers Limited,Real Estate,Real Estate - Development,8037194752,,0.017,,26.19,11.15
2020-10-19 00:00:00+05:30,2.549999952316284,2.549999952316284,2.450000047683716,2.5,42255,0.0,0.0,PARSVNATH.NS,Parsvnath Developers Limited,Real Estate,Real Estate - Development,8037194752,,0.017,,26.19,11.15
2020-10-20 00:00:00+05:30,2.450000047683716,2.549999952316284,2.4000000953674316,2.4000000953674316,29025,0.0,0.0,PARSVNATH.NS,Parsvnath Developers Limited,Real Estate,Real Estate - Development,8037194752,,0.017,,26.19,11.15
2020-10-21 00:00:00+05:30,2.450000047683716,2.5,2.3499999046325684,2.5,34036,0.0,0.0,PARSVNATH.NS,Parsvnath Developers Limited,Real Estate,Real Estate - Development,8037194752,,0.017,,26.19,11.15
2020-10-22 00:00:00+05:30,2.5,2.549999952316284,2.4000000953674316,2.450000047683716,27671,0.0,0.0,PARSVNATH.NS,Parsvnath Developers Limited,Real Estate,Real Estate - Development,8037194752,,0.017,,26.19,11.15
2020-10-23 00:00:00+05:30,2.4000000953674316,2.549999952316284,2.4000000953674316,2.549999952316284,58030,0.0,0.0,PARSVNATH.NS,Parsvnath Developers Limited,Real Estate,Real Estate - Development,8037194752,,0.017,,26.19,11.15
2020-10-26 00:00:00+05:30,2.5,2.5999999046325684,2.450000047683716,2.5,71557,0.0,0.0,PARSVNATH.NS,Parsvnath Developers Limited,Real Estate,Real Estate - Development,8037194752,,0.017,,26.19,11.15
2020-10-27 00:00:00+05:30,2.450000047683716,2.5,2.4000000953674316,2.450000047683716,14860,0.0,0.0,PARSVNATH.NS,Parsvnath Developers Limited,Real Estate,Real Estate - Development,8037194752,,0.017,,26.19,11.15
2020-10-28 00:00:00+05:30,2.549999952316284,2.549999952316284,2.3499999046325684,2.3499999046325684,94611,0.0,0.0,PARSVNATH.NS,Parsvnath Developers Limited,Real Estate,Real Estate - Development,8037194752,,0.017,,26.19,11.15
2020-10-29 00:00:00+05:30,2.299999952316284,2.4000000953674316,2.25,2.3499999046325684,31334,0.0,0.0,PARSVNATH.NS,Parsvnath Developers Limited,Real Estate,Real Estate - Development,8037194752,,0.017,,26.19,11.15
2020-10-30 00:00:00+05:30,2.4000000953674316,2.450000047683716,2.25,2.3499999046325684,51931,0.0,0.0,PARSVNATH.NS,Parsvnath Developers Limited,Real Estate,Real Estate - Development,8037194752,,0.017,,26.19,11.15
2020-11-02 00:00:00+05:30,2.299999952316284,2.450000047683716,2.25,2.25,145195,0.0,0.0,PARSVNATH.NS,Parsvnath Developers Limited,Real Estate,Real Estate - Development,8037194752,,0.017,,26.19,11.15
2020-11-03 00:00:00+05:30,2.200000047683716,2.3499999046325684,2.200000047683716,2.200000047683716,89861,0.0,0.0,PARSVNATH.NS,Parsvnath Developers Limited,Real Estate,Real Estate - Development,8037194752,,0.017,,26.19,11.15
2020-11-04 00:00:00+05:30,2.299999952316284,2.299999952316284,2.1500000953674316,2.299999952316284,48181,0.0,0.0,PARSVNATH.NS,Parsvnath Developers Limited,Real Estate,Real Estate - Development,8037194752,,0.017,,26.19,11.15
2020-11-05 00:00:00+05:30,2.4000000953674316,2.4000000953674316,2.200000047683716,2.3499999046325684,129145,0.0,0.0,PARSVNATH.NS,Parsvnath Developers Limited,Real Estate,Real Estate - Development,8037194752,,0.017,,26.19,11.15
2020-11-06 00:00:00+05:30,2.299999952316284,2.450000047683716,2.299999952316284,2.450000047683716,40670,0.0,0.0,PARSVNATH.NS,Parsvnath Developers Limited,Real Estate,Real Estate - Development,8037194752,,0.017,,26.19,11.15
2020-11-09 00:00:00+05:30,2.4000000953674316,2.549999952316284,2.3499999046325684,2.3499999046325684,93606,0.0,0.0,PARSVNATH.NS,Parsvnath Developers Limited,Real Estate,Real Estate - Development,8037194752,,0.017,,26.19,11.15
2020-11-10 00:00:00+05:30,2.4000000953674316,2.4000000953674316,2.299999952316284,2.3499999046325684,24631,0.0,0.0,PARSVNATH.NS,Parsvnath Developers Limited,Real Estate,Real Estate - Development,8037194752,,0.017,,26.19,11.15
2020-11-11 00:00:00+05:30,2.4000000953674316,2.450000047683716,2.299999952316284,2.3499999046325684,72294,0.0,0.0,PARSVNATH.NS,Parsvnath Developers Limited,Real Estate,Real Estate - Development,8037194752,,0.017,,26.19,11.15
2020-11-12 00:00:00+05:30,2.4000000953674316,2.450000047683716,2.299999952316284,2.3499999046325684,43840,0.0,0.0,PARSVNATH.NS,Parsvnath Developers Limited,Real Estate,Real Estate - Development,8037194752,,0.017,,26.19,11.15
2020-11-13 00:00:00+05:30,2.299999952316284,2.450000047683716,2.299999952316284,2.450000047683716,112240,0.0,0.0,PARSVNATH.NS,Parsvnath Developers Limited,Real Estate,Real Estate - Development,8037194752,,0.017,,26.19,11.15
2020-11-14 00:00:00+05:30,2.549999952316284,2.549999952316284,2.5,2.549999952316284,17874,0.0,0.0,PARSVNATH.NS,Parsvnath Developers Limited,Real Estate,Real Estate - Development,8037194752,,0.017,,26.19,11.15
2020-11-17 00:00:00+05:30,2.6500000953674316,2.6500000953674316,2.6500000953674316,2.6500000953674316,29718,0.0,0.0,PARSVNATH.NS,Parsvnath Developers Limited,Real Estate,Real Estate - Development,8037194752,,0.017,,26.19,11.15
2020-11-18 00:00:00+05:30,2.75,2.75,2.75,2.75,25936,0.0,0.0,PARSVNATH.NS,Parsvnath Developers Limited,Real Estate,Real Estate - Development,8037194752,,0.017,,26.19,11.15
2020-11-19 00:00:00+05:30,2.8499999046325684,2.8499999046325684,2.75,2.8499999046325684,43319,0.0,0.0,PARSVNATH.NS,Parsvnath Developers Limited,Real Estate,Real Estate - Development,8037194752,,0.017,,26.19,11.15
2020-11-20 00:00:00+05:30,2.950000047683716,2.950000047683716,2.950000047683716,2.950000047683716,16975,0.0,0.0,PARSVNATH.NS,Parsvnath Developers Limited,Real Estate,Real Estate - Development,8037194752,,0.017,,26.19,11.15
2020-11-23 00:00:00+05:30,3.049999952316284,3.049999952316284,3.049999952316284,3.049999952316284,9219,0.0,0.0,PARSVNATH.NS,Parsvnath Developers Limited,Real Estate,Real Estate - Development,8037194752,,0.017,,26.19,11.15
2020-11-24 00:00:00+05:30,3.200000047683716,3.200000047683716,3.200000047683716,3.200000047683716,20111,0.0,0.0,PARSVNATH.NS,Parsvnath Developers Limited,Real Estate,Real Estate - Development,8037194752,,0.017,,26.19,11.15
2020-11-25 00:00:00+05:30,3.3499999046325684,3.3499999046325684,3.3499999046325684,3.3499999046325684,42071,0.0,0.0,PARSVNATH.NS,Parsvnath Developers Limited,Real Estate,Real Estate - Development,8037194752,,0.017,,26.19,11.15
2020-11-26 00:00:00+05:30,3.5,3.5,3.5,3.5,123951,0.0,0.0,PARSVNATH.NS,Parsvnath Developers Limited,Real Estate,Real Estate - Development,8037194752,,0.017,,26.19,11.15
2020-11-27 00:00:00+05:30,3.4000000953674316,3.6500000953674316,3.3499999046325684,3.6500000953674316,591365,0.0,0.0,PARSVNATH.NS,Parsvnath Developers Limited,Real Estate,Real Estate - Development,8037194752,,0.017,,26.19,11.15
2020-12-01 00:00:00+05:30,3.799999952316284,3.799999952316284,3.700000047683716,3.799999952316284,126744,0.0,0.0,PARSVNATH.NS,Parsvnath Developers Limited,Real Estate,Real Estate - Development,8037194752,,0.017,,26.19,11.15
2020-12-02 00:00:00+05:30,3.950000047683716,3.950000047683716,3.950000047683716,3.950000047683716,25960,0.0,0.0,PARSVNATH.NS,Parsvnath Developers Limited,Real Estate,Real Estate - Development,8037194752,,0.017,,26.19,11.15
2020-12-03 00:00:00+05:30,4.099999904632568,4.099999904632568,4.099999904632568,4.099999904632568,59900,0.0,0.0,PARSVNATH.NS,Parsvnath Developers Limited,Real Estate,Real Estate - Development,8037194752,,0.017,,26.19,11.15
2020-12-04 00:00:00+05:30,4.050000190734863,4.300000190734863,4.050000190734863,4.300000190734863,92176,0.0,0.0,PARSVNATH.NS,Parsvnath Developers Limited,Real Estate,Real Estate - Development,8037194752,,0.017,,26.19,11.15
2020-12-07 00:00:00+05:30,4.5,4.5,4.5,4.5,31386,0.0,0.0,PARSVNATH.NS,Parsvnath Developers Limited,Real Estate,Real Estate - Development,8037194752,,0.017,,26.19,11.15
2020-12-08 00:00:00+05:30,4.699999809265137,4.699999809265137,4.699999809265137,4.699999809265137,12881,0.0,0.0,PARSVNATH.NS,Parsvnath Developers Limited,Real Estate,Real Estate - Development,8037194752,,0.017,,26.19,11.15
2020-12-09 00:00:00+05:30,4.900000095367432,4.900000095367432,4.550000190734863,4.900000095367432,303253,0.0,0.0,PARSVNATH.NS,Parsvnath Developers Limited,Real Estate,Real Estate - Development,8037194752,,0.017,,26.19,11.15
2020-12-10 00:00:00+05:30,5.099999904632568,5.099999904632568,4.699999809265137,5.099999904632568,281939,0.0,0.0,PARSVNATH.NS,Parsvnath Developers Limited,Real Estate,Real Estate - Development,8037194752,,0.017,,26.19,11.15
2020-12-11 00:00:00+05:30,5.349999904632568,5.349999904632568,5.25,5.349999904632568,113627,0.0,0.0,PARSVNATH.NS,Parsvnath Developers Limited,Real Estate,Real Estate - Development,8037194752,,0.017,,26.19,11.15
2020-12-14 00:00:00+05:30,5.599999904632568,5.599999904632568,5.5,5.599999904632568,178198,0.0,0.0,PARSVNATH.NS,Parsvnath Developers Limited,Real Estate,Real Estate - Development,8037194752,,0.017,,26.19,11.15
2020-12-15 00:00:00+05:30,5.849999904632568,5.849999904632568,5.349999904632568,5.5,450261,0.0,0.0,PARSVNATH.NS,Parsvnath Developers Limited,Real Estate,Real Estate - Development,8037194752,,0.017,,26.19,11.15
2020-12-16 00:00:00+05:30,5.699999809265137,5.699999809265137,5.25,5.5,310899,0.0,0.0,PARSVNATH.NS,Parsvnath Developers Limited,Real Estate,Real Estate - Development,8037194752,,0.017,,26.19,11.15
2020-12-17 00:00:00+05:30,5.599999904632568,5.599999904632568,5.25,5.25,98275,0.0,0.0,PARSVNATH.NS,Parsvnath Developers Limited,Real Estate,Real Estate - Development,8037194752,,0.017,,26.19,11.15
2020-12-18 00:00:00+05:30,5.0,5.0,5.0,5.0,23146,0.0,0.0,PARSVNATH.NS,Parsvnath Developers Limited,Real Estate,Real Estate - Development,8037194752,,0.017,,26.19,11.15
2020-12-21 00:00:00+05:30,4.75,5.0,4.75,4.75,144202,0.0,0.0,PARSVNATH.NS,Parsvnath Developers Limited,Real Estate,Real Estate - Development,8037194752,,0.017,,26.19,11.15
2020-12-22 00:00:00+05:30,4.75,4.75,4.550000190734863,4.550000190734863,73656,0.0,0.0,PARSVNATH.NS,Parsvnath Developers Limited,Real Estate,Real Estate - Development,8037194752,,0.017,,26.19,11.15
2020-12-23 00:00:00+05:30,4.550000190734863,4.75,4.550000190734863,4.75,62645,0.0,0.0,PARSVNATH.NS,Parsvnath Developers Limited,Real Estate,Real Estate - Development,8037194752,,0.017,,26.19,11.15
2020-12-24 00:00:00+05:30,4.75,4.949999809265137,4.599999904632568,4.800000190734863,72262,0.0,0.0,PARSVNATH.NS,Parsvnath Developers Limited,Real Estate,Real Estate - Development,8037194752,,0.017,,26.19,11.15
2020-12-28 00:00:00+05:30,4.599999904632568,5.0,4.599999904632568,4.849999904632568,81312,0.0,0.0,PARSVNATH.NS,Parsvnath Developers Limited,Real Estate,Real Estate - Development,8037194752,,0.017,,26.19,11.15
2020-12-29 00:00:00+05:30,4.949999809265137,5.050000190734863,4.699999809265137,5.0,66194,0.0,0.0,PARSVNATH.NS,Parsvnath Developers Limited,Real Estate,Real Estate - Development,8037194752,,0.017,,26.19,11.15
2020-12-30 00:00:00+05:30,5.199999809265137,5.199999809265137,4.900000095367432,5.050000190734863,79652,0.0,0.0,PARSVNATH.NS,Parsvnath Developers Limited,Real Estate,Real Estate - Development,8037194752,,0.017,,26.19,11.15
2020-12-31 00:00:00+05:30,5.199999809265137,5.199999809265137,5.0,5.0,123963,0.0,0.0,PARSVNATH.NS,Parsvnath Developers Limited,Real Estate,Real Estate - Development,8037194752,,0.017,,26.19,11.15
2021-01-01 00:00:00+05:30,5.199999809265137,5.25,5.0,5.199999809265137,159189,0.0,0.0,PARSVNATH.NS,Parsvnath Developers Limited,Real Estate,Real Estate - Development,8037194752,,0.017,,26.19,11.15
2021-01-04 00:00:00+05:30,5.400000095367432,5.449999809265137,5.150000095367432,5.449999809265137,267691,0.0,0.0,PARSVNATH.NS,Parsvnath Developers Limited,Real Estate,Real Estate - Development,8037194752,,0.017,,26.19,11.15
2021-01-05 00:00:00+05:30,5.599999904632568,5.699999809265137,5.199999809265137,5.699999809265137,240174,0.0,0.0,PARSVNATH.NS,Parsvnath Developers Limited,Real Estate,Real Estate - Development,8037194752,,0.017,,26.19,11.15
2021-01-06 00:00:00+05:30,5.949999809265137,5.949999809265137,5.5,5.900000095367432,255746,0.0,0.0,PARSVNATH.NS,Parsvnath Developers Limited,Real Estate,Real Estate - Development,8037194752,,0.017,,26.19,11.15
2021-01-07 00:00:00+05:30,6.099999904632568,6.150000095367432,6.050000190734863,6.150000095367432,92061,0.0,0.0,PARSVNATH.NS,Parsvnath Developers Limited,Real Estate,Real Estate - Development,8037194752,,0.017,,26.19,11.15
2021-01-08 00:00:00+05:30,6.449999809265137,6.449999809265137,6.099999904632568,6.199999809265137,257375,0.0,0.0,PARSVNATH.NS,Parsvnath Developers Limited,Real Estate,Real Estate - Development,8037194752,,0.017,,26.19,11.15
2021-01-11 00:00:00+05:30,6.400000095367432,6.5,5.900000095367432,5.900000095367432,164642,0.0,0.0,PARSVNATH.NS,Parsvnath Developers Limited,Real Estate,Real Estate - Development,8037194752,,0.017,,26.19,11.15
2021-01-12 00:00:00+05:30,6.0,6.150000095367432,5.650000095367432,5.650000095367432,66875,0.0,0.0,PARSVNATH.NS,Parsvnath Developers Limited,Real Estate,Real Estate - Development,8037194752,,0.017,,26.19,11.15
2021-01-13 00:00:00+05:30,5.400000095367432,5.900000095367432,5.400000095367432,5.400000095367432,127682,0.0,0.0,PARSVNATH.NS,Parsvnath Developers Limited,Real Estate,Real Estate - Development,8037194752,,0.017,,26.19,11.15
2021-01-14 00:00:00+05:30,5.400000095367432,5.5,5.150000095367432,5.150000095367432,86990,0.0,0.0,PARSVNATH.NS,Parsvnath Developers Limited,Real Estate,Real Estate - Development,8037194752,,0.017,,26.19,11.15
2021-01-15 00:00:00+05:30,5.150000095367432,5.300000190734863,4.900000095367432,5.099999904632568,279589,0.0,0.0,PARSVNATH.NS,Parsvnath Developers Limited,Real Estate,Real Estate - Development,8037194752,,0.017,,26.19,11.15
2021-01-18 00:00:00+05:30,5.150000095367432,5.25,4.849999904632568,4.900000095367432,112516,0.0,0.0,PARSVNATH.NS,Parsvnath Developers Limited,Real Estate,Real Estate - Development,8037194752,,0.017,,26.19,11.15
2021-01-19 00:00:00+05:30,5.099999904632568,5.099999904632568,4.849999904632568,5.099999904632568,48537,0.0,0.0,PARSVNATH.NS,Parsvnath Developers Limited,Real Estate,Real Estate - Development,8037194752,,0.017,,26.19,11.15
2021-01-20 00:00:00+05:30,5.25,5.349999904632568,5.0,5.050000190734863,78104,0.0,0.0,PARSVNATH.NS,Parsvnath Developers Limited,Real Estate,Real Estate - Development,8037194752,,0.017,,26.19,11.15
2021-01-21 00:00:00+05:30,5.199999809265137,5.300000190734863,4.900000095367432,5.099999904632568,82974,0.0,0.0,PARSVNATH.NS,Parsvnath Developers Limited,Real Estate,Real Estate - Development,8037194752,,0.017,,26.19,11.15
2021-01-22 00:00:00+05:30,5.150000095367432,5.150000095367432,4.849999904632568,5.050000190734863,99102,0.0,0.0,PARSVNATH.NS,Parsvnath Developers Limited,Real Estate,Real Estate - Development,8037194752,,0.017,,26.19,11.15
2021-01-25 00:00:00+05:30,5.150000095367432,5.150000095367432,4.800000190734863,4.800000190734863,48538,0.0,0.0,PARSVNATH.NS,Parsvnath Developers Limited,Real Estate,Real Estate - Development,8037194752,,0.017,,26.19,11.15
2021-01-27 00:00:00+05:30,5.0,5.0,4.599999904632568,4.849999904632568,45309,0.0,0.0,PARSVNATH.NS,Parsvnath Developers Limited,Real Estate,Real Estate - Development,8037194752,,0.017,,26.19,11.15
2021-01-28 00:00:00+05:30,4.849999904632568,5.0,4.650000095367432,4.949999809265137,45234,0.0,0.0,PARSVNATH.NS,Parsvnath Developers Limited,Real Estate,Real Estate - Development,8037194752,,0.017,,26.19,11.15
2021-01-29 00:00:00+05:30,4.949999809265137,5.150000095367432,4.900000095367432,5.050000190734863,28636,0.0,0.0,PARSVNATH.NS,Parsvnath Developers Limited,Real Estate,Real Estate - Development,8037194752,,0.017,,26.19,11.15
2021-02-01 00:00:00+05:30,5.150000095367432,5.199999809265137,4.800000190734863,5.050000190734863,34083,0.0,0.0,PARSVNATH.NS,Parsvnath Developers Limited,Real Estate,Real Estate - Development,8037194752,,0.017,,26.19,11.15
2021-02-02 00:00:00+05:30,5.199999809265137,5.199999809265137,4.900000095367432,4.949999809265137,100988,0.0,0.0,PARSVNATH.NS,Parsvnath Developers Limited,Real Estate,Real Estate - Development,8037194752,,0.017,,26.19,11.15
2021-02-03 00:00:00+05:30,4.849999904632568,5.050000190734863,4.800000190734863,4.900000095367432,64965,0.0,0.0,PARSVNATH.NS,Parsvnath Developers Limited,Real Estate,Real Estate - Development,8037194752,,0.017,,26.19,11.15
2021-02-04 00:00:00+05:30,5.050000190734863,5.050000190734863,4.800000190734863,4.949999809265137,98215,0.0,0.0,PARSVNATH.NS,Parsvnath Developers Limited,Real Estate,Real Estate - Development,8037194752,,0.017,,26.19,11.15
2021-02-05 00:00:00+05:30,4.949999809265137,5.099999904632568,4.900000095367432,4.949999809265137,35420,0.0,0.0,PARSVNATH.NS,Parsvnath Developers Limited,Real Estate,Real Estate - Development,8037194752,,0.017,,26.19,11.15
2021-02-08 00:00:00+05:30,5.050000190734863,5.099999904632568,4.849999904632568,4.900000095367432,119402,0.0,0.0,PARSVNATH.NS,Parsvnath Developers Limited,Real Estate,Real Estate - Development,8037194752,,0.017,,26.19,11.15
2021-02-09 00:00:00+05:30,5.0,5.099999904632568,4.800000190734863,4.949999809265137,124270,0.0,0.0,PARSVNATH.NS,Parsvnath Developers Limited,Real Estate,Real Estate - Development,8037194752,,0.017,,26.19,11.15
2021-02-10 00:00:00+05:30,4.900000095367432,5.050000190734863,4.900000095367432,4.949999809265137,78705,0.0,0.0,PARSVNATH.NS,Parsvnath Developers Limited,Real Estate,Real Estate - Development,8037194752,,0.017,,26.19,11.15
2021-02-11 00:00:00+05:30,4.900000095367432,5.150000095367432,4.849999904632568,5.150000095367432,700954,0.0,0.0,PARSVNATH.NS,Parsvnath Developers Limited,Real Estate,Real Estate - Development,8037194752,,0.017,,26.19,11.15
2021-02-12 00:00:00+05:30,5.400000095367432,5.400000095367432,5.400000095367432,5.400000095367432,109243,0.0,0.0,PARSVNATH.NS,Parsvnath Developers Limited,Real Estate,Real Estate - Development,8037194752,,0.017,,26.19,11.15
2021-02-15 00:00:00+05:30,5.650000095367432,5.650000095367432,5.650000095367432,5.650000095367432,80064,0.0,0.0,PARSVNATH.NS,Parsvnath Developers Limited,Real Estate,Real Estate - Development,8037194752,,0.017,,26.19,11.15
2021-02-16 00:00:00+05:30,5.900000095367432,5.900000095367432,5.5,5.900000095367432,524802,0.0,0.0,PARSVNATH.NS,Parsvnath Developers Limited,Real Estate,Real Estate - Development,8037194752,,0.017,,26.19,11.15
2021-02-17 00:00:00+05:30,5.900000095367432,5.949999809265137,5.650000095367432,5.699999809265137,230717,0.0,0.0,PARSVNATH.NS,Parsvnath Developers Limited,Real Estate,Real Estate - Development,8037194752,,0.017,,26.19,11.15
2021-02-18 00:00:00+05:30,5.900000095367432,5.949999809265137,5.75,5.800000190734863,323506,0.0,0.0,PARSVNATH.NS,Parsvnath Developers Limited,Real Estate,Real Estate - Development,8037194752,,0.017,,26.19,11.15
2021-02-19 00:00:00+05:30,5.900000095367432,6.050000190734863,5.699999809265137,6.0,321114,0.0,0.0,PARSVNATH.NS,Parsvnath Developers Limited,Real Estate,Real Estate - Development,8037194752,,0.017,,26.19,11.15
2021-02-22 00:00:00+05:30,6.300000190734863,6.300000190734863,6.050000190734863,6.300000190734863,467958,0.0,0.0,PARSVNATH.NS,Parsvnath Developers Limited,Real Estate,Real Estate - Development,8037194752,,0.017,,26.19,11.15
2021-02-23 00:00:00+05:30,6.5,6.599999904632568,6.099999904632568,6.599999904632568,434125,0.0,0.0,PARSVNATH.NS,Parsvnath Developers Limited,Real Estate,Real Estate - Development,8037194752,,0.017,,26.19,11.15
2021-02-24 00:00:00+05:30,6.900000095367432,6.900000095367432,6.650000095367432,6.900000095367432,197724,0.0,0.0,PARSVNATH.NS,Parsvnath Developers Limited,Real Estate,Real Estate - Development,8037194752,,0.017,,26.19,11.15
2021-02-25 00:00:00+05:30,7.199999809265137,7.199999809265137,7.199999809265137,7.199999809265137,140232,0.0,0.0,PARSVNATH.NS,Parsvnath Developers Limited,Real Estate,Real Estate - Development,8037194752,,0.017,,26.19,11.15
2021-02-26 00:00:00+05:30,7.550000190734863,7.550000190734863,7.550000190734863,7.550000190734863,207909,0.0,0.0,PARSVNATH.NS,Parsvnath Developers Limited,Real Estate,Real Estate - Development,8037194752,,0.017,,26.19,11.15
2021-03-01 00:00:00+05:30,7.900000095367432,7.900000095367432,7.900000095367432,7.900000095367432,183261,0.0,0.0,PARSVNATH.NS,Parsvnath Developers Limited,Real Estate,Real Estate - Development,8037194752,,0.017,,26.19,11.15
2021-03-02 00:00:00+05:30,8.25,8.25,8.25,8.25,74688,0.0,0.0,PARSVNATH.NS,Parsvnath Developers Limited,Real Estate,Real Estate - Development,8037194752,,0.017,,26.19,11.15
2021-03-03 00:00:00+05:30,8.649999618530273,8.649999618530273,7.900000095367432,8.649999618530273,2056976,0.0,0.0,PARSVNATH.NS,Parsvnath Developers Limited,Real Estate,Real Estate - Development,8037194752,,0.017,,26.19,11.15
2021-03-04 00:00:00+05:30,8.300000190734863,9.050000190734863,8.25,9.050000190734863,1220500,0.0,0.0,PARSVNATH.NS,Parsvnath Developers Limited,Real Estate,Real Estate - Development,8037194752,,0.017,,26.19,11.15
2021-03-05 00:00:00+05:30,9.100000381469727,9.5,8.699999809265137,8.899999618530273,2322525,0.0,0.0,PARSVNATH.NS,Parsvnath Developers Limited,Real Estate,Real Estate - Development,8037194752,,0.017,,26.19,11.15
2021-03-08 00:00:00+05:30,8.600000381469727,9.300000190734863,8.600000381469727,8.699999809265137,545908,0.0,0.0,PARSVNATH.NS,Parsvnath Developers Limited,Real Estate,Real Estate - Development,8037194752,,0.017,,26.19,11.15
2021-03-09 00:00:00+05:30,8.699999809265137,9.0,8.300000190734863,8.5,680014,0.0,0.0,PARSVNATH.NS,Parsvnath Developers Limited,Real Estate,Real Estate - Development,8037194752,,0.017,,26.19,11.15
2021-03-10 00:00:00+05:30,8.350000381469727,8.899999618530273,8.350000381469727,8.899999618530273,272684,0.0,0.0,PARSVNATH.NS,Parsvnath Developers Limited,Real Estate,Real Estate - Development,8037194752,,0.017,,26.19,11.15
2021-03-12 00:00:00+05:30,9.300000190734863,9.300000190734863,9.100000381469727,9.199999809265137,165504,0.0,0.0,PARSVNATH.NS,Parsvnath Developers Limited,Real Estate,Real Estate - Development,8037194752,,0.017,,26.19,11.15
2021-03-15 00:00:00+05:30,9.550000190734863,9.649999618530273,8.899999618530273,9.550000190734863,275793,0.0,0.0,PARSVNATH.NS,Parsvnath Developers Limited,Real Estate,Real Estate - Development,8037194752,,0.017,,26.19,11.15
2021-03-16 00:00:00+05:30,9.800000190734863,10.0,9.25,10.0,517484,0.0,0.0,PARSVNATH.NS,Parsvnath Developers Limited,Real Estate,Real Estate - Development,8037194752,,0.017,,26.19,11.15
2021-03-17 00:00:00+05:30,10.0,10.5,10.0,10.449999809265137,364869,0.0,0.0,PARSVNATH.NS,Parsvnath Developers Limited,Real Estate,Real Estate - Development,8037194752,,0.017,,26.19,11.15
2021-03-18 00:00:00+05:30,10.850000381469727,10.949999809265137,10.149999618530273,10.75,429118,0.0,0.0,PARSVNATH.NS,Parsvnath Developers Limited,Real Estate,Real Estate - Development,8037194752,,0.017,,26.19,11.15
2021-03-19 00:00:00+05:30,10.5,11.199999809265137,10.25,10.350000381469727,764273,0.0,0.0,PARSVNATH.NS,Parsvnath Developers Limited,Real Estate,Real Estate - Development,8037194752,,0.017,,26.19,11.15
2021-03-22 00:00:00+05:30,10.600000381469727,10.800000190734863,9.850000381469727,9.850000381469727,367995,0.0,0.0,PARSVNATH.NS,Parsvnath Developers Limited,Real Estate,Real Estate - Development,8037194752,,0.017,,26.19,11.15
2021-03-23 00:00:00+05:30,9.5,10.300000190734863,9.399999618530273,9.399999618530273,419675,0.0,0.0,PARSVNATH.NS,Parsvnath Developers Limited,Real Estate,Real Estate - Development,8037194752,,0.017,,26.19,11.15
2021-03-24 00:00:00+05:30,9.399999618530273,9.399999618530273,8.949999809265137,8.949999809265137,145666,0.0,0.0,PARSVNATH.NS,Parsvnath Developers Limited,Real Estate,Real Estate - Development,8037194752,,0.017,,26.19,11.15
2021-03-25 00:00:00+05:30,8.550000190734863,9.350000381469727,8.550000190734863,9.300000190734863,214834,0.0,0.0,PARSVNATH.NS,Parsvnath Developers Limited,Real Estate,Real Estate - Development,8037194752,,0.017,,26.19,11.15
2021-03-26 00:00:00+05:30,8.850000381469727,9.699999809265137,8.850000381469727,8.850000381469727,138233,0.0,0.0,PARSVNATH.NS,Parsvnath Developers Limited,Real Estate,Real Estate - Development,8037194752,,0.017,,26.19,11.15
2021-03-30 00:00:00+05:30,8.550000190734863,9.199999809265137,8.5,8.75,180421,0.0,0.0,PARSVNATH.NS,Parsvnath Developers Limited,Real Estate,Real Estate - Development,8037194752,,0.017,,26.19,11.15
2021-03-31 00:00:00+05:30,8.600000381469727,8.800000190734863,8.399999618530273,8.550000190734863,72474,0.0,0.0,PARSVNATH.NS,Parsvnath Developers Limited,Real Estate,Real Estate - Development,8037194752,,0.017,,26.19,11.15
2021-04-01 00:00:00+05:30,8.75,8.949999809265137,8.300000190734863,8.949999809265137,95727,0.0,0.0,PARSVNATH.NS,Parsvnath Developers Limited,Real Estate,Real Estate - Development,8037194752,,0.017,,26.19,11.15
2021-04-05 00:00:00+05:30,9.199999809265137,9.199999809265137,8.649999618530273,9.0,34066,0.0,0.0,PARSVNATH.NS,Parsvnath Developers Limited,Real Estate,Real Estate - Development,8037194752,,0.017,,26.19,11.15
2021-04-06 00:00:00+05:30,9.0,9.399999618530273,8.699999809265137,9.0,84586,0.0,0.0,PARSVNATH.NS,Parsvnath Developers Limited,Real Estate,Real Estate - Development,8037194752,,0.017,,26.19,11.15
2021-04-07 00:00:00+05:30,8.850000381469727,9.399999618530273,8.699999809265137,8.850000381469727,63479,0.0,0.0,PARSVNATH.NS,Parsvnath Developers Limited,Real Estate,Real Estate - Development,8037194752,,0.017,,26.19,11.15
2021-04-08 00:00:00+05:30,8.5,9.100000381469727,8.5,8.800000190734863,89735,0.0,0.0,PARSVNATH.NS,Parsvnath Developers Limited,Real Estate,Real Estate - Development,8037194752,,0.017,,26.19,11.15
2021-04-09 00:00:00+05:30,8.850000381469727,8.899999618530273,8.550000190734863,8.75,30246,0.0,0.0,PARSVNATH.NS,Parsvnath Developers Limited,Real Estate,Real Estate - Development,8037194752,,0.017,,26.19,11.15
2021-04-12 00:00:00+05:30,8.5,8.550000190734863,8.350000381469727,8.350000381469727,50991,0.0,0.0,PARSVNATH.NS,Parsvnath Developers Limited,Real Estate,Real Estate - Development,8037194752,,0.017,,26.19,11.15
2021-04-13 00:00:00+05:30,8.350000381469727,8.350000381469727,7.949999809265137,8.0,88331,0.0,0.0,PARSVNATH.NS,Parsvnath Developers Limited,Real Estate,Real Estate - Development,8037194752,,0.017,,26.19,11.15
2021-04-15 00:00:00+05:30,7.599999904632568,8.399999618530273,7.599999904632568,8.0,113467,0.0,0.0,PARSVNATH.NS,Parsvnath Developers Limited,Real Estate,Real Estate - Development,8037194752,,0.017,,26.19,11.15
2021-04-16 00:00:00+05:30,7.900000095367432,8.399999618530273,7.599999904632568,8.0,98841,0.0,0.0,PARSVNATH.NS,Parsvnath Developers Limited,Real Estate,Real Estate - Development,8037194752,,0.017,,26.19,11.15
2021-04-19 00:00:00+05:30,8.0,8.0,7.599999904632568,7.650000095367432,66530,0.0,0.0,PARSVNATH.NS,Parsvnath Developers Limited,Real Estate,Real Estate - Development,8037194752,,0.017,,26.19,11.15
2021-04-20 00:00:00+05:30,7.800000190734863,7.800000190734863,7.300000190734863,7.449999809265137,59251,0.0,0.0,PARSVNATH.NS,Parsvnath Developers Limited,Real Estate,Real Estate - Development,8037194752,,0.017,,26.19,11.15
2021-04-22 00:00:00+05:30,7.449999809265137,7.650000095367432,7.099999904632568,7.25,30726,0.0,0.0,PARSVNATH.NS,Parsvnath Developers Limited,Real Estate,Real Estate - Development,8037194752,,0.017,,26.19,11.15
2021-04-23 00:00:00+05:30,7.5,7.5,7.0,7.449999809265137,38021,0.0,0.0,PARSVNATH.NS,Parsvnath Developers Limited,Real Estate,Real Estate - Development,8037194752,,0.017,,26.19,11.15
2021-04-26 00:00:00+05:30,7.150000095367432,7.650000095367432,7.150000095367432,7.599999904632568,38807,0.0,0.0,PARSVNATH.NS,Parsvnath Developers Limited,Real Estate,Real Estate - Development,8037194752,,0.017,,26.19,11.15
2021-04-27 00:00:00+05:30,7.599999904632568,7.949999809265137,7.5,7.949999809265137,82506,0.0,0.0,PARSVNATH.NS,Parsvnath Developers Limited,Real Estate,Real Estate - Development,8037194752,,0.017,,26.19,11.15
2021-04-28 00:00:00+05:30,8.199999809265137,8.300000190734863,8.0,8.050000190734863,118171,0.0,0.0,PARSVNATH.NS,Parsvnath Developers Limited,Real Estate,Real Estate - Development,8037194752,,0.017,,26.19,11.15
2021-04-29 00:00:00+05:30,8.050000190734863,8.25,7.900000095367432,7.949999809265137,61478,0.0,0.0,PARSVNATH.NS,Parsvnath Developers Limited,Real Estate,Real Estate - Development,8037194752,,0.017,,26.19,11.15
2021-04-30 00:00:00+05:30,7.900000095367432,8.0,7.699999809265137,7.900000095367432,53949,0.0,0.0,PARSVNATH.NS,Parsvnath Developers Limited,Real Estate,Real Estate - Development,8037194752,,0.017,,26.19,11.15
2021-05-03 00:00:00+05:30,7.949999809265137,7.949999809265137,7.550000190734863,7.599999904632568,184553,0.0,0.0,PARSVNATH.NS,Parsvnath Developers Limited,Real Estate,Real Estate - Development,8037194752,,0.017,,26.19,11.15
2021-05-04 00:00:00+05:30,7.599999904632568,7.75,7.5,7.599999904632568,78703,0.0,0.0,PARSVNATH.NS,Parsvnath Developers Limited,Real Estate,Real Estate - Development,8037194752,,0.017,,26.19,11.15
2021-05-05 00:00:00+05:30,7.599999904632568,7.849999904632568,7.5,7.650000095367432,49471,0.0,0.0,PARSVNATH.NS,Parsvnath Developers Limited,Real Estate,Real Estate - Development,8037194752,,0.017,,26.19,11.15
2021-05-06 00:00:00+05:30,7.800000190734863,7.800000190734863,7.550000190734863,7.599999904632568,52435,0.0,0.0,PARSVNATH.NS,Parsvnath Developers Limited,Real Estate,Real Estate - Development,8037194752,,0.017,,26.19,11.15
2021-05-07 00:00:00+05:30,7.650000095367432,7.699999809265137,7.5,7.5,83773,0.0,0.0,PARSVNATH.NS,Parsvnath Developers Limited,Real Estate,Real Estate - Development,8037194752,,0.017,,26.19,11.15
2021-05-10 00:00:00+05:30,7.5,7.849999904632568,7.349999904632568,7.849999904632568,277570,0.0,0.0,PARSVNATH.NS,Parsvnath Developers Limited,Real Estate,Real Estate - Development,8037194752,,0.017,,26.19,11.15
2021-05-11 00:00:00+05:30,7.900000095367432,8.199999809265137,7.800000190734863,8.199999809265137,134401,0.0,0.0,PARSVNATH.NS,Parsvnath Developers Limited,Real Estate,Real Estate - Development,8037194752,,0.017,,26.19,11.15
2021-05-12 00:00:00+05:30,8.5,8.600000381469727,8.100000381469727,8.600000381469727,191656,0.0,0.0,PARSVNATH.NS,Parsvnath Developers Limited,Real Estate,Real Estate - Development,8037194752,,0.017,,26.19,11.15
2021-05-14 00:00:00+05:30,8.949999809265137,9.0,8.899999618530273,9.0,217364,0.0,0.0,PARSVNATH.NS,Parsvnath Developers Limited,Real Estate,Real Estate - Development,8037194752,,0.017,,26.19,11.15
2021-05-17 00:00:00+05:30,9.25,9.399999618530273,8.550000190734863,8.899999618530273,403851,0.0,0.0,PARSVNATH.NS,Parsvnath Developers Limited,Real Estate,Real Estate - Development,8037194752,,0.017,,26.19,11.15
2021-05-18 00:00:00+05:30,9.149999618530273,9.199999809265137,8.699999809265137,8.850000381469727,110655,0.0,0.0,PARSVNATH.NS,Parsvnath Developers Limited,Real Estate,Real Estate - Development,8037194752,,0.017,,26.19,11.15
2021-05-19 00:00:00+05:30,8.699999809265137,9.050000190734863,8.600000381469727,8.699999809265137,216502,0.0,0.0,PARSVNATH.NS,Parsvnath Developers Limited,Real Estate,Real Estate - Development,8037194752,,0.017,,26.19,11.15
2021-05-20 00:00:00+05:30,8.550000190734863,9.050000190734863,8.5,8.800000190734863,188333,0.0,0.0,PARSVNATH.NS,Parsvnath Developers Limited,Real Estate,Real Estate - Development,8037194752,,0.017,,26.19,11.15
2021-05-21 00:00:00+05:30,8.899999618530273,9.0,8.800000190734863,8.850000381469727,47970,0.0,0.0,PARSVNATH.NS,Parsvnath Developers Limited,Real Estate,Real Estate - Development,8037194752,,0.017,,26.19,11.15
2021-05-24 00:00:00+05:30,9.0,9.100000381469727,8.850000381469727,8.850000381469727,90443,0.0,0.0,PARSVNATH.NS,Parsvnath Developers Limited,Real Estate,Real Estate - Development,8037194752,,0.017,,26.19,11.15
2021-05-25 00:00:00+05:30,9.0,9.199999809265137,9.0,9.149999618530273,112154,0.0,0.0,PARSVNATH.NS,Parsvnath Developers Limited,Real Estate,Real Estate - Development,8037194752,,0.017,,26.19,11.15
2021-05-26 00:00:00+05:30,9.350000381469727,9.600000381469727,9.199999809265137,9.600000381469727,203745,0.0,0.0,PARSVNATH.NS,Parsvnath Developers Limited,Real Estate,Real Estate - Development,8037194752,,0.017,,26.19,11.15
2021-05-27 00:00:00+05:30,9.949999809265137,10.050000190734863,9.600000381469727,10.050000190734863,185454,0.0,0.0,PARSVNATH.NS,Parsvnath Developers Limited,Real Estate,Real Estate - Development,8037194752,,0.017,,26.19,11.15
2021-05-28 00:00:00+05:30,10.350000381469727,10.550000190734863,9.850000381469727,9.899999618530273,297769,0.0,0.0,PARSVNATH.NS,Parsvnath Developers Limited,Real Estate,Real Estate - Development,8037194752,,0.017,,26.19,11.15
2021-05-31 00:00:00+05:30,10.350000381469727,10.350000381469727,10.350000381469727,10.350000381469727,288166,0.0,0.0,PARSVNATH.NS,Parsvnath Developers Limited,Real Estate,Real Estate - Development,8037194752,,0.017,,26.19,11.15
2021-06-01 00:00:00+05:30,10.800000190734863,10.850000381469727,9.850000381469727,10.550000190734863,663598,0.0,0.0,PARSVNATH.NS,Parsvnath Developers Limited,Real Estate,Real Estate - Development,8037194752,,0.017,,26.19,11.15
2021-06-02 00:00:00+05:30,10.800000190734863,11.050000190734863,10.699999809265137,11.050000190734863,503042,0.0,0.0,PARSVNATH.NS,Parsvnath Developers Limited,Real Estate,Real Estate - Development,8037194752,,0.017,,26.19,11.15
2021-06-03 00:00:00+05:30,11.399999618530273,11.600000381469727,11.149999618530273,11.600000381469727,273093,0.0,0.0,PARSVNATH.NS,Parsvnath Developers Limited,Real Estate,Real Estate - Development,8037194752,,0.017,,26.19,11.15
2021-06-04 00:00:00+05:30,12.100000381469727,12.149999618530273,11.850000381469727,12.149999618530273,550526,0.0,0.0,PARSVNATH.NS,Parsvnath Developers Limited,Real Estate,Real Estate - Development,8037194752,,0.017,,26.19,11.15
2021-06-07 00:00:00+05:30,12.75,12.75,12.199999809265137,12.75,233733,0.0,0.0,PARSVNATH.NS,Parsvnath Developers Limited,Real Estate,Real Estate - Development,8037194752,,0.017,,26.19,11.15
2021-06-08 00:00:00+05:30,13.350000381469727,13.350000381469727,12.300000190734863,13.350000381469727,1704469,0.0,0.0,PARSVNATH.NS,Parsvnath Developers Limited,Real Estate,Real Estate - Development,8037194752,,0.017,,26.19,11.15
2021-06-09 00:00:00+05:30,13.949999809265137,14.0,13.5,14.0,434694,0.0,0.0,PARSVNATH.NS,Parsvnath Developers Limited,Real Estate,Real Estate - Development,8037194752,,0.017,,26.19,11.15
2021-06-10 00:00:00+05:30,14.699999809265137,14.699999809265137,13.5,14.699999809265137,365740,0.0,0.0,PARSVNATH.NS,Parsvnath Developers Limited,Real Estate,Real Estate - Development,8037194752,,0.017,,26.19,11.15
2021-06-11 00:00:00+05:30,15.399999618530273,15.399999618530273,14.0,14.899999618530273,807200,0.0,0.0,PARSVNATH.NS,Parsvnath Developers Limited,Real Estate,Real Estate - Development,8037194752,,0.017,,26.19,11.15
2021-06-14 00:00:00+05:30,14.75,15.550000190734863,14.199999809265137,14.600000381469727,508168,0.0,0.0,PARSVNATH.NS,Parsvnath Developers Limited,Real Estate,Real Estate - Development,8037194752,,0.017,,26.19,11.15
2021-06-15 00:00:00+05:30,14.649999618530273,15.25,13.899999618530273,14.800000190734863,694154,0.0,0.0,PARSVNATH.NS,Parsvnath Developers Limited,Real Estate,Real Estate - Development,8037194752,,0.017,,26.19,11.15
2021-06-16 00:00:00+05:30,15.399999618530273,15.449999809265137,14.5,15.149999618530273,866759,0.0,0.0,PARSVNATH.NS,Parsvnath Developers Limited,Real Estate,Real Estate - Development,8037194752,,0.017,,26.19,11.15
2021-06-17 00:00:00+05:30,15.149999618530273,15.850000381469727,15.0,15.800000190734863,1158160,0.0,0.0,PARSVNATH.NS,Parsvnath Developers Limited,Real Estate,Real Estate - Development,8037194752,,0.017,,26.19,11.15
2021-06-18 00:00:00+05:30,16.100000381469727,16.299999237060547,15.050000190734863,15.100000381469727,834744,0.0,0.0,PARSVNATH.NS,Parsvnath Developers Limited,Real Estate,Real Estate - Development,8037194752,,0.017,,26.19,11.15
2021-06-21 00:00:00+05:30,14.399999618530273,15.600000381469727,14.350000381469727,15.449999809265137,604632,0.0,0.0,PARSVNATH.NS,Parsvnath Developers Limited,Real Estate,Real Estate - Development,8037194752,,0.017,,26.19,11.15
2021-06-22 00:00:00+05:30,15.850000381469727,16.100000381469727,15.300000190734863,15.600000381469727,689517,0.0,0.0,PARSVNATH.NS,Parsvnath Developers Limited,Real Estate,Real Estate - Development,8037194752,,0.017,,26.19,11.15
2021-06-23 00:00:00+05:30,16.149999618530273,16.25,15.100000381469727,16.049999237060547,862967,0.0,0.0,PARSVNATH.NS,Parsvnath Developers Limited,Real Estate,Real Estate - Development,8037194752,,0.017,,26.19,11.15
2021-06-24 00:00:00+05:30,16.399999618530273,16.75,15.800000190734863,16.649999618530273,721141,0.0,0.0,PARSVNATH.NS,Parsvnath Developers Limited,Real Estate,Real Estate - Development,8037194752,,0.017,,26.19,11.15
2021-06-25 00:00:00+05:30,16.899999618530273,17.200000762939453,15.850000381469727,15.850000381469727,937875,0.0,0.0,PARSVNATH.NS,Parsvnath Developers Limited,Real Estate,Real Estate - Development,8037194752,,0.017,,26.19,11.15
2021-06-28 00:00:00+05:30,15.699999809265137,16.450000762939453,15.100000381469727,15.75,2036623,0.0,0.0,PARSVNATH.NS,Parsvnath Developers Limited,Real Estate,Real Estate - Development,8037194752,,0.017,,26.19,11.15
2021-06-29 00:00:00+05:30,16.0,16.0,15.0,15.0,1449947,0.0,0.0,PARSVNATH.NS,Parsvnath Developers Limited,Real Estate,Real Estate - Development,8037194752,,0.017,,26.19,11.15
2021-06-30 00:00:00+05:30,14.25,15.350000381469727,14.25,14.25,1325396,0.0,0.0,PARSVNATH.NS,Parsvnath Developers Limited,Real Estate,Real Estate - Development,8037194752,,0.017,,26.19,11.15
2021-07-01 00:00:00+05:30,13.649999618530273,13.850000381469727,13.550000190734863,13.550000190734863,1169644,0.0,0.0,PARSVNATH.NS,Parsvnath Developers Limited,Real Estate,Real Estate - Development,8037194752,,0.017,,26.19,11.15
2021-07-02 00:00:00+05:30,12.899999618530273,13.0,12.899999618530273,12.899999618530273,827039,0.0,0.0,PARSVNATH.NS,Parsvnath Developers Limited,Real Estate,Real Estate - Development,8037194752,,0.017,,26.19,11.15
2021-07-05 00:00:00+05:30,12.550000190734863,13.449999809265137,12.300000190734863,12.899999618530273,2125182,0.0,0.0,PARSVNATH.NS,Parsvnath Developers Limited,Real Estate,Real Estate - Development,8037194752,,0.017,,26.19,11.15
2021-07-06 00:00:00+05:30,13.300000190734863,13.300000190734863,12.300000190734863,12.5,1284600,0.0,0.0,PARSVNATH.NS,Parsvnath Developers Limited,Real Estate,Real Estate - Development,8037194752,,0.017,,26.19,11.15
2021-07-07 00:00:00+05:30,12.0,12.5,12.0,12.149999618530273,962769,0.0,0.0,PARSVNATH.NS,Parsvnath Developers Limited,Real Estate,Real Estate - Development,8037194752,,0.017,,26.19,11.15
2021-07-08 00:00:00+05:30,12.199999809265137,12.199999809265137,11.550000190734863,11.600000381469727,722485,0.0,0.0,PARSVNATH.NS,Parsvnath Developers Limited,Real Estate,Real Estate - Development,8037194752,,0.017,,26.19,11.15
2021-07-09 00:00:00+05:30,11.800000190734863,12.149999618530273,11.050000190734863,12.149999618530273,2348040,0.0,0.0,PARSVNATH.NS,Parsvnath Developers Limited,Real Estate,Real Estate - Development,8037194752,,0.017,,26.19,11.15
2021-07-12 00:00:00+05:30,12.699999809265137,12.75,12.25,12.75,2275943,0.0,0.0,PARSVNATH.NS,Parsvnath Developers Limited,Real Estate,Real Estate - Development,8037194752,,0.017,,26.19,11.15
2021-07-13 00:00:00+05:30,12.75,13.350000381469727,12.75,13.350000381469727,6562503,0.0,0.0,PARSVNATH.NS,Parsvnath Developers Limited,Real Estate,Real Estate - Development,8037194752,,0.017,,26.19,11.15
2021-07-14 00:00:00+05:30,14.0,14.0,13.800000190734863,14.0,540549,0.0,0.0,PARSVNATH.NS,Parsvnath Developers Limited,Real Estate,Real Estate - Development,8037194752,,0.017,,26.19,11.15
2021-07-15 00:00:00+05:30,14.699999809265137,14.699999809265137,14.199999809265137,14.699999809265137,1325613,0.0,0.0,PARSVNATH.NS,Parsvnath Developers Limited,Real Estate,Real Estate - Development,8037194752,,0.017,,26.19,11.15
2021-07-16 00:00:00+05:30,15.399999618530273,15.399999618530273,14.5,15.399999618530273,1902121,0.0,0.0,PARSVNATH.NS,Parsvnath Developers Limited,Real Estate,Real Estate - Development,8037194752,,0.017,,26.19,11.15
2021-07-19 00:00:00+05:30,15.699999809265137,16.149999618530273,15.699999809265137,16.149999618530273,746588,0.0,0.0,PARSVNATH.NS,Parsvnath Developers Limited,Real Estate,Real Estate - Development,8037194752,,0.017,,26.19,11.15
2021-07-20 00:00:00+05:30,16.950000762939453,16.950000762939453,15.550000190734863,16.950000762939453,1893919,0.0,0.0,PARSVNATH.NS,Parsvnath Developers Limited,Real Estate,Real Estate - Development,8037194752,,0.017,,26.19,11.15
2021-07-22 00:00:00+05:30,17.75,17.75,17.299999237060547,17.75,524570,0.0,0.0,PARSVNATH.NS,Parsvnath Developers Limited,Real Estate,Real Estate - Development,8037194752,,0.017,,26.19,11.15
2021-07-23 00:00:00+05:30,18.600000381469727,18.600000381469727,18.600000381469727,18.600000381469727,203258,0.0,0.0,PARSVNATH.NS,Parsvnath Developers Limited,Real Estate,Real Estate - Development,8037194752,,0.017,,26.19,11.15
2021-07-26 00:00:00+05:30,19.5,19.5,17.700000762939453,18.0,4752618,0.0,0.0,PARSVNATH.NS,Parsvnath Developers Limited,Real Estate,Real Estate - Development,8037194752,,0.017,,26.19,11.15
2021-07-27 00:00:00+05:30,18.299999237060547,18.799999237060547,17.100000381469727,17.100000381469727,2314785,0.0,0.0,PARSVNATH.NS,Parsvnath Developers Limited,Real Estate,Real Estate - Development,8037194752,,0.017,,26.19,11.15
2021-07-28 00:00:00+05:30,17.049999237060547,17.049999237060547,16.25,16.25,558146,0.0,0.0,PARSVNATH.NS,Parsvnath Developers Limited,Real Estate,Real Estate - Development,8037194752,,0.017,,26.19,11.15
2021-07-29 00:00:00+05:30,15.550000190734863,16.299999237060547,15.449999809265137,15.600000381469727,4442405,0.0,0.0,PARSVNATH.NS,Parsvnath Developers Limited,Real Estate,Real Estate - Development,8037194752,,0.017,,26.19,11.15
2021-07-30 00:00:00+05:30,16.200000762939453,16.200000762939453,15.649999618530273,15.850000381469727,862486,0.0,0.0,PARSVNATH.NS,Parsvnath Developers Limited,Real Estate,Real Estate - Development,8037194752,,0.017,,26.19,11.15
2021-08-02 00:00:00+05:30,16.200000762939453,16.299999237060547,15.699999809265137,15.850000381469727,741381,0.0,0.0,PARSVNATH.NS,Parsvnath Developers Limited,Real Estate,Real Estate - Development,8037194752,,0.017,,26.19,11.15
2021-08-03 00:00:00+05:30,15.649999618530273,15.949999809265137,15.100000381469727,15.100000381469727,716958,0.0,0.0,PARSVNATH.NS,Parsvnath Developers Limited,Real Estate,Real Estate - Development,8037194752,,0.017,,26.19,11.15
2021-08-04 00:00:00+05:30,14.800000190734863,15.850000381469727,14.800000190734863,15.850000381469727,866143,0.0,0.0,PARSVNATH.NS,Parsvnath Developers Limited,Real Estate,Real Estate - Development,8037194752,,0.017,,26.19,11.15
2021-08-05 00:00:00+05:30,16.399999618530273,16.399999618530273,15.100000381469727,15.949999809265137,1012920,0.0,0.0,PARSVNATH.NS,Parsvnath Developers Limited,Real Estate,Real Estate - Development,8037194752,,0.017,,26.19,11.15
2021-08-06 00:00:00+05:30,16.25,16.5,15.5,16.200000762939453,567836,0.0,0.0,PARSVNATH.NS,Parsvnath Developers Limited,Real Estate,Real Estate - Development,8037194752,,0.017,,26.19,11.15
2021-08-09 00:00:00+05:30,16.700000762939453,16.700000762939453,15.399999618530273,15.850000381469727,877904,0.0,0.0,PARSVNATH.NS,Parsvnath Developers Limited,Real Estate,Real Estate - Development,8037194752,,0.017,,26.19,11.15
2021-08-10 00:00:00+05:30,15.550000190734863,16.0,15.100000381469727,15.100000381469727,308954,0.0,0.0,PARSVNATH.NS,Parsvnath Developers Limited,Real Estate,Real Estate - Development,8037194752,,0.017,,26.19,11.15
2021-08-11 00:00:00+05:30,14.550000190734863,14.899999618530273,14.350000381469727,14.350000381469727,563890,0.0,0.0,PARSVNATH.NS,Parsvnath Developers Limited,Real Estate,Real Estate - Development,8037194752,,0.017,,26.19,11.15
2021-08-12 00:00:00+05:30,14.050000190734863,15.050000190734863,13.850000381469727,15.050000190734863,412357,0.0,0.0,PARSVNATH.NS,Parsvnath Developers Limited,Real Estate,Real Estate - Development,8037194752,,0.017,,26.19,11.15
2021-08-13 00:00:00+05:30,15.050000190734863,15.350000381469727,14.399999618530273,14.5,223918,0.0,0.0,PARSVNATH.NS,Parsvnath Developers Limited,Real Estate,Real Estate - Development,8037194752,,0.017,,26.19,11.15
2021-08-16 00:00:00+05:30,14.5,14.600000381469727,13.800000190734863,13.850000381469727,237742,0.0,0.0,PARSVNATH.NS,Parsvnath Developers Limited,Real Estate,Real Estate - Development,8037194752,,0.017,,26.19,11.15
2021-08-17 00:00:00+05:30,13.699999809265137,14.5,13.5,13.850000381469727,305114,0.0,0.0,PARSVNATH.NS,Parsvnath Developers Limited,Real Estate,Real Estate - Development,8037194752,,0.017,,26.19,11.15
2021-08-18 00:00:00+05:30,13.850000381469727,14.199999809265137,13.199999809265137,13.75,368571,0.0,0.0,PARSVNATH.NS,Parsvnath Developers Limited,Real Estate,Real Estate - Development,8037194752,,0.017,,26.19,11.15
2021-08-20 00:00:00+05:30,13.550000190734863,13.550000190734863,13.100000381469727,13.100000381469727,275786,0.0,0.0,PARSVNATH.NS,Parsvnath Developers Limited,Real Estate,Real Estate - Development,8037194752,,0.017,,26.19,11.15
2021-08-23 00:00:00+05:30,12.949999809265137,13.199999809265137,12.449999809265137,12.449999809265137,99936,0.0,0.0,PARSVNATH.NS,Parsvnath Developers Limited,Real Estate,Real Estate - Development,8037194752,,0.017,,26.19,11.15
2021-08-24 00:00:00+05:30,12.149999618530273,12.850000381469727,11.850000381469727,12.649999618530273,414561,0.0,0.0,PARSVNATH.NS,Parsvnath Developers Limited,Real Estate,Real Estate - Development,8037194752,,0.017,,26.19,11.15
2021-08-25 00:00:00+05:30,12.800000190734863,13.199999809265137,12.300000190734863,12.699999809265137,127231,0.0,0.0,PARSVNATH.NS,Parsvnath Developers Limited,Real Estate,Real Estate - Development,8037194752,,0.017,,26.19,11.15
2021-08-26 00:00:00+05:30,12.449999809265137,13.0,12.100000381469727,12.100000381469727,237361,0.0,0.0,PARSVNATH.NS,Parsvnath Developers Limited,Real Estate,Real Estate - Development,8037194752,,0.017,,26.19,11.15
2021-08-27 00:00:00+05:30,11.699999809265137,12.699999809265137,11.600000381469727,12.649999618530273,332794,0.0,0.0,PARSVNATH.NS,Parsvnath Developers Limited,Real Estate,Real Estate - Development,8037194752,,0.017,,26.19,11.15
2021-08-30 00:00:00+05:30,12.649999618530273,13.199999809265137,12.649999618530273,13.050000190734863,416561,0.0,0.0,PARSVNATH.NS,Parsvnath Developers Limited,Real Estate,Real Estate - Development,8037194752,,0.017,,26.19,11.15
2021-08-31 00:00:00+05:30,13.399999618530273,13.5,12.600000381469727,13.100000381469727,302996,0.0,0.0,PARSVNATH.NS,Parsvnath Developers Limited,Real Estate,Real Estate - Development,8037194752,,0.017,,26.19,11.15
2021-09-01 00:00:00+05:30,13.449999809265137,13.75,13.149999618530273,13.75,344591,0.0,0.0,PARSVNATH.NS,Parsvnath Developers Limited,Real Estate,Real Estate - Development,8037194752,,0.017,,26.19,11.15
2021-09-02 00:00:00+05:30,14.300000190734863,14.399999618530273,14.050000190734863,14.399999618530273,177340,0.0,0.0,PARSVNATH.NS,Parsvnath Developers Limited,Real Estate,Real Estate - Development,8037194752,,0.017,,26.19,11.15
2021-09-03 00:00:00+05:30,14.800000190734863,15.100000381469727,14.0,14.850000381469727,716816,0.0,0.0,PARSVNATH.NS,Parsvnath Developers Limited,Real Estate,Real Estate - Development,8037194752,,0.017,,26.19,11.15
2021-09-06 00:00:00+05:30,15.100000381469727,15.449999809265137,14.550000190734863,14.899999618530273,481855,0.0,0.0,PARSVNATH.NS,Parsvnath Developers Limited,Real Estate,Real Estate - Development,8037194752,,0.017,,26.19,11.15
2021-09-07 00:00:00+05:30,14.899999618530273,15.5,14.300000190734863,15.050000190734863,594942,0.0,0.0,PARSVNATH.NS,Parsvnath Developers Limited,Real Estate,Real Estate - Development,8037194752,,0.017,,26.19,11.15
2021-09-08 00:00:00+05:30,15.0,15.800000190734863,14.800000190734863,15.800000190734863,718588,0.0,0.0,PARSVNATH.NS,Parsvnath Developers Limited,Real Estate,Real Estate - Development,8037194752,,0.017,,26.19,11.15
2021-09-09 00:00:00+05:30,16.0,16.549999237060547,15.800000190734863,16.100000381469727,977234,0.0,0.0,PARSVNATH.NS,Parsvnath Developers Limited,Real Estate,Real Estate - Development,8037194752,,0.017,,26.19,11.15
2021-09-13 00:00:00+05:30,16.700000762939453,16.899999618530273,16.450000762939453,16.899999618530273,1179997,0.0,0.0,PARSVNATH.NS,Parsvnath Developers Limited,Real Estate,Real Estate - Development,8037194752,,0.017,,26.19,11.15
2021-09-14 00:00:00+05:30,17.100000381469727,17.700000762939453,16.649999618530273,17.0,1732112,0.0,0.0,PARSVNATH.NS,Parsvnath Developers Limited,Real Estate,Real Estate - Development,8037194752,,0.017,,26.19,11.15
2021-09-15 00:00:00+05:30,17.25,17.649999618530273,16.200000762939453,17.299999237060547,1268527,0.0,0.0,PARSVNATH.NS,Parsvnath Developers Limited,Real Estate,Real Estate - Development,8037194752,,0.017,,26.19,11.15
2021-09-16 00:00:00+05:30,17.049999237060547,18.100000381469727,16.899999618530273,17.649999618530273,1210481,0.0,0.0,PARSVNATH.NS,Parsvnath Developers Limited,Real Estate,Real Estate - Development,8037194752,,0.017,,26.19,11.15
2021-09-17 00:00:00+05:30,17.899999618530273,18.049999237060547,16.799999237060547,16.799999237060547,1315516,0.0,0.0,PARSVNATH.NS,Parsvnath Developers Limited,Real Estate,Real Estate - Development,8037194752,,0.017,,26.19,11.15
2021-09-20 00:00:00+05:30,16.950000762939453,17.100000381469727,16.0,16.0,1086650,0.0,0.0,PARSVNATH.NS,Parsvnath Developers Limited,Real Estate,Real Estate - Development,8037194752,,0.017,,26.19,11.15
2021-09-21 00:00:00+05:30,15.5,15.75,15.199999809265137,15.399999618530273,776428,0.0,0.0,PARSVNATH.NS,Parsvnath Developers Limited,Real Estate,Real Estate - Development,8037194752,,0.017,,26.19,11.15
2021-09-22 00:00:00+05:30,15.100000381469727,16.100000381469727,15.100000381469727,15.75,492218,0.0,0.0,PARSVNATH.NS,Parsvnath Developers Limited,Real Estate,Real Estate - Development,8037194752,,0.017,,26.19,11.15
2021-09-23 00:00:00+05:30,15.899999618530273,16.350000381469727,15.350000381469727,15.75,493740,0.0,0.0,PARSVNATH.NS,Parsvnath Developers Limited,Real Estate,Real Estate - Development,8037194752,,0.017,,26.19,11.15
2021-09-24 00:00:00+05:30,15.75,16.299999237060547,15.0,15.0,691307,0.0,0.0,PARSVNATH.NS,Parsvnath Developers Limited,Real Estate,Real Estate - Development,8037194752,,0.017,,26.19,11.15
2021-09-27 00:00:00+05:30,14.75,15.550000190734863,14.550000190734863,14.850000381469727,546757,0.0,0.0,PARSVNATH.NS,Parsvnath Developers Limited,Real Estate,Real Estate - Development,8037194752,,0.017,,26.19,11.15
2021-09-28 00:00:00+05:30,15.0,15.25,14.600000381469727,15.050000190734863,423098,0.0,0.0,PARSVNATH.NS,Parsvnath Developers Limited,Real Estate,Real Estate - Development,8037194752,,0.017,,26.19,11.15
2021-09-29 00:00:00+05:30,15.25,15.25,14.649999618530273,14.800000190734863,212172,0.0,0.0,PARSVNATH.NS,Parsvnath Developers Limited,Real Estate,Real Estate - Development,8037194752,,0.017,,26.19,11.15
2021-09-30 00:00:00+05:30,15.100000381469727,15.100000381469727,14.699999809265137,15.0,263673,0.0,0.0,PARSVNATH.NS,Parsvnath Developers Limited,Real Estate,Real Estate - Development,8037194752,,0.017,,26.19,11.15
2021-10-01 00:00:00+05:30,15.100000381469727,15.100000381469727,14.550000190734863,14.75,236866,0.0,0.0,PARSVNATH.NS,Parsvnath Developers Limited,Real Estate,Real Estate - Development,8037194752,,0.017,,26.19,11.15
2021-10-04 00:00:00+05:30,15.100000381469727,15.399999618530273,14.800000190734863,15.100000381469727,490392,0.0,0.0,PARSVNATH.NS,Parsvnath Developers Limited,Real Estate,Real Estate - Development,8037194752,,0.017,,26.19,11.15
2021-10-05 00:00:00+05:30,15.199999809265137,15.25,14.699999809265137,15.050000190734863,477566,0.0,0.0,PARSVNATH.NS,Parsvnath Developers Limited,Real Estate,Real Estate - Development,8037194752,,0.017,,26.19,11.15
2021-10-06 00:00:00+05:30,15.199999809265137,15.199999809265137,14.600000381469727,14.649999618530273,298830,0.0,0.0,PARSVNATH.NS,Parsvnath Developers Limited,Real Estate,Real Estate - Development,8037194752,,0.017,,26.19,11.15
2021-10-07 00:00:00+05:30,14.899999618530273,16.0,14.699999809265137,15.449999809265137,515758,0.0,0.0,PARSVNATH.NS,Parsvnath Developers Limited,Real Estate,Real Estate - Development,8037194752,,0.017,,26.19,11.15
2021-10-08 00:00:00+05:30,15.600000381469727,16.200000762939453,15.5,15.75,679992,0.0,0.0,PARSVNATH.NS,Parsvnath Developers Limited,Real Estate,Real Estate - Development,8037194752,,0.017,,26.19,11.15
2021-10-11 00:00:00+05:30,15.949999809265137,16.25,15.75,16.149999618530273,412274,0.0,0.0,PARSVNATH.NS,Parsvnath Developers Limited,Real Estate,Real Estate - Development,8037194752,,0.017,,26.19,11.15
2021-10-12 00:00:00+05:30,16.350000381469727,17.450000762939453,16.0,16.700000762939453,738763,0.0,0.0,PARSVNATH.NS,Parsvnath Developers Limited,Real Estate,Real Estate - Development,8037194752,,0.017,,26.19,11.15
2021-10-13 00:00:00+05:30,17.0,17.75,16.700000762939453,16.899999618530273,1029329,0.0,0.0,PARSVNATH.NS,Parsvnath Developers Limited,Real Estate,Real Estate - Development,8037194752,,0.017,,26.19,11.15
2021-10-14 00:00:00+05:30,16.899999618530273,17.399999618530273,16.100000381469727,16.350000381469727,453783,0.0,0.0,PARSVNATH.NS,Parsvnath Developers Limited,Real Estate,Real Estate - Development,8037194752,,0.017,,26.19,11.15
2021-10-18 00:00:00+05:30,16.799999237060547,16.799999237060547,15.600000381469727,15.699999809265137,748199,0.0,0.0,PARSVNATH.NS,Parsvnath Developers Limited,Real Estate,Real Estate - Development,8037194752,,0.017,,26.19,11.15
2021-10-19 00:00:00+05:30,15.449999809265137,16.0,14.899999618530273,15.199999809265137,815388,0.0,0.0,PARSVNATH.NS,Parsvnath Developers Limited,Real Estate,Real Estate - Development,8037194752,,0.017,,26.19,11.15
2021-10-20 00:00:00+05:30,15.199999809265137,15.350000381469727,14.350000381469727,14.600000381469727,763693,0.0,0.0,PARSVNATH.NS,Parsvnath Developers Limited,Real Estate,Real Estate - Development,8037194752,,0.017,,26.19,11.15
2021-10-21 00:00:00+05:30,14.800000190734863,15.25,14.699999809265137,15.050000190734863,401466,0.0,0.0,PARSVNATH.NS,Parsvnath Developers Limited,Real Estate,Real Estate - Development,8037194752,,0.017,,26.19,11.15
2021-10-22 00:00:00+05:30,15.0,15.350000381469727,13.75,14.149999618530273,562571,0.0,0.0,PARSVNATH.NS,Parsvnath Developers Limited,Real Estate,Real Estate - Development,8037194752,,0.017,,26.19,11.15
2021-10-25 00:00:00+05:30,14.149999618530273,14.600000381469727,13.949999809265137,14.25,202050,0.0,0.0,PARSVNATH.NS,Parsvnath Developers Limited,Real Estate,Real Estate - Development,8037194752,,0.017,,26.19,11.15
2021-10-26 00:00:00+05:30,14.100000381469727,14.600000381469727,14.100000381469727,14.350000381469727,208025,0.0,0.0,PARSVNATH.NS,Parsvnath Developers Limited,Real Estate,Real Estate - Development,8037194752,,0.017,,26.19,11.15
2021-10-27 00:00:00+05:30,14.399999618530273,14.699999809265137,13.350000381469727,13.800000190734863,655740,0.0,0.0,PARSVNATH.NS,Parsvnath Developers Limited,Real Estate,Real Estate - Development,8037194752,,0.017,,26.19,11.15
2021-10-28 00:00:00+05:30,13.699999809265137,13.949999809265137,13.399999618530273,13.449999809265137,227504,0.0,0.0,PARSVNATH.NS,Parsvnath Developers Limited,Real Estate,Real Estate - Development,8037194752,,0.017,,26.19,11.15
2021-10-29 00:00:00+05:30,13.75,13.75,13.199999809265137,13.5,416955,0.0,0.0,PARSVNATH.NS,Parsvnath Developers Limited,Real Estate,Real Estate - Development,8037194752,,0.017,,26.19,11.15
2021-11-01 00:00:00+05:30,13.5,14.850000381469727,13.5,14.850000381469727,566885,0.0,0.0,PARSVNATH.NS,Parsvnath Developers Limited,Real Estate,Real Estate - Development,8037194752,,0.017,,26.19,11.15
2021-11-02 00:00:00+05:30,15.199999809265137,16.25,14.75,15.800000190734863,1060277,0.0,0.0,PARSVNATH.NS,Parsvnath Developers Limited,Real Estate,Real Estate - Development,8037194752,,0.017,,26.19,11.15
2021-11-03 00:00:00+05:30,16.0,16.700000762939453,15.600000381469727,15.850000381469727,2114724,0.0,0.0,PARSVNATH.NS,Parsvnath Developers Limited,Real Estate,Real Estate - Development,8037194752,,0.017,,26.19,11.15
2021-11-04 00:00:00+05:30,16.5,16.75,16.0,16.299999237060547,295078,0.0,0.0,PARSVNATH.NS,Parsvnath Developers Limited,Real Estate,Real Estate - Development,8037194752,,0.017,,26.19,11.15
2021-11-08 00:00:00+05:30,16.450000762939453,16.700000762939453,15.75,15.850000381469727,310932,0.0,0.0,PARSVNATH.NS,Parsvnath Developers Limited,Real Estate,Real Estate - Development,8037194752,,0.017,,26.19,11.15
2021-11-09 00:00:00+05:30,16.0,16.399999618530273,15.75,16.200000762939453,481187,0.0,0.0,PARSVNATH.NS,Parsvnath Developers Limited,Real Estate,Real Estate - Development,8037194752,,0.017,,26.19,11.15
2021-11-10 00:00:00+05:30,16.350000381469727,17.799999237060547,15.75,17.799999237060547,2790804,0.0,0.0,PARSVNATH.NS,Parsvnath Developers Limited,Real Estate,Real Estate - Development,8037194752,,0.017,,26.19,11.15
2021-11-11 00:00:00+05:30,18.700000762939453,19.549999237060547,17.799999237060547,19.299999237060547,7037296,0.0,0.0,PARSVNATH.NS,Parsvnath Developers Limited,Real Estate,Real Estate - Development,8037194752,,0.017,,26.19,11.15
2021-11-12 00:00:00+05:30,19.649999618530273,20.649999618530273,18.049999237060547,18.399999618530273,3784436,0.0,0.0,PARSVNATH.NS,Parsvnath Developers Limited,Real Estate,Real Estate - Development,8037194752,,0.017,,26.19,11.15
2021-11-15 00:00:00+05:30,18.649999618530273,18.75,16.850000381469727,17.299999237060547,1118440,0.0,0.0,PARSVNATH.NS,Parsvnath Developers Limited,Real Estate,Real Estate - Development,8037194752,,0.017,,26.19,11.15
2021-11-16 00:00:00+05:30,16.850000381469727,18.850000381469727,16.850000381469727,17.549999237060547,1124924,0.0,0.0,PARSVNATH.NS,Parsvnath Developers Limited,Real Estate,Real Estate - Development,8037194752,,0.017,,26.19,11.15
2021-11-17 00:00:00+05:30,18.0,18.5,17.399999618530273,17.600000381469727,602689,0.0,0.0,PARSVNATH.NS,Parsvnath Developers Limited,Real Estate,Real Estate - Development,8037194752,,0.017,,26.19,11.15
2021-11-18 00:00:00+05:30,17.899999618530273,17.899999618530273,16.649999618530273,16.850000381469727,542196,0.0,0.0,PARSVNATH.NS,Parsvnath Developers Limited,Real Estate,Real Estate - Development,8037194752,,0.017,,26.19,11.15
2021-11-22 00:00:00+05:30,17.0,17.950000762939453,15.649999618530273,15.800000190734863,1187676,0.0,0.0,PARSVNATH.NS,Parsvnath Developers Limited,Real Estate,Real Estate - Development,8037194752,,0.017,,26.19,11.15
2021-11-23 00:00:00+05:30,15.699999809265137,16.899999618530273,15.699999809265137,16.850000381469727,531508,0.0,0.0,PARSVNATH.NS,Parsvnath Developers Limited,Real Estate,Real Estate - Development,8037194752,,0.017,,26.19,11.15
2021-11-24 00:00:00+05:30,17.649999618530273,18.5,17.5,18.5,1923095,0.0,0.0,PARSVNATH.NS,Parsvnath Developers Limited,Real Estate,Real Estate - Development,8037194752,,0.017,,26.19,11.15
2021-11-25 00:00:00+05:30,19.399999618530273,19.700000762939453,18.049999237060547,18.200000762939453,1183760,0.0,0.0,PARSVNATH.NS,Parsvnath Developers Limited,Real Estate,Real Estate - Development,8037194752,,0.017,,26.19,11.15
2021-11-26 00:00:00+05:30,18.049999237060547,18.399999618530273,17.0,17.25,843241,0.0,0.0,PARSVNATH.NS,Parsvnath Developers Limited,Real Estate,Real Estate - Development,8037194752,,0.017,,26.19,11.15
2021-11-29 00:00:00+05:30,16.700000762939453,17.25,15.800000190734863,16.149999618530273,616042,0.0,0.0,PARSVNATH.NS,Parsvnath Developers Limited,Real Estate,Real Estate - Development,8037194752,,0.017,,26.19,11.15
2021-11-30 00:00:00+05:30,16.649999618530273,17.450000762939453,16.149999618530273,16.649999618530273,495169,0.0,0.0,PARSVNATH.NS,Parsvnath Developers Limited,Real Estate,Real Estate - Development,8037194752,,0.017,,26.19,11.15
2021-12-01 00:00:00+05:30,17.0,17.399999618530273,16.25,16.549999237060547,262616,0.0,0.0,PARSVNATH.NS,Parsvnath Developers Limited,Real Estate,Real Estate - Development,8037194752,,0.017,,26.19,11.15
2021-12-02 00:00:00+05:30,17.0,17.0,16.549999237060547,16.649999618530273,192370,0.0,0.0,PARSVNATH.NS,Parsvnath Developers Limited,Real Estate,Real Estate - Development,8037194752,,0.017,,26.19,11.15
2021-12-03 00:00:00+05:30,16.899999618530273,18.299999237060547,16.649999618530273,18.299999237060547,1747749,0.0,0.0,PARSVNATH.NS,Parsvnath Developers Limited,Real Estate,Real Estate - Development,8037194752,,0.017,,26.19,11.15
2021-12-06 00:00:00+05:30,19.0,20.100000381469727,18.0,20.100000381469727,2843292,0.0,0.0,PARSVNATH.NS,Parsvnath Developers Limited,Real Estate,Real Estate - Development,8037194752,,0.017,,26.19,11.15
2021-12-07 00:00:00+05:30,21.0,24.100000381469727,20.600000381469727,21.600000381469727,8334910,0.0,0.0,PARSVNATH.NS,Parsvnath Developers Limited,Real Estate,Real Estate - Development,8037194752,,0.017,,26.19,11.15
2021-12-08 00:00:00+05:30,21.600000381469727,22.600000381469727,20.399999618530273,21.799999237060547,4002279,0.0,0.0,PARSVNATH.NS,Parsvnath Developers Limited,Real Estate,Real Estate - Development,8037194752,,0.017,,26.19,11.15
2021-12-09 00:00:00+05:30,22.299999237060547,22.399999618530273,21.600000381469727,21.850000381469727,1444665,0.0,0.0,PARSVNATH.NS,Parsvnath Developers Limited,Real Estate,Real Estate - Development,8037194752,,0.017,,26.19,11.15
2021-12-10 00:00:00+05:30,22.350000381469727,23.649999618530273,21.100000381469727,22.200000762939453,4165897,0.0,0.0,PARSVNATH.NS,Parsvnath Developers Limited,Real Estate,Real Estate - Development,8037194752,,0.017,,26.19,11.15
2021-12-13 00:00:00+05:30,23.299999237060547,24.799999237060547,22.700000762939453,24.350000381469727,4529114,0.0,0.0,PARSVNATH.NS,Parsvnath Developers Limited,Real Estate,Real Estate - Development,8037194752,,0.017,,26.19,11.15
2021-12-14 00:00:00+05:30,24.899999618530273,26.700000762939453,23.799999237060547,25.600000381469727,5857097,0.0,0.0,PARSVNATH.NS,Parsvnath Developers Limited,Real Estate,Real Estate - Development,8037194752,,0.017,,26.19,11.15
2021-12-15 00:00:00+05:30,26.0,26.200000762939453,24.5,24.950000762939453,2063489,0.0,0.0,PARSVNATH.NS,Parsvnath Developers Limited,Real Estate,Real Estate - Development,8037194752,,0.017,,26.19,11.15
2021-12-16 00:00:00+05:30,25.450000762939453,25.649999618530273,21.700000762939453,23.850000381469727,1833454,0.0,0.0,PARSVNATH.NS,Parsvnath Developers Limited,Real Estate,Real Estate - Development,8037194752,,0.017,,26.19,11.15
2021-12-17 00:00:00+05:30,24.25,24.5,22.100000381469727,22.75,1176222,0.0,0.0,PARSVNATH.NS,Parsvnath Developers Limited,Real Estate,Real Estate - Development,8037194752,,0.017,,26.19,11.15
2021-12-20 00:00:00+05:30,22.5,22.5,20.700000762939453,20.950000762939453,1740450,0.0,0.0,PARSVNATH.NS,Parsvnath Developers Limited,Real Estate,Real Estate - Development,8037194752,,0.017,,26.19,11.15
2021-12-21 00:00:00+05:30,21.100000381469727,22.200000762939453,21.100000381469727,21.450000762939453,670010,0.0,0.0,PARSVNATH.NS,Parsvnath Developers Limited,Real Estate,Real Estate - Development,8037194752,,0.017,,26.19,11.15
2021-12-22 00:00:00+05:30,21.700000762939453,22.450000762939453,20.850000381469727,21.899999618530273,1088500,0.0,0.0,PARSVNATH.NS,Parsvnath Developers Limited,Real Estate,Real Estate - Development,8037194752,,0.017,,26.19,11.15
2021-12-23 00:00:00+05:30,22.450000762939453,22.899999618530273,21.799999237060547,22.100000381469727,712592,0.0,0.0,PARSVNATH.NS,Parsvnath Developers Limited,Real Estate,Real Estate - Development,8037194752,,0.017,,26.19,11.15
2021-12-24 00:00:00+05:30,21.899999618530273,22.450000762939453,21.25,21.75,561617,0.0,0.0,PARSVNATH.NS,Parsvnath Developers Limited,Real Estate,Real Estate - Development,8037194752,,0.017,,26.19,11.15
2021-12-27 00:00:00+05:30,22.0,26.100000381469727,21.75,26.0,8827177,0.0,0.0,PARSVNATH.NS,Parsvnath Developers Limited,Real Estate,Real Estate - Development,8037194752,,0.017,,26.19,11.15
2021-12-28 00:00:00+05:30,26.0,27.149999618530273,24.75,25.25,3898976,0.0,0.0,PARSVNATH.NS,Parsvnath Developers Limited,Real Estate,Real Estate - Development,8037194752,,0.017,,26.19,11.15
2021-12-29 00:00:00+05:30,25.649999618530273,26.200000762939453,24.549999237060547,24.700000762939453,1908057,0.0,0.0,PARSVNATH.NS,Parsvnath Developers Limited,Real Estate,Real Estate - Development,8037194752,,0.017,,26.19,11.15
2021-12-30 00:00:00+05:30,24.799999237060547,25.549999237060547,24.549999237060547,25.049999237060547,1196173,0.0,0.0,PARSVNATH.NS,Parsvnath Developers Limited,Real Estate,Real Estate - Development,8037194752,,0.017,,26.19,11.15
2021-12-31 00:00:00+05:30,24.600000381469727,25.25,20.049999237060547,23.200000762939453,3476842,0.0,0.0,PARSVNATH.NS,Parsvnath Developers Limited,Real Estate,Real Estate - Development,8037194752,,0.017,,26.19,11.15
2022-01-03 00:00:00+05:30,24.0,24.0,23.149999618530273,23.399999618530273,2158065,0.0,0.0,PARSVNATH.NS,Parsvnath Developers Limited,Real Estate,Real Estate - Development,8037194752,,0.017,,26.19,11.15
2022-01-04 00:00:00+05:30,24.0,24.0,22.25,22.25,898204,0.0,0.0,PARSVNATH.NS,Parsvnath Developers Limited,Real Estate,Real Estate - Development,8037194752,,0.017,,26.19,11.15
2022-01-05 00:00:00+05:30,22.450000762939453,23.350000381469727,21.700000762939453,22.700000762939453,740793,0.0,0.0,PARSVNATH.NS,Parsvnath Developers Limited,Real Estate,Real Estate - Development,8037194752,,0.017,,26.19,11.15
2022-01-06 00:00:00+05:30,22.700000762939453,23.0,21.700000762939453,22.5,966150,0.0,0.0,PARSVNATH.NS,Parsvnath Developers Limited,Real Estate,Real Estate - Development,8037194752,,0.017,,26.19,11.15
2022-01-07 00:00:00+05:30,22.5,23.0,22.100000381469727,22.200000762939453,698251,0.0,0.0,PARSVNATH.NS,Parsvnath Developers Limited,Real Estate,Real Estate - Development,8037194752,,0.017,,26.19,11.15
2022-01-10 00:00:00+05:30,21.299999237060547,23.0,21.299999237060547,21.649999618530273,771337,0.0,0.0,PARSVNATH.NS,Parsvnath Developers Limited,Real Estate,Real Estate - Development,8037194752,,0.017,,26.19,11.15
2022-01-11 00:00:00+05:30,21.950000762939453,22.350000381469727,21.350000381469727,21.899999618530273,614230,0.0,0.0,PARSVNATH.NS,Parsvnath Developers Limited,Real Estate,Real Estate - Development,8037194752,,0.017,,26.19,11.15
2022-01-12 00:00:00+05:30,22.299999237060547,22.299999237060547,21.200000762939453,21.350000381469727,540044,0.0,0.0,PARSVNATH.NS,Parsvnath Developers Limited,Real Estate,Real Estate - Development,8037194752,,0.017,,26.19,11.15
2022-01-13 00:00:00+05:30,21.75,21.75,20.549999237060547,21.049999237060547,556601,0.0,0.0,PARSVNATH.NS,Parsvnath Developers Limited,Real Estate,Real Estate - Development,8037194752,,0.017,,26.19,11.15
2022-01-14 00:00:00+05:30,21.0,22.100000381469727,21.0,22.100000381469727,675697,0.0,0.0,PARSVNATH.NS,Parsvnath Developers Limited,Real Estate,Real Estate - Development,8037194752,,0.017,,26.19,11.15
2022-01-17 00:00:00+05:30,23.200000762939453,23.200000762939453,22.149999618530273,22.5,901352,0.0,0.0,PARSVNATH.NS,Parsvnath Developers Limited,Real Estate,Real Estate - Development,8037194752,,0.017,,26.19,11.15
2022-01-18 00:00:00+05:30,22.950000762939453,23.100000381469727,21.399999618530273,21.600000381469727,860063,0.0,0.0,PARSVNATH.NS,Parsvnath Developers Limited,Real Estate,Real Estate - Development,8037194752,,0.017,,26.19,11.15
2022-01-19 00:00:00+05:30,21.5,21.850000381469727,20.549999237060547,21.049999237060547,607182,0.0,0.0,PARSVNATH.NS,Parsvnath Developers Limited,Real Estate,Real Estate - Development,8037194752,,0.017,,26.19,11.15
2022-01-20 00:00:00+05:30,20.450000762939453,21.200000762939453,20.25,21.100000381469727,278727,0.0,0.0,PARSVNATH.NS,Parsvnath Developers Limited,Real Estate,Real Estate - Development,8037194752,,0.017,,26.19,11.15
2022-01-21 00:00:00+05:30,20.649999618530273,21.450000762939453,20.049999237060547,20.149999618530273,492627,0.0,0.0,PARSVNATH.NS,Parsvnath Developers Limited,Real Estate,Real Estate - Development,8037194752,,0.017,,26.19,11.15
2022-01-24 00:00:00+05:30,20.0,20.600000381469727,19.149999618530273,19.450000762939453,416073,0.0,0.0,PARSVNATH.NS,Parsvnath Developers Limited,Real Estate,Real Estate - Development,8037194752,,0.017,,26.19,11.15
2022-01-25 00:00:00+05:30,18.850000381469727,20.0,18.5,19.899999618530273,617737,0.0,0.0,PARSVNATH.NS,Parsvnath Developers Limited,Real Estate,Real Estate - Development,8037194752,,0.017,,26.19,11.15
2022-01-27 00:00:00+05:30,19.799999237060547,20.850000381469727,18.950000762939453,20.5,725187,0.0,0.0,PARSVNATH.NS,Parsvnath Developers Limited,Real Estate,Real Estate - Development,8037194752,,0.017,,26.19,11.15
2022-01-28 00:00:00+05:30,20.100000381469727,20.450000762939453,20.0,20.049999237060547,360325,0.0,0.0,PARSVNATH.NS,Parsvnath Developers Limited,Real Estate,Real Estate - Development,8037194752,,0.017,,26.19,11.15
2022-01-31 00:00:00+05:30,20.399999618530273,20.399999618530273,19.100000381469727,19.299999237060547,317832,0.0,0.0,PARSVNATH.NS,Parsvnath Developers Limited,Real Estate,Real Estate - Development,8037194752,,0.017,,26.19,11.15
2022-02-01 00:00:00+05:30,19.350000381469727,19.899999618530273,19.200000762939453,19.600000381469727,166783,0.0,0.0,PARSVNATH.NS,Parsvnath Developers Limited,Real Estate,Real Estate - Development,8037194752,,0.017,,26.19,11.15
2022-02-02 00:00:00+05:30,20.299999237060547,20.5,19.549999237060547,19.75,458911,0.0,0.0,PARSVNATH.NS,Parsvnath Developers Limited,Real Estate,Real Estate - Development,8037194752,,0.017,,26.19,11.15
2022-02-03 00:00:00+05:30,20.149999618530273,20.149999618530273,19.200000762939453,19.549999237060547,207562,0.0,0.0,PARSVNATH.NS,Parsvnath Developers Limited,Real Estate,Real Estate - Development,8037194752,,0.017,,26.19,11.15
2022-02-04 00:00:00+05:30,19.25,19.850000381469727,18.75,19.100000381469727,199306,0.0,0.0,PARSVNATH.NS,Parsvnath Developers Limited,Real Estate,Real Estate - Development,8037194752,,0.017,,26.19,11.15
2022-02-07 00:00:00+05:30,19.100000381469727,19.200000762939453,18.299999237060547,18.399999618530273,335992,0.0,0.0,PARSVNATH.NS,Parsvnath Developers Limited,Real Estate,Real Estate - Development,8037194752,,0.017,,26.19,11.15
2022-02-08 00:00:00+05:30,18.649999618530273,18.75,17.5,18.25,296125,0.0,0.0,PARSVNATH.NS,Parsvnath Developers Limited,Real Estate,Real Estate - Development,8037194752,,0.017,,26.19,11.15
2022-02-09 00:00:00+05:30,17.600000381469727,18.25,17.549999237060547,17.799999237060547,231742,0.0,0.0,PARSVNATH.NS,Parsvnath Developers Limited,Real Estate,Real Estate - Development,8037194752,,0.017,,26.19,11.15
2022-02-10 00:00:00+05:30,17.600000381469727,18.649999618530273,17.5,18.649999618530273,730426,0.0,0.0,PARSVNATH.NS,Parsvnath Developers Limited,Real Estate,Real Estate - Development,8037194752,,0.017,,26.19,11.15
2022-02-11 00:00:00+05:30,19.299999237060547,19.549999237060547,18.399999618530273,19.350000381469727,343681,0.0,0.0,PARSVNATH.NS,Parsvnath Developers Limited,Real Estate,Real Estate - Development,8037194752,,0.017,,26.19,11.15
2022-02-14 00:00:00+05:30,18.600000381469727,18.75,18.399999618530273,18.399999618530273,115226,0.0,0.0,PARSVNATH.NS,Parsvnath Developers Limited,Real Estate,Real Estate - Development,8037194752,,0.017,,26.19,11.15
2022-02-15 00:00:00+05:30,18.299999237060547,18.399999618530273,17.5,17.549999237060547,373799,0.0,0.0,PARSVNATH.NS,Parsvnath Developers Limited,Real Estate,Real Estate - Development,8037194752,,0.017,,26.19,11.15
2022-02-16 00:00:00+05:30,17.549999237060547,18.049999237060547,17.0,17.100000381469727,323412,0.0,0.0,PARSVNATH.NS,Parsvnath Developers Limited,Real Estate,Real Estate - Development,8037194752,,0.017,,26.19,11.15
2022-02-17 00:00:00+05:30,17.5,17.649999618530273,16.75,16.850000381469727,201163,0.0,0.0,PARSVNATH.NS,Parsvnath Developers Limited,Real Estate,Real Estate - Development,8037194752,,0.017,,26.19,11.15
2022-02-18 00:00:00+05:30,17.0,17.149999618530273,16.299999237060547,16.700000762939453,148156,0.0,0.0,PARSVNATH.NS,Parsvnath Developers Limited,Real Estate,Real Estate - Development,8037194752,,0.017,,26.19,11.15
2022-02-21 00:00:00+05:30,16.100000381469727,16.649999618530273,15.899999618530273,15.899999618530273,187053,0.0,0.0,PARSVNATH.NS,Parsvnath Developers Limited,Real Estate,Real Estate - Development,8037194752,,0.017,,26.19,11.15
2022-02-22 00:00:00+05:30,15.149999618530273,15.149999618530273,15.149999618530273,15.149999618530273,109958,0.0,0.0,PARSVNATH.NS,Parsvnath Developers Limited,Real Estate,Real Estate - Development,8037194752,,0.017,,26.19,11.15
2022-02-23 00:00:00+05:30,14.399999618530273,15.75,14.399999618530273,15.050000190734863,299029,0.0,0.0,PARSVNATH.NS,Parsvnath Developers Limited,Real Estate,Real Estate - Development,8037194752,,0.017,,26.19,11.15
2022-02-24 00:00:00+05:30,14.300000190734863,14.699999809265137,14.300000190734863,14.300000190734863,191805,0.0,0.0,PARSVNATH.NS,Parsvnath Developers Limited,Real Estate,Real Estate - Development,8037194752,,0.017,,26.19,11.15
2022-02-25 00:00:00+05:30,14.300000190734863,14.899999618530273,14.300000190734863,14.5,249978,0.0,0.0,PARSVNATH.NS,Parsvnath Developers Limited,Real Estate,Real Estate - Development,8037194752,,0.017,,26.19,11.15
2022-02-28 00:00:00+05:30,14.699999809265137,14.75,13.800000190734863,14.449999809265137,167864,0.0,0.0,PARSVNATH.NS,Parsvnath Developers Limited,Real Estate,Real Estate - Development,8037194752,,0.017,,26.19,11.15
2022-03-02 00:00:00+05:30,14.399999618530273,14.75,14.050000190734863,14.550000190734863,140274,0.0,0.0,PARSVNATH.NS,Parsvnath Developers Limited,Real Estate,Real Estate - Development,8037194752,,0.017,,26.19,11.15
2022-03-03 00:00:00+05:30,14.600000381469727,15.199999809265137,14.600000381469727,15.050000190734863,88964,0.0,0.0,PARSVNATH.NS,Parsvnath Developers Limited,Real Estate,Real Estate - Development,8037194752,,0.017,,26.19,11.15
2022-03-04 00:00:00+05:30,14.300000190734863,15.350000381469727,14.300000190734863,14.800000190734863,194619,0.0,0.0,PARSVNATH.NS,Parsvnath Developers Limited,Real Estate,Real Estate - Development,8037194752,,0.017,,26.19,11.15
2022-03-07 00:00:00+05:30,14.699999809265137,14.699999809265137,14.100000381469727,14.100000381469727,154060,0.0,0.0,PARSVNATH.NS,Parsvnath Developers Limited,Real Estate,Real Estate - Development,8037194752,,0.017,,26.19,11.15
2022-03-08 00:00:00+05:30,14.199999809265137,14.5,13.399999618530273,14.050000190734863,376158,0.0,0.0,PARSVNATH.NS,Parsvnath Developers Limited,Real Estate,Real Estate - Development,8037194752,,0.017,,26.19,11.15
2022-03-09 00:00:00+05:30,14.100000381469727,14.75,13.800000190734863,14.75,162898,0.0,0.0,PARSVNATH.NS,Parsvnath Developers Limited,Real Estate,Real Estate - Development,8037194752,,0.017,,26.19,11.15
2022-03-10 00:00:00+05:30,15.399999618530273,15.449999809265137,15.0,15.449999809265137,131652,0.0,0.0,PARSVNATH.NS,Parsvnath Developers Limited,Real Estate,Real Estate - Development,8037194752,,0.017,,26.19,11.15
2022-03-11 00:00:00+05:30,15.5,16.200000762939453,15.0,16.200000762939453,279153,0.0,0.0,PARSVNATH.NS,Parsvnath Developers Limited,Real Estate,Real Estate - Development,8037194752,,0.017,,26.19,11.15
2022-03-14 00:00:00+05:30,16.5,16.5,15.399999618530273,15.449999809265137,259590,0.0,0.0,PARSVNATH.NS,Parsvnath Developers Limited,Real Estate,Real Estate - Development,8037194752,,0.017,,26.19,11.15
2022-03-15 00:00:00+05:30,15.449999809265137,15.5,14.699999809265137,14.699999809265137,222306,0.0,0.0,PARSVNATH.NS,Parsvnath Developers Limited,Real Estate,Real Estate - Development,8037194752,,0.017,,26.19,11.15
2022-03-16 00:00:00+05:30,15.0,15.199999809265137,14.300000190734863,14.600000381469727,402402,0.0,0.0,PARSVNATH.NS,Parsvnath Developers Limited,Real Estate,Real Estate - Development,8037194752,,0.017,,26.19,11.15
2022-03-17 00:00:00+05:30,14.899999618530273,15.300000190734863,14.300000190734863,15.0,203388,0.0,0.0,PARSVNATH.NS,Parsvnath Developers Limited,Real Estate,Real Estate - Development,8037194752,,0.017,,26.19,11.15
2022-03-21 00:00:00+05:30,15.0,15.5,14.600000381469727,14.75,104321,0.0,0.0,PARSVNATH.NS,Parsvnath Developers Limited,Real Estate,Real Estate - Development,8037194752,,0.017,,26.19,11.15
2022-03-22 00:00:00+05:30,14.5,14.75,14.050000190734863,14.25,280739,0.0,0.0,PARSVNATH.NS,Parsvnath Developers Limited,Real Estate,Real Estate - Development,8037194752,,0.017,,26.19,11.15
2022-03-23 00:00:00+05:30,14.050000190734863,14.649999618530273,14.050000190734863,14.5,179819,0.0,0.0,PARSVNATH.NS,Parsvnath Developers Limited,Real Estate,Real Estate - Development,8037194752,,0.017,,26.19,11.15
2022-03-24 00:00:00+05:30,14.5,14.699999809265137,14.0,14.350000381469727,307879,0.0,0.0,PARSVNATH.NS,Parsvnath Developers Limited,Real Estate,Real Estate - Development,8037194752,,0.017,,26.19,11.15
2022-03-25 00:00:00+05:30,14.399999618530273,15.050000190734863,14.149999618530273,14.949999809265137,399082,0.0,0.0,PARSVNATH.NS,Parsvnath Developers Limited,Real Estate,Real Estate - Development,8037194752,,0.017,,26.19,11.15
2022-03-28 00:00:00+05:30,15.199999809265137,15.199999809265137,14.25,14.600000381469727,1219872,0.0,0.0,PARSVNATH.NS,Parsvnath Developers Limited,Real Estate,Real Estate - Development,8037194752,,0.017,,26.19,11.15
2022-03-29 00:00:00+05:30,14.399999618530273,15.0,14.0,14.050000190734863,492262,0.0,0.0,PARSVNATH.NS,Parsvnath Developers Limited,Real Estate,Real Estate - Development,8037194752,,0.017,,26.19,11.15
2022-03-30 00:00:00+05:30,14.0,14.75,14.0,14.75,270377,0.0,0.0,PARSVNATH.NS,Parsvnath Developers Limited,Real Estate,Real Estate - Development,8037194752,,0.017,,26.19,11.15
2022-03-31 00:00:00+05:30,14.699999809265137,15.449999809265137,14.5,15.0,385277,0.0,0.0,PARSVNATH.NS,Parsvnath Developers Limited,Real Estate,Real Estate - Development,8037194752,,0.017,,26.19,11.15
2022-04-01 00:00:00+05:30,14.699999809265137,15.75,14.699999809265137,15.75,214253,0.0,0.0,PARSVNATH.NS,Parsvnath Developers Limited,Real Estate,Real Estate - Development,8037194752,,0.017,,26.19,11.15
2022-04-04 00:00:00+05:30,16.049999237060547,16.5,15.899999618530273,16.5,263955,0.0,0.0,PARSVNATH.NS,Parsvnath Developers Limited,Real Estate,Real Estate - Development,8037194752,,0.017,,26.19,11.15
2022-04-05 00:00:00+05:30,17.0,17.299999237060547,16.350000381469727,17.200000762939453,401886,0.0,0.0,PARSVNATH.NS,Parsvnath Developers Limited,Real Estate,Real Estate - Development,8037194752,,0.017,,26.19,11.15
2022-04-06 00:00:00+05:30,17.149999618530273,18.049999237060547,16.75,18.0,336777,0.0,0.0,PARSVNATH.NS,Parsvnath Developers Limited,Real Estate,Real Estate - Development,8037194752,,0.017,,26.19,11.15
2022-04-07 00:00:00+05:30,18.899999618530273,19.5,17.600000381469727,18.149999618530273,599518,0.0,0.0,PARSVNATH.NS,Parsvnath Developers Limited,Real Estate,Real Estate - Development,8037194752,,0.017,,26.19,11.15
2022-04-08 00:00:00+05:30,18.200000762939453,19.399999618530273,18.149999618530273,19.0,550437,0.0,0.0,PARSVNATH.NS,Parsvnath Developers Limited,Real Estate,Real Estate - Development,8037194752,,0.017,,26.19,11.15
2022-04-11 00:00:00+05:30,19.399999618530273,20.399999618530273,19.049999237060547,19.149999618530273,350552,0.0,0.0,PARSVNATH.NS,Parsvnath Developers Limited,Real Estate,Real Estate - Development,8037194752,,0.017,,26.19,11.15
2022-04-12 00:00:00+05:30,19.0,19.100000381469727,18.0,18.299999237060547,263272,0.0,0.0,PARSVNATH.NS,Parsvnath Developers Limited,Real Estate,Real Estate - Development,8037194752,,0.017,,26.19,11.15
2022-04-13 00:00:00+05:30,18.850000381469727,18.850000381469727,18.149999618530273,18.350000381469727,113607,0.0,0.0,PARSVNATH.NS,Parsvnath Developers Limited,Real Estate,Real Estate - Development,8037194752,,0.017,,26.19,11.15
2022-04-18 00:00:00+05:30,18.200000762939453,18.799999237060547,17.549999237060547,17.649999618530273,175736,0.0,0.0,PARSVNATH.NS,Parsvnath Developers Limited,Real Estate,Real Estate - Development,8037194752,,0.017,,26.19,11.15
2022-04-19 00:00:00+05:30,17.25,18.5,17.25,17.75,213449,0.0,0.0,PARSVNATH.NS,Parsvnath Developers Limited,Real Estate,Real Estate - Development,8037194752,,0.017,,26.19,11.15
2022-04-20 00:00:00+05:30,17.899999618530273,18.25,17.100000381469727,17.25,220918,0.0,0.0,PARSVNATH.NS,Parsvnath Developers Limited,Real Estate,Real Estate - Development,8037194752,,0.017,,26.19,11.15
2022-04-21 00:00:00+05:30,17.399999618530273,18.5,16.700000762939453,17.350000381469727,212896,0.0,0.0,PARSVNATH.NS,Parsvnath Developers Limited,Real Estate,Real Estate - Development,8037194752,,0.017,,26.19,11.15
2022-04-22 00:00:00+05:30,17.399999618530273,18.0,16.350000381469727,16.899999618530273,395356,0.0,0.0,PARSVNATH.NS,Parsvnath Developers Limited,Real Estate,Real Estate - Development,8037194752,,0.017,,26.19,11.15
2022-04-25 00:00:00+05:30,17.0,17.399999618530273,16.5,16.649999618530273,354684,0.0,0.0,PARSVNATH.NS,Parsvnath Developers Limited,Real Estate,Real Estate - Development,8037194752,,0.017,,26.19,11.15
2022-04-26 00:00:00+05:30,17.299999237060547,17.299999237060547,16.600000381469727,16.950000762939453,153925,0.0,0.0,PARSVNATH.NS,Parsvnath Developers Limited,Real Estate,Real Estate - Development,8037194752,,0.017,,26.19,11.15
2022-04-27 00:00:00+05:30,16.600000381469727,18.25,16.549999237060547,17.950000762939453,440975,0.0,0.0,PARSVNATH.NS,Parsvnath Developers Limited,Real Estate,Real Estate - Development,8037194752,,0.017,,26.19,11.15
2022-04-28 00:00:00+05:30,18.5,18.700000762939453,17.399999618530273,17.5,328134,0.0,0.0,PARSVNATH.NS,Parsvnath Developers Limited,Real Estate,Real Estate - Development,8037194752,,0.017,,26.19,11.15
2022-04-29 00:00:00+05:30,17.200000762939453,17.799999237060547,16.700000762939453,16.75,197603,0.0,0.0,PARSVNATH.NS,Parsvnath Developers Limited,Real Estate,Real Estate - Development,8037194752,,0.017,,26.19,11.15
2022-05-02 00:00:00+05:30,16.25,16.649999618530273,15.800000190734863,16.0,129850,0.0,0.0,PARSVNATH.NS,Parsvnath Developers Limited,Real Estate,Real Estate - Development,8037194752,,0.017,,26.19,11.15
2022-05-04 00:00:00+05:30,16.75,16.75,15.350000381469727,15.699999809265137,387851,0.0,0.0,PARSVNATH.NS,Parsvnath Developers Limited,Real Estate,Real Estate - Development,8037194752,,0.017,,26.19,11.15
2022-05-05 00:00:00+05:30,16.75,16.75,15.399999618530273,15.550000190734863,159253,0.0,0.0,PARSVNATH.NS,Parsvnath Developers Limited,Real Estate,Real Estate - Development,8037194752,,0.017,,26.19,11.15
2022-05-06 00:00:00+05:30,15.100000381469727,15.199999809265137,14.050000190734863,14.699999809265137,558465,0.0,0.0,PARSVNATH.NS,Parsvnath Developers Limited,Real Estate,Real Estate - Development,8037194752,,0.017,,26.19,11.15
2022-05-09 00:00:00+05:30,14.5,14.800000190734863,13.949999809265137,14.050000190734863,219131,0.0,0.0,PARSVNATH.NS,Parsvnath Developers Limited,Real Estate,Real Estate - Development,8037194752,,0.017,,26.19,11.15
2022-05-10 00:00:00+05:30,14.100000381469727,14.75,13.25,13.449999809265137,272822,0.0,0.0,PARSVNATH.NS,Parsvnath Developers Limited,Real Estate,Real Estate - Development,8037194752,,0.017,,26.19,11.15
2022-05-11 00:00:00+05:30,13.899999618530273,13.899999618530273,12.649999618530273,13.399999618530273,261015,0.0,0.0,PARSVNATH.NS,Parsvnath Developers Limited,Real Estate,Real Estate - Development,8037194752,,0.017,,26.19,11.15
2022-05-12 00:00:00+05:30,13.199999809265137,13.649999618530273,12.5,12.699999809265137,318783,0.0,0.0,PARSVNATH.NS,Parsvnath Developers Limited,Real Estate,Real Estate - Development,8037194752,,0.017,,26.19,11.15
2022-05-13 00:00:00+05:30,13.399999618530273,13.949999809265137,12.550000190734863,13.399999618530273,187936,0.0,0.0,PARSVNATH.NS,Parsvnath Developers Limited,Real Estate,Real Estate - Development,8037194752,,0.017,,26.19,11.15
2022-05-16 00:00:00+05:30,14.5,14.5,13.300000190734863,13.649999618530273,150388,0.0,0.0,PARSVNATH.NS,Parsvnath Developers Limited,Real Estate,Real Estate - Development,8037194752,,0.017,,26.19,11.15
2022-05-17 00:00:00+05:30,13.899999618530273,14.5,13.550000190734863,14.25,145593,0.0,0.0,PARSVNATH.NS,Parsvnath Developers Limited,Real Estate,Real Estate - Development,8037194752,,0.017,,26.19,11.15
2022-05-18 00:00:00+05:30,14.5,14.5,14.0,14.199999809265137,142651,0.0,0.0,PARSVNATH.NS,Parsvnath Developers Limited,Real Estate,Real Estate - Development,8037194752,,0.017,,26.19,11.15
2022-05-19 00:00:00+05:30,13.899999618530273,13.899999618530273,12.899999618530273,13.0,526775,0.0,0.0,PARSVNATH.NS,Parsvnath Developers Limited,Real Estate,Real Estate - Development,8037194752,,0.017,,26.19,11.15
2022-05-20 00:00:00+05:30,13.25,13.300000190734863,12.699999809265137,12.800000190734863,526281,0.0,0.0,PARSVNATH.NS,Parsvnath Developers Limited,Real Estate,Real Estate - Development,8037194752,,0.017,,26.19,11.15
2022-05-23 00:00:00+05:30,13.100000381469727,13.100000381469727,11.699999809265137,11.850000381469727,622558,0.0,0.0,PARSVNATH.NS,Parsvnath Developers Limited,Real Estate,Real Estate - Development,8037194752,,0.017,,26.19,11.15
2022-05-24 00:00:00+05:30,11.949999809265137,12.100000381469727,10.850000381469727,11.100000381469727,884912,0.0,0.0,PARSVNATH.NS,Parsvnath Developers Limited,Real Estate,Real Estate - Development,8037194752,,0.017,,26.19,11.15
2022-05-25 00:00:00+05:30,11.0,11.600000381469727,10.550000190734863,10.550000190734863,944698,0.0,0.0,PARSVNATH.NS,Parsvnath Developers Limited,Real Estate,Real Estate - Development,8037194752,,0.017,,26.19,11.15
2022-05-26 00:00:00+05:30,10.5,10.5,10.050000190734863,10.050000190734863,699257,0.0,0.0,PARSVNATH.NS,Parsvnath Developers Limited,Real Estate,Real Estate - Development,8037194752,,0.017,,26.19,11.15
2022-05-27 00:00:00+05:30,9.800000190734863,10.550000190734863,9.800000190734863,10.550000190734863,151637,0.0,0.0,PARSVNATH.NS,Parsvnath Developers Limited,Real Estate,Real Estate - Development,8037194752,,0.017,,26.19,11.15
2022-05-30 00:00:00+05:30,11.050000190734863,11.050000190734863,11.050000190734863,11.050000190734863,26755,0.0,0.0,PARSVNATH.NS,Parsvnath Developers Limited,Real Estate,Real Estate - Development,8037194752,,0.017,,26.19,11.15
2022-05-31 00:00:00+05:30,11.600000381469727,11.600000381469727,11.300000190734863,11.600000381469727,242100,0.0,0.0,PARSVNATH.NS,Parsvnath Developers Limited,Real Estate,Real Estate - Development,8037194752,,0.017,,26.19,11.15
2022-06-01 00:00:00+05:30,11.800000190734863,12.149999618530273,11.649999618530273,12.149999618530273,260088,0.0,0.0,PARSVNATH.NS,Parsvnath Developers Limited,Real Estate,Real Estate - Development,8037194752,,0.017,,26.19,11.15
2022-06-02 00:00:00+05:30,12.399999618530273,12.699999809265137,11.699999809265137,12.050000190734863,444214,0.0,0.0,PARSVNATH.NS,Parsvnath Developers Limited,Real Estate,Real Estate - Development,8037194752,,0.017,,26.19,11.15
2022-06-03 00:00:00+05:30,12.25,12.449999809265137,11.800000190734863,11.949999809265137,424804,0.0,0.0,PARSVNATH.NS,Parsvnath Developers Limited,Real Estate,Real Estate - Development,8037194752,,0.017,,26.19,11.15
2022-06-06 00:00:00+05:30,11.949999809265137,12.199999809265137,11.75,12.149999618530273,101299,0.0,0.0,PARSVNATH.NS,Parsvnath Developers Limited,Real Estate,Real Estate - Development,8037194752,,0.017,,26.19,11.15
2022-06-07 00:00:00+05:30,12.0,12.25,11.800000190734863,12.149999618530273,113993,0.0,0.0,PARSVNATH.NS,Parsvnath Developers Limited,Real Estate,Real Estate - Development,8037194752,,0.017,,26.19,11.15
2022-06-08 00:00:00+05:30,12.149999618530273,12.149999618530273,11.550000190734863,11.550000190734863,212821,0.0,0.0,PARSVNATH.NS,Parsvnath Developers Limited,Real Estate,Real Estate - Development,8037194752,,0.017,,26.19,11.15
2022-06-09 00:00:00+05:30,11.600000381469727,11.800000190734863,11.0,11.050000190734863,263041,0.0,0.0,PARSVNATH.NS,Parsvnath Developers Limited,Real Estate,Real Estate - Development,8037194752,,0.017,,26.19,11.15
2022-06-10 00:00:00+05:30,10.899999618530273,11.449999809265137,10.899999618530273,11.300000190734863,104257,0.0,0.0,PARSVNATH.NS,Parsvnath Developers Limited,Real Estate,Real Estate - Development,8037194752,,0.017,,26.19,11.15
2022-06-13 00:00:00+05:30,11.199999809265137,11.199999809265137,10.75,10.800000190734863,147016,0.0,0.0,PARSVNATH.NS,Parsvnath Developers Limited,Real Estate,Real Estate - Development,8037194752,,0.017,,26.19,11.15
2022-06-14 00:00:00+05:30,11.149999618530273,11.25,10.550000190734863,10.899999618530273,64893,0.0,0.0,PARSVNATH.NS,Parsvnath Developers Limited,Real Estate,Real Estate - Development,8037194752,,0.017,,26.19,11.15
2022-06-15 00:00:00+05:30,11.149999618530273,11.399999618530273,10.949999809265137,11.399999618530273,238474,0.0,0.0,PARSVNATH.NS,Parsvnath Developers Limited,Real Estate,Real Estate - Development,8037194752,,0.017,,26.19,11.15
2022-06-16 00:00:00+05:30,11.649999618530273,11.949999809265137,10.850000381469727,10.850000381469727,751952,0.0,0.0,PARSVNATH.NS,Parsvnath Developers Limited,Real Estate,Real Estate - Development,8037194752,,0.017,,26.19,11.15
2022-06-17 00:00:00+05:30,10.550000190734863,10.75,10.350000381469727,10.399999618530273,137762,0.0,0.0,PARSVNATH.NS,Parsvnath Developers Limited,Real Estate,Real Estate - Development,8037194752,,0.017,,26.19,11.15
2022-06-20 00:00:00+05:30,10.649999618530273,10.649999618530273,9.899999618530273,9.899999618530273,268952,0.0,0.0,PARSVNATH.NS,Parsvnath Developers Limited,Real Estate,Real Estate - Development,8037194752,,0.017,,26.19,11.15
2022-06-21 00:00:00+05:30,9.550000190734863,10.0,9.550000190734863,9.800000190734863,252967,0.0,0.0,PARSVNATH.NS,Parsvnath Developers Limited,Real Estate,Real Estate - Development,8037194752,,0.017,,26.19,11.15
2022-06-22 00:00:00+05:30,10.0,10.0,9.600000381469727,9.75,93924,0.0,0.0,PARSVNATH.NS,Parsvnath Developers Limited,Real Estate,Real Estate - Development,8037194752,,0.017,,26.19,11.15
2022-06-23 00:00:00+05:30,9.75,10.050000190734863,9.699999809265137,9.850000381469727,101526,0.0,0.0,PARSVNATH.NS,Parsvnath Developers Limited,Real Estate,Real Estate - Development,8037194752,,0.017,,26.19,11.15
2022-06-24 00:00:00+05:30,10.149999618530273,10.25,9.850000381469727,9.949999809265137,163730,0.0,0.0,PARSVNATH.NS,Parsvnath Developers Limited,Real Estate,Real Estate - Development,8037194752,,0.017,,26.19,11.15
2022-06-27 00:00:00+05:30,9.949999809265137,10.399999618530273,9.949999809265137,10.050000190734863,122591,0.0,0.0,PARSVNATH.NS,Parsvnath Developers Limited,Real Estate,Real Estate - Development,8037194752,,0.017,,26.19,11.15
2022-06-28 00:00:00+05:30,10.25,10.25,10.0,10.149999618530273,96176,0.0,0.0,PARSVNATH.NS,Parsvnath Developers Limited,Real Estate,Real Estate - Development,8037194752,,0.017,,26.19,11.15
2022-06-29 00:00:00+05:30,10.0,10.199999809265137,9.850000381469727,9.850000381469727,76510,0.0,0.0,PARSVNATH.NS,Parsvnath Developers Limited,Real Estate,Real Estate - Development,8037194752,,0.017,,26.19,11.15
2022-06-30 00:00:00+05:30,10.0,10.149999618530273,9.649999618530273,9.699999809265137,963211,0.0,0.0,PARSVNATH.NS,Parsvnath Developers Limited,Real Estate,Real Estate - Development,8037194752,,0.017,,26.19,11.15
2022-07-01 00:00:00+05:30,9.350000381469727,9.699999809265137,9.25,9.25,208074,0.0,0.0,PARSVNATH.NS,Parsvnath Developers Limited,Real Estate,Real Estate - Development,8037194752,,0.017,,26.19,11.15
2022-07-04 00:00:00+05:30,9.050000190734863,9.100000381469727,8.800000190734863,8.800000190734863,813138,0.0,0.0,PARSVNATH.NS,Parsvnath Developers Limited,Real Estate,Real Estate - Development,8037194752,,0.017,,26.19,11.15
2022-07-05 00:00:00+05:30,8.550000190734863,9.149999618530273,8.399999618530273,8.649999618530273,1462052,0.0,0.0,PARSVNATH.NS,Parsvnath Developers Limited,Real Estate,Real Estate - Development,8037194752,,0.017,,26.19,11.15
2022-07-06 00:00:00+05:30,8.800000190734863,8.800000190734863,8.25,8.25,595294,0.0,0.0,PARSVNATH.NS,Parsvnath Developers Limited,Real Estate,Real Estate - Development,8037194752,,0.017,,26.19,11.15
2022-07-07 00:00:00+05:30,8.149999618530273,8.149999618530273,7.849999904632568,7.849999904632568,1910366,0.0,0.0,PARSVNATH.NS,Parsvnath Developers Limited,Real Estate,Real Estate - Development,8037194752,,0.017,,26.19,11.15
2022-07-08 00:00:00+05:30,7.650000095367432,7.75,7.5,7.5,788585,0.0,0.0,PARSVNATH.NS,Parsvnath Developers Limited,Real Estate,Real Estate - Development,8037194752,,0.017,,26.19,11.15
2022-07-11 00:00:00+05:30,7.199999809265137,7.199999809265137,7.150000095367432,7.150000095367432,175464,0.0,0.0,PARSVNATH.NS,Parsvnath Developers Limited,Real Estate,Real Estate - Development,8037194752,,0.017,,26.19,11.15
2022-07-12 00:00:00+05:30,6.949999809265137,7.5,6.949999809265137,7.5,314022,0.0,0.0,PARSVNATH.NS,Parsvnath Developers Limited,Real Estate,Real Estate - Development,8037194752,,0.017,,26.19,11.15
2022-07-13 00:00:00+05:30,7.849999904632568,7.849999904632568,7.849999904632568,7.849999904632568,62968,0.0,0.0,PARSVNATH.NS,Parsvnath Developers Limited,Real Estate,Real Estate - Development,8037194752,,0.017,,26.19,11.15
2022-07-14 00:00:00+05:30,8.199999809265137,8.199999809265137,8.199999809265137,8.199999809265137,85394,0.0,0.0,PARSVNATH.NS,Parsvnath Developers Limited,Real Estate,Real Estate - Development,8037194752,,0.017,,26.19,11.15
2022-07-15 00:00:00+05:30,8.600000381469727,8.600000381469727,8.600000381469727,8.600000381469727,141067,0.0,0.0,PARSVNATH.NS,Parsvnath Developers Limited,Real Estate,Real Estate - Development,8037194752,,0.017,,26.19,11.15
2022-07-18 00:00:00+05:30,8.850000381469727,9.0,8.199999809265137,9.0,1397382,0.0,0.0,PARSVNATH.NS,Parsvnath Developers Limited,Real Estate,Real Estate - Development,8037194752,,0.017,,26.19,11.15
2022-07-19 00:00:00+05:30,8.899999618530273,9.449999809265137,8.899999618530273,9.449999809265137,233437,0.0,0.0,PARSVNATH.NS,Parsvnath Developers Limited,Real Estate,Real Estate - Development,8037194752,,0.017,,26.19,11.15
2022-07-20 00:00:00+05:30,9.899999618530273,9.899999618530273,9.0,9.100000381469727,1344469,0.0,0.0,PARSVNATH.NS,Parsvnath Developers Limited,Real Estate,Real Estate - Development,8037194752,,0.017,,26.19,11.15
2022-07-21 00:00:00+05:30,9.100000381469727,9.149999618530273,8.649999618530273,8.649999618530273,581295,0.0,0.0,PARSVNATH.NS,Parsvnath Developers Limited,Real Estate,Real Estate - Development,8037194752,,0.017,,26.19,11.15
2022-07-22 00:00:00+05:30,8.649999618530273,8.899999618530273,8.350000381469727,8.399999618530273,405972,0.0,0.0,PARSVNATH.NS,Parsvnath Developers Limited,Real Estate,Real Estate - Development,8037194752,,0.017,,26.19,11.15
2022-07-25 00:00:00+05:30,8.350000381469727,8.5,8.0,8.100000381469727,480501,0.0,0.0,PARSVNATH.NS,Parsvnath Developers Limited,Real Estate,Real Estate - Development,8037194752,,0.017,,26.19,11.15
2022-07-26 00:00:00+05:30,8.100000381469727,8.350000381469727,7.75,7.849999904632568,538366,0.0,0.0,PARSVNATH.NS,Parsvnath Developers Limited,Real Estate,Real Estate - Development,8037194752,,0.017,,26.19,11.15
2022-07-27 00:00:00+05:30,7.900000095367432,8.199999809265137,7.75,8.199999809265137,287564,0.0,0.0,PARSVNATH.NS,Parsvnath Developers Limited,Real Estate,Real Estate - Development,8037194752,,0.017,,26.19,11.15
2022-07-28 00:00:00+05:30,8.5,8.600000381469727,8.25,8.399999618530273,323794,0.0,0.0,PARSVNATH.NS,Parsvnath Developers Limited,Real Estate,Real Estate - Development,8037194752,,0.017,,26.19,11.15
2022-07-29 00:00:00+05:30,8.350000381469727,8.550000190734863,8.25,8.350000381469727,233848,0.0,0.0,PARSVNATH.NS,Parsvnath Developers Limited,Real Estate,Real Estate - Development,8037194752,,0.017,,26.19,11.15
2022-08-01 00:00:00+05:30,8.350000381469727,8.649999618530273,8.350000381469727,8.449999809265137,438180,0.0,0.0,PARSVNATH.NS,Parsvnath Developers Limited,Real Estate,Real Estate - Development,8037194752,,0.017,,26.19,11.15
2022-08-02 00:00:00+05:30,8.699999809265137,8.699999809265137,8.300000190734863,8.350000381469727,1589703,0.0,0.0,PARSVNATH.NS,Parsvnath Developers Limited,Real Estate,Real Estate - Development,8037194752,,0.017,,26.19,11.15
2022-08-03 00:00:00+05:30,8.199999809265137,8.399999618530273,8.050000190734863,8.300000190734863,587096,0.0,0.0,PARSVNATH.NS,Parsvnath Developers Limited,Real Estate,Real Estate - Development,8037194752,,0.017,,26.19,11.15
2022-08-04 00:00:00+05:30,8.149999618530273,8.399999618530273,8.100000381469727,8.149999618530273,296097,0.0,0.0,PARSVNATH.NS,Parsvnath Developers Limited,Real Estate,Real Estate - Development,8037194752,,0.017,,26.19,11.15
2022-08-05 00:00:00+05:30,8.149999618530273,8.25,7.900000095367432,8.0,567326,0.0,0.0,PARSVNATH.NS,Parsvnath Developers Limited,Real Estate,Real Estate - Development,8037194752,,0.017,,26.19,11.15
2022-08-08 00:00:00+05:30,8.149999618530273,8.149999618530273,7.800000190734863,8.100000381469727,758119,0.0,0.0,PARSVNATH.NS,Parsvnath Developers Limited,Real Estate,Real Estate - Development,8037194752,,0.017,,26.19,11.15
2022-08-10 00:00:00+05:30,8.5,8.5,8.100000381469727,8.149999618530273,230018,0.0,0.0,PARSVNATH.NS,Parsvnath Developers Limited,Real Estate,Real Estate - Development,8037194752,,0.017,,26.19,11.15
2022-08-11 00:00:00+05:30,8.300000190734863,8.300000190734863,8.100000381469727,8.149999618530273,344157,0.0,0.0,PARSVNATH.NS,Parsvnath Developers Limited,Real Estate,Real Estate - Development,8037194752,,0.017,,26.19,11.15
2022-08-12 00:00:00+05:30,8.199999809265137,8.5,8.100000381469727,8.350000381469727,140140,0.0,0.0,PARSVNATH.NS,Parsvnath Developers Limited,Real Estate,Real Estate - Development,8037194752,,0.017,,26.19,11.15
2022-08-16 00:00:00+05:30,8.550000190734863,8.550000190734863,8.0,8.050000190734863,351410,0.0,0.0,PARSVNATH.NS,Parsvnath Developers Limited,Real Estate,Real Estate - Development,8037194752,,0.017,,26.19,11.15
2022-08-17 00:00:00+05:30,8.199999809265137,8.199999809265137,7.900000095367432,8.0,352054,0.0,0.0,PARSVNATH.NS,Parsvnath Developers Limited,Real Estate,Real Estate - Development,8037194752,,0.017,,26.19,11.15
2022-08-18 00:00:00+05:30,8.100000381469727,8.100000381469727,7.849999904632568,7.900000095367432,226713,0.0,0.0,PARSVNATH.NS,Parsvnath Developers Limited,Real Estate,Real Estate - Development,8037194752,,0.017,,26.19,11.15
2022-08-19 00:00:00+05:30,7.849999904632568,8.100000381469727,7.75,7.900000095367432,176494,0.0,0.0,PARSVNATH.NS,Parsvnath Developers Limited,Real Estate,Real Estate - Development,8037194752,,0.017,,26.19,11.15
2022-08-22 00:00:00+05:30,7.800000190734863,8.050000190734863,7.550000190734863,7.599999904632568,461134,0.0,0.0,PARSVNATH.NS,Parsvnath Developers Limited,Real Estate,Real Estate - Development,8037194752,,0.017,,26.19,11.15
2022-08-23 00:00:00+05:30,7.849999904632568,7.849999904632568,7.5,7.599999904632568,258688,0.0,0.0,PARSVNATH.NS,Parsvnath Developers Limited,Real Estate,Real Estate - Development,8037194752,,0.017,,26.19,11.15
2022-08-24 00:00:00+05:30,7.699999809265137,7.75,7.5,7.550000190734863,368063,0.0,0.0,PARSVNATH.NS,Parsvnath Developers Limited,Real Estate,Real Estate - Development,8037194752,,0.017,,26.19,11.15
2022-08-25 00:00:00+05:30,7.599999904632568,7.900000095367432,7.400000095367432,7.5,840912,0.0,0.0,PARSVNATH.NS,Parsvnath Developers Limited,Real Estate,Real Estate - Development,8037194752,,0.017,,26.19,11.15
2022-08-26 00:00:00+05:30,7.5,7.849999904632568,7.449999809265137,7.699999809265137,1338313,0.0,0.0,PARSVNATH.NS,Parsvnath Developers Limited,Real Estate,Real Estate - Development,8037194752,,0.017,,26.19,11.15
2022-08-29 00:00:00+05:30,7.699999809265137,7.699999809265137,7.349999904632568,7.349999904632568,1370004,0.0,0.0,PARSVNATH.NS,Parsvnath Developers Limited,Real Estate,Real Estate - Development,8037194752,,0.017,,26.19,11.15
2022-08-30 00:00:00+05:30,7.5,7.650000095367432,7.300000190734863,7.550000190734863,437243,0.0,0.0,PARSVNATH.NS,Parsvnath Developers Limited,Real Estate,Real Estate - Development,8037194752,,0.017,,26.19,11.15
2022-09-01 00:00:00+05:30,7.5,7.849999904632568,7.449999809265137,7.650000095367432,553382,0.0,0.0,PARSVNATH.NS,Parsvnath Developers Limited,Real Estate,Real Estate - Development,8037194752,,0.017,,26.19,11.15
2022-09-02 00:00:00+05:30,7.699999809265137,7.949999809265137,7.449999809265137,7.5,794593,0.0,0.0,PARSVNATH.NS,Parsvnath Developers Limited,Real Estate,Real Estate - Development,8037194752,,0.017,,26.19,11.15
2022-09-05 00:00:00+05:30,7.5,7.599999904632568,7.25,7.300000190734863,868578,0.0,0.0,PARSVNATH.NS,Parsvnath Developers Limited,Real Estate,Real Estate - Development,8037194752,,0.017,,26.19,11.15
2022-09-06 00:00:00+05:30,7.449999809265137,7.449999809265137,7.150000095367432,7.199999809265137,956024,0.0,0.0,PARSVNATH.NS,Parsvnath Developers Limited,Real Estate,Real Estate - Development,8037194752,,0.017,,26.19,11.15
2022-09-07 00:00:00+05:30,7.300000190734863,7.300000190734863,7.099999904632568,7.25,456130,0.0,0.0,PARSVNATH.NS,Parsvnath Developers Limited,Real Estate,Real Estate - Development,8037194752,,0.017,,26.19,11.15
2022-09-08 00:00:00+05:30,7.400000095367432,7.449999809265137,7.199999809265137,7.25,554049,0.0,0.0,PARSVNATH.NS,Parsvnath Developers Limited,Real Estate,Real Estate - Development,8037194752,,0.017,,26.19,11.15
2022-09-09 00:00:00+05:30,7.300000190734863,7.349999904632568,7.099999904632568,7.150000095367432,463021,0.0,0.0,PARSVNATH.NS,Parsvnath Developers Limited,Real Estate,Real Estate - Development,8037194752,,0.017,,26.19,11.15
2022-09-12 00:00:00+05:30,7.300000190734863,7.5,7.099999904632568,7.5,486840,0.0,0.0,PARSVNATH.NS,Parsvnath Developers Limited,Real Estate,Real Estate - Development,8037194752,,0.017,,26.19,11.15
2022-09-13 00:00:00+05:30,7.849999904632568,7.849999904632568,7.699999809265137,7.849999904632568,217625,0.0,0.0,PARSVNATH.NS,Parsvnath Developers Limited,Real Estate,Real Estate - Development,8037194752,,0.017,,26.19,11.15
2022-09-14 00:00:00+05:30,8.0,8.199999809265137,7.800000190734863,8.199999809265137,828431,0.0,0.0,PARSVNATH.NS,Parsvnath Developers Limited,Real Estate,Real Estate - Development,8037194752,,0.017,,26.19,11.15
2022-09-15 00:00:00+05:30,8.449999809265137,8.600000381469727,8.149999618530273,8.600000381469727,1297470,0.0,0.0,PARSVNATH.NS,Parsvnath Developers Limited,Real Estate,Real Estate - Development,8037194752,,0.017,,26.19,11.15
2022-09-16 00:00:00+05:30,8.5,8.850000381469727,8.300000190734863,8.350000381469727,966418,0.0,0.0,PARSVNATH.NS,Parsvnath Developers Limited,Real Estate,Real Estate - Development,8037194752,,0.017,,26.19,11.15
2022-09-19 00:00:00+05:30,8.399999618530273,8.600000381469727,7.949999809265137,8.0,328148,0.0,0.0,PARSVNATH.NS,Parsvnath Developers Limited,Real Estate,Real Estate - Development,8037194752,,0.017,,26.19,11.15
2022-09-20 00:00:00+05:30,8.050000190734863,8.399999618530273,8.0,8.399999618530273,439392,0.0,0.0,PARSVNATH.NS,Parsvnath Developers Limited,Real Estate,Real Estate - Development,8037194752,,0.017,,26.19,11.15
2022-09-21 00:00:00+05:30,8.399999618530273,8.5,8.0,8.050000190734863,473533,0.0,0.0,PARSVNATH.NS,Parsvnath Developers Limited,Real Estate,Real Estate - Development,8037194752,,0.017,,26.19,11.15
2022-09-22 00:00:00+05:30,8.050000190734863,8.25,8.0,8.050000190734863,202033,0.0,0.0,PARSVNATH.NS,Parsvnath Developers Limited,Real Estate,Real Estate - Development,8037194752,,0.017,,26.19,11.15
2022-09-23 00:00:00+05:30,8.350000381469727,8.449999809265137,8.0,8.050000190734863,184424,0.0,0.0,PARSVNATH.NS,Parsvnath Developers Limited,Real Estate,Real Estate - Development,8037194752,,0.017,,26.19,11.15
2022-09-26 00:00:00+05:30,7.900000095367432,8.149999618530273,7.699999809265137,7.849999904632568,160071,0.0,0.0,PARSVNATH.NS,Parsvnath Developers Limited,Real Estate,Real Estate - Development,8037194752,,0.017,,26.19,11.15
2022-09-27 00:00:00+05:30,8.0,8.0,7.550000190734863,7.550000190734863,243104,0.0,0.0,PARSVNATH.NS,Parsvnath Developers Limited,Real Estate,Real Estate - Development,8037194752,,0.017,,26.19,11.15
2022-09-28 00:00:00+05:30,7.599999904632568,7.599999904632568,7.300000190734863,7.400000095367432,326646,0.0,0.0,PARSVNATH.NS,Parsvnath Developers Limited,Real Estate,Real Estate - Development,8037194752,,0.017,,26.19,11.15
2022-09-29 00:00:00+05:30,7.599999904632568,7.75,7.400000095367432,7.550000190734863,132012,0.0,0.0,PARSVNATH.NS,Parsvnath Developers Limited,Real Estate,Real Estate - Development,8037194752,,0.017,,26.19,11.15
2022-09-30 00:00:00+05:30,7.550000190734863,7.849999904632568,7.449999809265137,7.800000190734863,151119,0.0,0.0,PARSVNATH.NS,Parsvnath Developers Limited,Real Estate,Real Estate - Development,8037194752,,0.017,,26.19,11.15
2022-10-03 00:00:00+05:30,7.949999809265137,8.149999618530273,7.650000095367432,7.849999904632568,277685,0.0,0.0,PARSVNATH.NS,Parsvnath Developers Limited,Real Estate,Real Estate - Development,8037194752,,0.017,,26.19,11.15
2022-10-04 00:00:00+05:30,8.149999618530273,8.149999618530273,7.599999904632568,8.0,232178,0.0,0.0,PARSVNATH.NS,Parsvnath Developers Limited,Real Estate,Real Estate - Development,8037194752,,0.017,,26.19,11.15
2022-10-06 00:00:00+05:30,8.199999809265137,8.199999809265137,7.800000190734863,7.849999904632568,243174,0.0,0.0,PARSVNATH.NS,Parsvnath Developers Limited,Real Estate,Real Estate - Development,8037194752,,0.017,,26.19,11.15
2022-10-07 00:00:00+05:30,7.849999904632568,7.900000095367432,7.75,7.800000190734863,150324,0.0,0.0,PARSVNATH.NS,Parsvnath Developers Limited,Real Estate,Real Estate - Development,8037194752,,0.017,,26.19,11.15
2022-10-10 00:00:00+05:30,7.75,7.800000190734863,7.550000190734863,7.599999904632568,211539,0.0,0.0,PARSVNATH.NS,Parsvnath Developers Limited,Real Estate,Real Estate - Development,8037194752,,0.017,,26.19,11.15
2022-10-11 00:00:00+05:30,7.699999809265137,7.849999904632568,7.5,7.550000190734863,224141,0.0,0.0,PARSVNATH.NS,Parsvnath Developers Limited,Real Estate,Real Estate - Development,8037194752,,0.017,,26.19,11.15
2022-10-12 00:00:00+05:30,7.550000190734863,7.75,7.449999809265137,7.5,192988,0.0,0.0,PARSVNATH.NS,Parsvnath Developers Limited,Real Estate,Real Estate - Development,8037194752,,0.017,,26.19,11.15
2022-10-13 00:00:00+05:30,7.5,7.599999904632568,7.400000095367432,7.449999809265137,80866,0.0,0.0,PARSVNATH.NS,Parsvnath Developers Limited,Real Estate,Real Estate - Development,8037194752,,0.017,,26.19,11.15
2022-10-14 00:00:00+05:30,7.599999904632568,7.800000190734863,7.25,7.400000095367432,310999,0.0,0.0,PARSVNATH.NS,Parsvnath Developers Limited,Real Estate,Real Estate - Development,8037194752,,0.017,,26.19,11.15
2022-10-17 00:00:00+05:30,7.400000095367432,7.449999809265137,7.050000190734863,7.050000190734863,842994,0.0,0.0,PARSVNATH.NS,Parsvnath Developers Limited,Real Estate,Real Estate - Development,8037194752,,0.017,,26.19,11.15
2022-10-18 00:00:00+05:30,7.25,7.25,6.949999809265137,7.150000095367432,287100,0.0,0.0,PARSVNATH.NS,Parsvnath Developers Limited,Real Estate,Real Estate - Development,8037194752,,0.017,,26.19,11.15
2022-10-19 00:00:00+05:30,7.25,7.349999904632568,6.800000190734863,6.900000095367432,779990,0.0,0.0,PARSVNATH.NS,Parsvnath Developers Limited,Real Estate,Real Estate - Development,8037194752,,0.017,,26.19,11.15
2022-10-20 00:00:00+05:30,6.949999809265137,7.099999904632568,6.650000095367432,6.75,412678,0.0,0.0,PARSVNATH.NS,Parsvnath Developers Limited,Real Estate,Real Estate - Development,8037194752,,0.017,,26.19,11.15
2022-10-21 00:00:00+05:30,6.900000095367432,7.050000190734863,6.699999809265137,7.0,286644,0.0,0.0,PARSVNATH.NS,Parsvnath Developers Limited,Real Estate,Real Estate - Development,8037194752,,0.017,,26.19,11.15
2022-10-24 00:00:00+05:30,7.0,7.199999809265137,7.0,7.099999904632568,75621,0.0,0.0,PARSVNATH.NS,Parsvnath Developers Limited,Real Estate,Real Estate - Development,8037194752,,0.017,,26.19,11.15
2022-10-25 00:00:00+05:30,7.150000095367432,7.300000190734863,6.900000095367432,7.099999904632568,116343,0.0,0.0,PARSVNATH.NS,Parsvnath Developers Limited,Real Estate,Real Estate - Development,8037194752,,0.017,,26.19,11.15
2022-10-27 00:00:00+05:30,7.300000190734863,7.300000190734863,6.900000095367432,7.0,131715,0.0,0.0,PARSVNATH.NS,Parsvnath Developers Limited,Real Estate,Real Estate - Development,8037194752,,0.017,,26.19,11.15
2022-10-28 00:00:00+05:30,7.099999904632568,7.150000095367432,6.949999809265137,7.050000190734863,82981,0.0,0.0,PARSVNATH.NS,Parsvnath Developers Limited,Real Estate,Real Estate - Development,8037194752,,0.017,,26.19,11.15
2022-10-31 00:00:00+05:30,7.199999809265137,7.199999809265137,7.0,7.0,132113,0.0,0.0,PARSVNATH.NS,Parsvnath Developers Limited,Real Estate,Real Estate - Development,8037194752,,0.017,,26.19,11.15
2022-11-01 00:00:00+05:30,7.0,7.099999904632568,6.949999809265137,7.0,105992,0.0,0.0,PARSVNATH.NS,Parsvnath Developers Limited,Real Estate,Real Estate - Development,8037194752,,0.017,,26.19,11.15
2022-11-02 00:00:00+05:30,7.099999904632568,7.150000095367432,6.949999809265137,7.050000190734863,91129,0.0,0.0,PARSVNATH.NS,Parsvnath Developers Limited,Real Estate,Real Estate - Development,8037194752,,0.017,,26.19,11.15
2022-11-03 00:00:00+05:30,7.199999809265137,7.199999809265137,6.75,7.050000190734863,187719,0.0,0.0,PARSVNATH.NS,Parsvnath Developers Limited,Real Estate,Real Estate - Development,8037194752,,0.017,,26.19,11.15
2022-11-04 00:00:00+05:30,7.099999904632568,7.199999809265137,6.949999809265137,7.099999904632568,262015,0.0,0.0,PARSVNATH.NS,Parsvnath Developers Limited,Real Estate,Real Estate - Development,8037194752,,0.017,,26.19,11.15
2022-11-07 00:00:00+05:30,7.199999809265137,7.449999809265137,7.099999904632568,7.300000190734863,332305,0.0,0.0,PARSVNATH.NS,Parsvnath Developers Limited,Real Estate,Real Estate - Development,8037194752,,0.017,,26.19,11.15
2022-11-09 00:00:00+05:30,7.25,7.599999904632568,7.099999904632568,7.150000095367432,549591,0.0,0.0,PARSVNATH.NS,Parsvnath Developers Limited,Real Estate,Real Estate - Development,8037194752,,0.017,,26.19,11.15
2022-11-10 00:00:00+05:30,7.150000095367432,7.300000190734863,7.150000095367432,7.25,207716,0.0,0.0,PARSVNATH.NS,Parsvnath Developers Limited,Real Estate,Real Estate - Development,8037194752,,0.017,,26.19,11.15
2022-11-11 00:00:00+05:30,7.400000095367432,7.5,7.199999809265137,7.300000190734863,167522,0.0,0.0,PARSVNATH.NS,Parsvnath Developers Limited,Real Estate,Real Estate - Development,8037194752,,0.017,,26.19,11.15
2022-11-14 00:00:00+05:30,7.449999809265137,7.449999809265137,7.199999809265137,7.25,58221,0.0,0.0,PARSVNATH.NS,Parsvnath Developers Limited,Real Estate,Real Estate - Development,8037194752,,0.017,,26.19,11.15
2022-11-15 00:00:00+05:30,7.300000190734863,7.300000190734863,7.099999904632568,7.25,122963,0.0,0.0,PARSVNATH.NS,Parsvnath Developers Limited,Real Estate,Real Estate - Development,8037194752,,0.017,,26.19,11.15
2022-11-16 00:00:00+05:30,7.25,7.300000190734863,6.949999809265137,7.099999904632568,591688,0.0,0.0,PARSVNATH.NS,Parsvnath Developers Limited,Real Estate,Real Estate - Development,8037194752,,0.017,,26.19,11.15
2022-11-17 00:00:00+05:30,7.0,7.25,7.0,7.199999809265137,235086,0.0,0.0,PARSVNATH.NS,Parsvnath Developers Limited,Real Estate,Real Estate - Development,8037194752,,0.017,,26.19,11.15
2022-11-18 00:00:00+05:30,7.25,7.300000190734863,7.050000190734863,7.099999904632568,84582,0.0,0.0,PARSVNATH.NS,Parsvnath Developers Limited,Real Estate,Real Estate - Development,8037194752,,0.017,,26.19,11.15
2022-11-21 00:00:00+05:30,7.199999809265137,7.25,6.849999904632568,6.949999809265137,170359,0.0,0.0,PARSVNATH.NS,Parsvnath Developers Limited,Real Estate,Real Estate - Development,8037194752,,0.017,,26.19,11.15
2022-11-22 00:00:00+05:30,7.099999904632568,7.099999904632568,6.949999809265137,7.0,72264,0.0,0.0,PARSVNATH.NS,Parsvnath Developers Limited,Real Estate,Real Estate - Development,8037194752,,0.017,,26.19,11.15
2022-11-23 00:00:00+05:30,7.0,7.099999904632568,6.900000095367432,6.949999809265137,96706,0.0,0.0,PARSVNATH.NS,Parsvnath Developers Limited,Real Estate,Real Estate - Development,8037194752,,0.017,,26.19,11.15
2022-11-24 00:00:00+05:30,7.099999904632568,7.099999904632568,6.75,7.0,493541,0.0,0.0,PARSVNATH.NS,Parsvnath Developers Limited,Real Estate,Real Estate - Development,8037194752,,0.017,,26.19,11.15
2022-11-25 00:00:00+05:30,7.0,7.349999904632568,6.849999904632568,7.349999904632568,506628,0.0,0.0,PARSVNATH.NS,Parsvnath Developers Limited,Real Estate,Real Estate - Development,8037194752,,0.017,,26.19,11.15
2022-11-28 00:00:00+05:30,7.400000095367432,7.599999904632568,7.150000095367432,7.199999809265137,721491,0.0,0.0,PARSVNATH.NS,Parsvnath Developers Limited,Real Estate,Real Estate - Development,8037194752,,0.017,,26.19,11.15
2022-11-29 00:00:00+05:30,7.300000190734863,7.300000190734863,7.099999904632568,7.25,206477,0.0,0.0,PARSVNATH.NS,Parsvnath Developers Limited,Real Estate,Real Estate - Development,8037194752,,0.017,,26.19,11.15
2022-11-30 00:00:00+05:30,7.099999904632568,7.5,7.099999904632568,7.349999904632568,329495,0.0,0.0,PARSVNATH.NS,Parsvnath Developers Limited,Real Estate,Real Estate - Development,8037194752,,0.017,,26.19,11.15
2022-12-01 00:00:00+05:30,7.5,7.5,7.0,7.099999904632568,956191,0.0,0.0,PARSVNATH.NS,Parsvnath Developers Limited,Real Estate,Real Estate - Development,8037194752,,0.017,,26.19,11.15
2022-12-02 00:00:00+05:30,7.099999904632568,7.449999809265137,6.849999904632568,7.449999809265137,2151471,0.0,0.0,PARSVNATH.NS,Parsvnath Developers Limited,Real Estate,Real Estate - Development,8037194752,,0.017,,26.19,11.15
2022-12-05 00:00:00+05:30,7.5,7.650000095367432,7.25,7.400000095367432,331827,0.0,0.0,PARSVNATH.NS,Parsvnath Developers Limited,Real Estate,Real Estate - Development,8037194752,,0.017,,26.19,11.15
2022-12-06 00:00:00+05:30,7.5,7.75,7.349999904632568,7.75,549746,0.0,0.0,PARSVNATH.NS,Parsvnath Developers Limited,Real Estate,Real Estate - Development,8037194752,,0.017,,26.19,11.15
2022-12-07 00:00:00+05:30,8.25,8.5,8.050000190734863,8.5,2210830,0.0,0.0,PARSVNATH.NS,Parsvnath Developers Limited,Real Estate,Real Estate - Development,8037194752,,0.017,,26.19,11.15
2022-12-08 00:00:00+05:30,8.899999618530273,8.899999618530273,8.25,8.300000190734863,1413442,0.0,0.0,PARSVNATH.NS,Parsvnath Developers Limited,Real Estate,Real Estate - Development,8037194752,,0.017,,26.19,11.15
2022-12-09 00:00:00+05:30,8.300000190734863,8.649999618530273,8.100000381469727,8.25,984076,0.0,0.0,PARSVNATH.NS,Parsvnath Developers Limited,Real Estate,Real Estate - Development,8037194752,,0.017,,26.19,11.15
2022-12-12 00:00:00+05:30,8.399999618530273,8.399999618530273,7.900000095367432,8.300000190734863,219919,0.0,0.0,PARSVNATH.NS,Parsvnath Developers Limited,Real Estate,Real Estate - Development,8037194752,,0.017,,26.19,11.15
2022-12-13 00:00:00+05:30,8.600000381469727,8.800000190734863,8.449999809265137,8.649999618530273,496046,0.0,0.0,PARSVNATH.NS,Parsvnath Developers Limited,Real Estate,Real Estate - Development,8037194752,,0.017,,26.19,11.15
2022-12-14 00:00:00+05:30,8.899999618530273,9.5,8.550000190734863,9.5,1151815,0.0,0.0,PARSVNATH.NS,Parsvnath Developers Limited,Real Estate,Real Estate - Development,8037194752,,0.017,,26.19,11.15
2022-12-15 00:00:00+05:30,9.699999809265137,9.850000381469727,9.399999618530273,9.449999809265137,708138,0.0,0.0,PARSVNATH.NS,Parsvnath Developers Limited,Real Estate,Real Estate - Development,8037194752,,0.017,,26.19,11.15
2022-12-16 00:00:00+05:30,9.350000381469727,9.399999618530273,8.800000190734863,8.899999618530273,705711,0.0,0.0,PARSVNATH.NS,Parsvnath Developers Limited,Real Estate,Real Estate - Development,8037194752,,0.017,,26.19,11.15
2022-12-19 00:00:00+05:30,9.100000381469727,9.699999809265137,9.0,9.5,742349,0.0,0.0,PARSVNATH.NS,Parsvnath Developers Limited,Real Estate,Real Estate - Development,8037194752,,0.017,,26.19,11.15
2022-12-20 00:00:00+05:30,9.300000190734863,10.449999809265137,9.199999809265137,10.449999809265137,2466108,0.0,0.0,PARSVNATH.NS,Parsvnath Developers Limited,Real Estate,Real Estate - Development,8037194752,,0.017,,26.19,11.15
2022-12-21 00:00:00+05:30,11.050000190734863,11.449999809265137,10.149999618530273,10.399999618530273,3889285,0.0,0.0,PARSVNATH.NS,Parsvnath Developers Limited,Real Estate,Real Estate - Development,8037194752,,0.017,,26.19,11.15
2022-12-22 00:00:00+05:30,10.449999809265137,10.899999618530273,9.399999618530273,9.399999618530273,1315972,0.0,0.0,PARSVNATH.NS,Parsvnath Developers Limited,Real Estate,Real Estate - Development,8037194752,,0.017,,26.19,11.15
2022-12-23 00:00:00+05:30,9.25,9.25,8.5,8.5,798285,0.0,0.0,PARSVNATH.NS,Parsvnath Developers Limited,Real Estate,Real Estate - Development,8037194752,,0.017,,26.19,11.15
2022-12-26 00:00:00+05:30,8.699999809265137,9.350000381469727,7.800000190734863,9.199999809265137,529253,0.0,0.0,PARSVNATH.NS,Parsvnath Developers Limited,Real Estate,Real Estate - Development,8037194752,,0.017,,26.19,11.15
2022-12-27 00:00:00+05:30,9.800000190734863,10.100000381469727,9.199999809265137,9.550000190734863,587140,0.0,0.0,PARSVNATH.NS,Parsvnath Developers Limited,Real Estate,Real Estate - Development,8037194752,,0.017,,26.19,11.15
2022-12-28 00:00:00+05:30,9.800000190734863,9.800000190734863,9.050000190734863,9.399999618530273,189451,0.0,0.0,PARSVNATH.NS,Parsvnath Developers Limited,Real Estate,Real Estate - Development,8037194752,,0.017,,26.19,11.15
2022-12-29 00:00:00+05:30,9.75,9.75,9.100000381469727,9.399999618530273,185135,0.0,0.0,PARSVNATH.NS,Parsvnath Developers Limited,Real Estate,Real Estate - Development,8037194752,,0.017,,26.19,11.15
2022-12-30 00:00:00+05:30,9.600000381469727,9.75,9.399999618530273,9.550000190734863,197720,0.0,0.0,PARSVNATH.NS,Parsvnath Developers Limited,Real Estate,Real Estate - Development,8037194752,,0.017,,26.19,11.15
2023-01-02 00:00:00+05:30,9.75,10.149999618530273,9.550000190734863,9.75,527979,0.0,0.0,PARSVNATH.NS,Parsvnath Developers Limited,Real Estate,Real Estate - Development,8037194752,,0.017,,26.19,11.15
2023-01-03 00:00:00+05:30,9.949999809265137,10.199999809265137,9.850000381469727,9.949999809265137,251674,0.0,0.0,PARSVNATH.NS,Parsvnath Developers Limited,Real Estate,Real Estate - Development,8037194752,,0.017,,26.19,11.15
2023-01-04 00:00:00+05:30,9.949999809265137,10.050000190734863,9.5,9.550000190734863,330228,0.0,0.0,PARSVNATH.NS,Parsvnath Developers Limited,Real Estate,Real Estate - Development,8037194752,,0.017,,26.19,11.15
2023-01-05 00:00:00+05:30,9.699999809265137,9.800000190734863,9.25,9.5,181479,0.0,0.0,PARSVNATH.NS,Parsvnath Developers Limited,Real Estate,Real Estate - Development,8037194752,,0.017,,26.19,11.15
2023-01-06 00:00:00+05:30,9.699999809265137,9.699999809265137,9.149999618530273,9.25,168666,0.0,0.0,PARSVNATH.NS,Parsvnath Developers Limited,Real Estate,Real Estate - Development,8037194752,,0.017,,26.19,11.15
2023-01-09 00:00:00+05:30,9.550000190734863,9.699999809265137,9.0,9.300000190734863,127225,0.0,0.0,PARSVNATH.NS,Parsvnath Developers Limited,Real Estate,Real Estate - Development,8037194752,,0.017,,26.19,11.15
2023-01-10 00:00:00+05:30,9.649999618530273,9.649999618530273,9.050000190734863,9.100000381469727,146536,0.0,0.0,PARSVNATH.NS,Parsvnath Developers Limited,Real Estate,Real Estate - Development,8037194752,,0.017,,26.19,11.15
2023-01-11 00:00:00+05:30,9.5,9.5,8.550000190734863,9.050000190734863,245672,0.0,0.0,PARSVNATH.NS,Parsvnath Developers Limited,Real Estate,Real Estate - Development,8037194752,,0.017,,26.19,11.15
2023-01-12 00:00:00+05:30,9.100000381469727,9.149999618530273,8.550000190734863,8.850000381469727,174272,0.0,0.0,PARSVNATH.NS,Parsvnath Developers Limited,Real Estate,Real Estate - Development,8037194752,,0.017,,26.19,11.15
2023-01-13 00:00:00+05:30,9.0,9.149999618530273,8.699999809265137,9.0,124546,0.0,0.0,PARSVNATH.NS,Parsvnath Developers Limited,Real Estate,Real Estate - Development,8037194752,,0.017,,26.19,11.15
2023-01-16 00:00:00+05:30,9.0,9.449999809265137,9.0,9.050000190734863,76130,0.0,0.0,PARSVNATH.NS,Parsvnath Developers Limited,Real Estate,Real Estate - Development,8037194752,,0.017,,26.19,11.15
2023-01-17 00:00:00+05:30,8.850000381469727,9.300000190734863,8.850000381469727,9.0,66082,0.0,0.0,PARSVNATH.NS,Parsvnath Developers Limited,Real Estate,Real Estate - Development,8037194752,,0.017,,26.19,11.15
2023-01-18 00:00:00+05:30,9.0,9.399999618530273,8.699999809265137,9.0,317751,0.0,0.0,PARSVNATH.NS,Parsvnath Developers Limited,Real Estate,Real Estate - Development,8037194752,,0.017,,26.19,11.15
2023-01-19 00:00:00+05:30,9.100000381469727,9.149999618530273,8.600000381469727,8.75,267778,0.0,0.0,PARSVNATH.NS,Parsvnath Developers Limited,Real Estate,Real Estate - Development,8037194752,,0.017,,26.19,11.15
2023-01-20 00:00:00+05:30,8.899999618530273,8.899999618530273,8.649999618530273,8.699999809265137,127104,0.0,0.0,PARSVNATH.NS,Parsvnath Developers Limited,Real Estate,Real Estate - Development,8037194752,,0.017,,26.19,11.15
2023-01-23 00:00:00+05:30,9.25,9.25,8.350000381469727,8.449999809265137,242297,0.0,0.0,PARSVNATH.NS,Parsvnath Developers Limited,Real Estate,Real Estate - Development,8037194752,,0.017,,26.19,11.15
2023-01-24 00:00:00+05:30,8.5,8.699999809265137,8.300000190734863,8.399999618530273,126999,0.0,0.0,PARSVNATH.NS,Parsvnath Developers Limited,Real Estate,Real Estate - Development,8037194752,,0.017,,26.19,11.15
2023-01-25 00:00:00+05:30,8.399999618530273,8.600000381469727,8.149999618530273,8.199999809265137,186897,0.0,0.0,PARSVNATH.NS,Parsvnath Developers Limited,Real Estate,Real Estate - Development,8037194752,,0.017,,26.19,11.15
2023-01-27 00:00:00+05:30,8.199999809265137,8.649999618530273,7.75,7.949999809265137,237629,0.0,0.0,PARSVNATH.NS,Parsvnath Developers Limited,Real Estate,Real Estate - Development,8037194752,,0.017,,26.19,11.15
2023-01-30 00:00:00+05:30,8.100000381469727,8.199999809265137,7.400000095367432,7.449999809265137,407923,0.0,0.0,PARSVNATH.NS,Parsvnath Developers Limited,Real Estate,Real Estate - Development,8037194752,,0.017,,26.19,11.15
2023-01-31 00:00:00+05:30,7.599999904632568,7.800000190734863,7.0,7.25,740720,0.0,0.0,PARSVNATH.NS,Parsvnath Developers Limited,Real Estate,Real Estate - Development,8037194752,,0.017,,26.19,11.15
2023-02-01 00:00:00+05:30,7.400000095367432,7.949999809265137,7.300000190734863,7.75,605528,0.0,0.0,PARSVNATH.NS,Parsvnath Developers Limited,Real Estate,Real Estate - Development,8037194752,,0.017,,26.19,11.15
2023-02-02 00:00:00+05:30,8.100000381469727,8.199999809265137,7.550000190734863,7.75,208070,0.0,0.0,PARSVNATH.NS,Parsvnath Developers Limited,Real Estate,Real Estate - Development,8037194752,,0.017,,26.19,11.15
2023-02-03 00:00:00+05:30,8.0,8.0,7.5,7.599999904632568,264659,0.0,0.0,PARSVNATH.NS,Parsvnath Developers Limited,Real Estate,Real Estate - Development,8037194752,,0.017,,26.19,11.15
2023-02-06 00:00:00+05:30,7.900000095367432,8.350000381469727,7.25,8.050000190734863,233170,0.0,0.0,PARSVNATH.NS,Parsvnath Developers Limited,Real Estate,Real Estate - Development,8037194752,,0.017,,26.19,11.15
2023-02-07 00:00:00+05:30,8.25,8.25,7.699999809265137,7.75,157196,0.0,0.0,PARSVNATH.NS,Parsvnath Developers Limited,Real Estate,Real Estate - Development,8037194752,,0.017,,26.19,11.15
2023-02-08 00:00:00+05:30,7.900000095367432,7.949999809265137,7.400000095367432,7.5,261963,0.0,0.0,PARSVNATH.NS,Parsvnath Developers Limited,Real Estate,Real Estate - Development,8037194752,,0.017,,26.19,11.15
2023-02-09 00:00:00+05:30,7.599999904632568,7.650000095367432,7.300000190734863,7.449999809265137,201414,0.0,0.0,PARSVNATH.NS,Parsvnath Developers Limited,Real Estate,Real Estate - Development,8037194752,,0.017,,26.19,11.15
2023-02-10 00:00:00+05:30,7.75,7.75,7.199999809265137,7.349999904632568,225284,0.0,0.0,PARSVNATH.NS,Parsvnath Developers Limited,Real Estate,Real Estate - Development,8037194752,,0.017,,26.19,11.15
2023-02-13 00:00:00+05:30,7.400000095367432,7.800000190734863,7.25,7.599999904632568,226684,0.0,0.0,PARSVNATH.NS,Parsvnath Developers Limited,Real Estate,Real Estate - Development,8037194752,,0.017,,26.19,11.15
2023-02-14 00:00:00+05:30,7.75,8.149999618530273,7.599999904632568,7.800000190734863,1003070,0.0,0.0,PARSVNATH.NS,Parsvnath Developers Limited,Real Estate,Real Estate - Development,8037194752,,0.017,,26.19,11.15
2023-02-15 00:00:00+05:30,7.550000190734863,7.849999904632568,7.5,7.5,162344,0.0,0.0,PARSVNATH.NS,Parsvnath Developers Limited,Real Estate,Real Estate - Development,8037194752,,0.017,,26.19,11.15
2023-02-16 00:00:00+05:30,7.800000190734863,7.800000190734863,7.300000190734863,7.400000095367432,136355,0.0,0.0,PARSVNATH.NS,Parsvnath Developers Limited,Real Estate,Real Estate - Development,8037194752,,0.017,,26.19,11.15
2023-02-17 00:00:00+05:30,7.5,7.599999904632568,7.25,7.449999809265137,95309,0.0,0.0,PARSVNATH.NS,Parsvnath Developers Limited,Real Estate,Real Estate - Development,8037194752,,0.017,,26.19,11.15
2023-02-20 00:00:00+05:30,7.550000190734863,7.550000190734863,7.300000190734863,7.449999809265137,62346,0.0,0.0,PARSVNATH.NS,Parsvnath Developers Limited,Real Estate,Real Estate - Development,8037194752,,0.017,,26.19,11.15
2023-02-21 00:00:00+05:30,7.5,7.550000190734863,7.300000190734863,7.349999904632568,121210,0.0,0.0,PARSVNATH.NS,Parsvnath Developers Limited,Real Estate,Real Estate - Development,8037194752,,0.017,,26.19,11.15
2023-02-22 00:00:00+05:30,7.25,7.5,7.150000095367432,7.25,100595,0.0,0.0,PARSVNATH.NS,Parsvnath Developers Limited,Real Estate,Real Estate - Development,8037194752,,0.017,,26.19,11.15
2023-02-23 00:00:00+05:30,7.400000095367432,7.400000095367432,7.099999904632568,7.199999809265137,51512,0.0,0.0,PARSVNATH.NS,Parsvnath Developers Limited,Real Estate,Real Estate - Development,8037194752,,0.017,,26.19,11.15
2023-02-24 00:00:00+05:30,7.150000095367432,7.349999904632568,7.0,7.099999904632568,77015,0.0,0.0,PARSVNATH.NS,Parsvnath Developers Limited,Real Estate,Real Estate - Development,8037194752,,0.017,,26.19,11.15
2023-02-27 00:00:00+05:30,7.199999809265137,7.300000190734863,7.0,7.050000190734863,61814,0.0,0.0,PARSVNATH.NS,Parsvnath Developers Limited,Real Estate,Real Estate - Development,8037194752,,0.017,,26.19,11.15
2023-02-28 00:00:00+05:30,7.0,7.050000190734863,6.599999904632568,6.699999809265137,483071,0.0,0.0,PARSVNATH.NS,Parsvnath Developers Limited,Real Estate,Real Estate - Development,8037194752,,0.017,,26.19,11.15
2023-03-01 00:00:00+05:30,7.0,7.150000095367432,6.800000190734863,6.900000095367432,516183,0.0,0.0,PARSVNATH.NS,Parsvnath Developers Limited,Real Estate,Real Estate - Development,8037194752,,0.017,,26.19,11.15
2023-03-02 00:00:00+05:30,7.25,7.25,6.900000095367432,7.050000190734863,132220,0.0,0.0,PARSVNATH.NS,Parsvnath Developers Limited,Real Estate,Real Estate - Development,8037194752,,0.017,,26.19,11.15
2023-03-03 00:00:00+05:30,7.050000190734863,7.150000095367432,6.900000095367432,7.050000190734863,102321,0.0,0.0,PARSVNATH.NS,Parsvnath Developers Limited,Real Estate,Real Estate - Development,8037194752,,0.017,,26.19,11.15
2023-03-06 00:00:00+05:30,7.0,7.5,7.0,7.300000190734863,166766,0.0,0.0,PARSVNATH.NS,Parsvnath Developers Limited,Real Estate,Real Estate - Development,8037194752,,0.017,,26.19,11.15
2023-03-08 00:00:00+05:30,7.449999809265137,7.449999809265137,6.599999904632568,6.599999904632568,4703136,0.0,0.0,PARSVNATH.NS,Parsvnath Developers Limited,Real Estate,Real Estate - Development,8037194752,,0.017,,26.19,11.15
2023-03-09 00:00:00+05:30,6.650000095367432,6.900000095367432,6.650000095367432,6.75,304724,0.0,0.0,PARSVNATH.NS,Parsvnath Developers Limited,Real Estate,Real Estate - Development,8037194752,,0.017,,26.19,11.15
2023-03-10 00:00:00+05:30,7.150000095367432,7.150000095367432,6.75,7.0,152654,0.0,0.0,PARSVNATH.NS,Parsvnath Developers Limited,Real Estate,Real Estate - Development,8037194752,,0.017,,26.19,11.15
2023-03-13 00:00:00+05:30,7.0,7.0,6.599999904632568,6.75,160078,0.0,0.0,PARSVNATH.NS,Parsvnath Developers Limited,Real Estate,Real Estate - Development,8037194752,,0.017,,26.19,11.15
2023-03-14 00:00:00+05:30,6.900000095367432,6.900000095367432,6.599999904632568,6.650000095367432,169953,0.0,0.0,PARSVNATH.NS,Parsvnath Developers Limited,Real Estate,Real Estate - Development,8037194752,,0.017,,26.19,11.15
2023-03-15 00:00:00+05:30,6.599999904632568,6.900000095367432,6.599999904632568,6.699999809265137,109376,0.0,0.0,PARSVNATH.NS,Parsvnath Developers Limited,Real Estate,Real Estate - Development,8037194752,,0.017,,26.19,11.15
2023-03-16 00:00:00+05:30,6.849999904632568,6.849999904632568,6.449999809265137,6.599999904632568,195790,0.0,0.0,PARSVNATH.NS,Parsvnath Developers Limited,Real Estate,Real Estate - Development,8037194752,,0.017,,26.19,11.15
2023-03-17 00:00:00+05:30,6.75,6.900000095367432,6.650000095367432,6.699999809265137,99159,0.0,0.0,PARSVNATH.NS,Parsvnath Developers Limited,Real Estate,Real Estate - Development,8037194752,,0.017,,26.19,11.15
2023-03-20 00:00:00+05:30,7.349999904632568,7.349999904632568,6.75,6.849999904632568,220051,0.0,0.0,PARSVNATH.NS,Parsvnath Developers Limited,Real Estate,Real Estate - Development,8037194752,,0.017,,26.19,11.15
2023-03-21 00:00:00+05:30,7.0,7.099999904632568,6.800000190734863,6.949999809265137,68630,0.0,0.0,PARSVNATH.NS,Parsvnath Developers Limited,Real Estate,Real Estate - Development,8037194752,,0.017,,26.19,11.15
2023-03-22 00:00:00+05:30,7.099999904632568,7.099999904632568,6.75,7.0,164508,0.0,0.0,PARSVNATH.NS,Parsvnath Developers Limited,Real Estate,Real Estate - Development,8037194752,,0.017,,26.19,11.15
2023-03-23 00:00:00+05:30,7.050000190734863,7.050000190734863,6.800000190734863,6.849999904632568,211795,0.0,0.0,PARSVNATH.NS,Parsvnath Developers Limited,Real Estate,Real Estate - Development,8037194752,,0.017,,26.19,11.15
2023-03-24 00:00:00+05:30,6.75,7.099999904632568,6.5,6.599999904632568,126990,0.0,0.0,PARSVNATH.NS,Parsvnath Developers Limited,Real Estate,Real Estate - Development,8037194752,,0.017,,26.19,11.15
2023-03-27 00:00:00+05:30,6.900000095367432,6.900000095367432,6.25,6.349999904632568,458633,0.0,0.0,PARSVNATH.NS,Parsvnath Developers Limited,Real Estate,Real Estate - Development,8037194752,,0.017,,26.19,11.15
2023-03-28 00:00:00+05:30,6.400000095367432,6.5,6.050000190734863,6.099999904632568,382641,0.0,0.0,PARSVNATH.NS,Parsvnath Developers Limited,Real Estate,Real Estate - Development,8037194752,,0.017,,26.19,11.15
2023-03-29 00:00:00+05:30,6.0,6.699999809265137,6.0,6.150000095367432,748499,0.0,0.0,PARSVNATH.NS,Parsvnath Developers Limited,Real Estate,Real Estate - Development,8037194752,,0.017,,26.19,11.15
2023-03-31 00:00:00+05:30,6.599999904632568,6.599999904632568,6.0,6.25,214366,0.0,0.0,PARSVNATH.NS,Parsvnath Developers Limited,Real Estate,Real Estate - Development,8037194752,,0.017,,26.19,11.15
2023-04-03 00:00:00+05:30,6.300000190734863,6.599999904632568,6.25,6.400000095367432,140797,0.0,0.0,PARSVNATH.NS,Parsvnath Developers Limited,Real Estate,Real Estate - Development,8037194752,,0.017,,26.19,11.15
2023-04-05 00:00:00+05:30,6.699999809265137,6.699999809265137,6.400000095367432,6.449999809265137,287441,0.0,0.0,PARSVNATH.NS,Parsvnath Developers Limited,Real Estate,Real Estate - Development,8037194752,,0.017,,26.19,11.15
2023-04-06 00:00:00+05:30,6.5,7.050000190734863,6.349999904632568,6.900000095367432,476150,0.0,0.0,PARSVNATH.NS,Parsvnath Developers Limited,Real Estate,Real Estate - Development,8037194752,,0.017,,26.19,11.15
2023-04-10 00:00:00+05:30,6.900000095367432,7.199999809265137,6.800000190734863,6.949999809265137,127471,0.0,0.0,PARSVNATH.NS,Parsvnath Developers Limited,Real Estate,Real Estate - Development,8037194752,,0.017,,26.19,11.15
2023-04-11 00:00:00+05:30,7.150000095367432,7.550000190734863,6.849999904632568,7.199999809265137,389351,0.0,0.0,PARSVNATH.NS,Parsvnath Developers Limited,Real Estate,Real Estate - Development,8037194752,,0.017,,26.19,11.15
2023-04-12 00:00:00+05:30,7.25,7.449999809265137,7.0,7.150000095367432,325947,0.0,0.0,PARSVNATH.NS,Parsvnath Developers Limited,Real Estate,Real Estate - Development,8037194752,,0.017,,26.19,11.15
2023-04-13 00:00:00+05:30,7.150000095367432,7.199999809265137,6.949999809265137,7.150000095367432,95905,0.0,0.0,PARSVNATH.NS,Parsvnath Developers Limited,Real Estate,Real Estate - Development,8037194752,,0.017,,26.19,11.15
2023-04-17 00:00:00+05:30,7.349999904632568,8.550000190734863,6.949999809265137,8.149999618530273,2973368,0.0,0.0,PARSVNATH.NS,Parsvnath Developers Limited,Real Estate,Real Estate - Development,8037194752,,0.017,,26.19,11.15
2023-04-18 00:00:00+05:30,8.149999618530273,8.5,7.949999809265137,8.0,795499,0.0,0.0,PARSVNATH.NS,Parsvnath Developers Limited,Real Estate,Real Estate - Development,8037194752,,0.017,,26.19,11.15
2023-04-19 00:00:00+05:30,8.25,8.25,7.449999809265137,7.650000095367432,474941,0.0,0.0,PARSVNATH.NS,Parsvnath Developers Limited,Real Estate,Real Estate - Development,8037194752,,0.017,,26.19,11.15
2023-04-20 00:00:00+05:30,7.699999809265137,7.900000095367432,7.650000095367432,7.75,209566,0.0,0.0,PARSVNATH.NS,Parsvnath Developers Limited,Real Estate,Real Estate - Development,8037194752,,0.017,,26.19,11.15
2023-04-21 00:00:00+05:30,7.800000190734863,7.900000095367432,7.650000095367432,7.75,95924,0.0,0.0,PARSVNATH.NS,Parsvnath Developers Limited,Real Estate,Real Estate - Development,8037194752,,0.017,,26.19,11.15
2023-04-24 00:00:00+05:30,7.900000095367432,7.949999809265137,7.5,7.550000190734863,144904,0.0,0.0,PARSVNATH.NS,Parsvnath Developers Limited,Real Estate,Real Estate - Development,8037194752,,0.017,,26.19,11.15
2023-04-25 00:00:00+05:30,7.650000095367432,8.350000381469727,7.550000190734863,7.800000190734863,297712,0.0,0.0,PARSVNATH.NS,Parsvnath Developers Limited,Real Estate,Real Estate - Development,8037194752,,0.017,,26.19,11.15
2023-04-26 00:00:00+05:30,7.949999809265137,8.050000190734863,7.699999809265137,7.800000190734863,149707,0.0,0.0,PARSVNATH.NS,Parsvnath Developers Limited,Real Estate,Real Estate - Development,8037194752,,0.017,,26.19,11.15
2023-04-27 00:00:00+05:30,7.900000095367432,7.900000095367432,7.5,7.599999904632568,366346,0.0,0.0,PARSVNATH.NS,Parsvnath Developers Limited,Real Estate,Real Estate - Development,8037194752,,0.017,,26.19,11.15
2023-04-28 00:00:00+05:30,7.800000190734863,7.849999904632568,7.650000095367432,7.699999809265137,142841,0.0,0.0,PARSVNATH.NS,Parsvnath Developers Limited,Real Estate,Real Estate - Development,8037194752,,0.017,,26.19,11.15
2023-05-02 00:00:00+05:30,7.699999809265137,7.900000095367432,7.5,7.599999904632568,217736,0.0,0.0,PARSVNATH.NS,Parsvnath Developers Limited,Real Estate,Real Estate - Development,8037194752,,0.017,,26.19,11.15
2023-05-03 00:00:00+05:30,7.599999904632568,7.75,7.449999809265137,7.550000190734863,261170,0.0,0.0,PARSVNATH.NS,Parsvnath Developers Limited,Real Estate,Real Estate - Development,8037194752,,0.017,,26.19,11.15
2023-05-04 00:00:00+05:30,7.599999904632568,7.650000095367432,7.300000190734863,7.599999904632568,282825,0.0,0.0,PARSVNATH.NS,Parsvnath Developers Limited,Real Estate,Real Estate - Development,8037194752,,0.017,,26.19,11.15
2023-05-05 00:00:00+05:30,7.5,7.699999809265137,6.900000095367432,7.0,1401619,0.0,0.0,PARSVNATH.NS,Parsvnath Developers Limited,Real Estate,Real Estate - Development,8037194752,,0.017,,26.19,11.15
2023-05-08 00:00:00+05:30,7.199999809265137,7.300000190734863,7.050000190734863,7.099999904632568,145832,0.0,0.0,PARSVNATH.NS,Parsvnath Developers Limited,Real Estate,Real Estate - Development,8037194752,,0.017,,26.19,11.15
2023-05-09 00:00:00+05:30,7.25,7.300000190734863,6.800000190734863,7.0,324837,0.0,0.0,PARSVNATH.NS,Parsvnath Developers Limited,Real Estate,Real Estate - Development,8037194752,,0.017,,26.19,11.15
2023-05-10 00:00:00+05:30,7.099999904632568,7.150000095367432,6.900000095367432,7.099999904632568,111881,0.0,0.0,PARSVNATH.NS,Parsvnath Developers Limited,Real Estate,Real Estate - Development,8037194752,,0.017,,26.19,11.15
2023-05-11 00:00:00+05:30,7.199999809265137,7.199999809265137,7.050000190734863,7.099999904632568,92836,0.0,0.0,PARSVNATH.NS,Parsvnath Developers Limited,Real Estate,Real Estate - Development,8037194752,,0.017,,26.19,11.15
2023-05-12 00:00:00+05:30,7.199999809265137,7.199999809265137,6.900000095367432,7.150000095367432,135881,0.0,0.0,PARSVNATH.NS,Parsvnath Developers Limited,Real Estate,Real Estate - Development,8037194752,,0.017,,26.19,11.15
2023-05-15 00:00:00+05:30,7.25,7.25,6.800000190734863,6.900000095367432,763289,0.0,0.0,PARSVNATH.NS,Parsvnath Developers Limited,Real Estate,Real Estate - Development,8037194752,,0.017,,26.19,11.15
2023-05-16 00:00:00+05:30,7.050000190734863,7.550000190734863,6.900000095367432,7.349999904632568,473324,0.0,0.0,PARSVNATH.NS,Parsvnath Developers Limited,Real Estate,Real Estate - Development,8037194752,,0.017,,26.19,11.15
2023-05-17 00:00:00+05:30,7.400000095367432,7.5,6.849999904632568,7.099999904632568,935767,0.0,0.0,PARSVNATH.NS,Parsvnath Developers Limited,Real Estate,Real Estate - Development,8037194752,,0.017,,26.19,11.15
2023-05-18 00:00:00+05:30,7.199999809265137,7.400000095367432,6.800000190734863,7.0,757039,0.0,0.0,PARSVNATH.NS,Parsvnath Developers Limited,Real Estate,Real Estate - Development,8037194752,,0.017,,26.19,11.15
2023-05-19 00:00:00+05:30,7.0,7.449999809265137,7.0,7.349999904632568,611764,0.0,0.0,PARSVNATH.NS,Parsvnath Developers Limited,Real Estate,Real Estate - Development,8037194752,,0.017,,26.19,11.15
2023-05-22 00:00:00+05:30,7.300000190734863,7.400000095367432,7.050000190734863,7.099999904632568,162283,0.0,0.0,PARSVNATH.NS,Parsvnath Developers Limited,Real Estate,Real Estate - Development,8037194752,,0.017,,26.19,11.15
2023-05-23 00:00:00+05:30,7.199999809265137,7.699999809265137,7.099999904632568,7.400000095367432,453504,0.0,0.0,PARSVNATH.NS,Parsvnath Developers Limited,Real Estate,Real Estate - Development,8037194752,,0.017,,26.19,11.15
2023-05-24 00:00:00+05:30,7.300000190734863,7.550000190734863,7.300000190734863,7.5,281775,0.0,0.0,PARSVNATH.NS,Parsvnath Developers Limited,Real Estate,Real Estate - Development,8037194752,,0.017,,26.19,11.15
2023-05-25 00:00:00+05:30,7.550000190734863,7.550000190734863,7.300000190734863,7.400000095367432,158479,0.0,0.0,PARSVNATH.NS,Parsvnath Developers Limited,Real Estate,Real Estate - Development,8037194752,,0.017,,26.19,11.15
2023-05-26 00:00:00+05:30,7.300000190734863,7.75,7.300000190734863,7.599999904632568,280057,0.0,0.0,PARSVNATH.NS,Parsvnath Developers Limited,Real Estate,Real Estate - Development,8037194752,,0.017,,26.19,11.15
2023-05-29 00:00:00+05:30,7.75,7.75,7.5,7.5,54394,0.0,0.0,PARSVNATH.NS,Parsvnath Developers Limited,Real Estate,Real Estate - Development,8037194752,,0.017,,26.19,11.15
2023-05-30 00:00:00+05:30,7.5,7.650000095367432,7.349999904632568,7.449999809265137,144807,0.0,0.0,PARSVNATH.NS,Parsvnath Developers Limited,Real Estate,Real Estate - Development,8037194752,,0.017,,26.19,11.15
2023-05-31 00:00:00+05:30,7.349999904632568,7.550000190734863,7.349999904632568,7.400000095367432,54287,0.0,0.0,PARSVNATH.NS,Parsvnath Developers Limited,Real Estate,Real Estate - Development,8037194752,,0.017,,26.19,11.15
2023-06-01 00:00:00+05:30,7.5,7.599999904632568,7.300000190734863,7.400000095367432,193419,0.0,0.0,PARSVNATH.NS,Parsvnath Developers Limited,Real Estate,Real Estate - Development,8037194752,,0.017,,26.19,11.15
2023-06-02 00:00:00+05:30,7.400000095367432,8.199999809265137,7.349999904632568,8.050000190734863,1337786,0.0,0.0,PARSVNATH.NS,Parsvnath Developers Limited,Real Estate,Real Estate - Development,8037194752,,0.017,,26.19,11.15
2023-06-05 00:00:00+05:30,8.5,9.5,8.300000190734863,9.300000190734863,3069682,0.0,0.0,PARSVNATH.NS,Parsvnath Developers Limited,Real Estate,Real Estate - Development,8037194752,,0.017,,26.19,11.15
2023-06-06 00:00:00+05:30,9.399999618530273,9.75,9.199999809265137,9.5,1416939,0.0,0.0,PARSVNATH.NS,Parsvnath Developers Limited,Real Estate,Real Estate - Development,8037194752,,0.017,,26.19,11.15
2023-06-07 00:00:00+05:30,9.350000381469727,9.649999618530273,9.25,9.350000381469727,602740,0.0,0.0,PARSVNATH.NS,Parsvnath Developers Limited,Real Estate,Real Estate - Development,8037194752,,0.017,,26.19,11.15
2023-06-08 00:00:00+05:30,9.5,9.5,8.600000381469727,8.899999618530273,632679,0.0,0.0,PARSVNATH.NS,Parsvnath Developers Limited,Real Estate,Real Estate - Development,8037194752,,0.017,,26.19,11.15
2023-06-09 00:00:00+05:30,9.0,9.25,8.800000190734863,8.899999618530273,338121,0.0,0.0,PARSVNATH.NS,Parsvnath Developers Limited,Real Estate,Real Estate - Development,8037194752,,0.017,,26.19,11.15
2023-06-12 00:00:00+05:30,8.899999618530273,9.050000190734863,8.649999618530273,8.699999809265137,297622,0.0,0.0,PARSVNATH.NS,Parsvnath Developers Limited,Real Estate,Real Estate - Development,8037194752,,0.017,,26.19,11.15
2023-06-13 00:00:00+05:30,8.899999618530273,9.050000190734863,8.649999618530273,8.75,376358,0.0,0.0,PARSVNATH.NS,Parsvnath Developers Limited,Real Estate,Real Estate - Development,8037194752,,0.017,,26.19,11.15
2023-06-14 00:00:00+05:30,8.850000381469727,9.0,8.100000381469727,8.350000381469727,730964,0.0,0.0,PARSVNATH.NS,Parsvnath Developers Limited,Real Estate,Real Estate - Development,8037194752,,0.017,,26.19,11.15
2023-06-15 00:00:00+05:30,8.5,8.699999809265137,8.399999618530273,8.449999809265137,168109,0.0,0.0,PARSVNATH.NS,Parsvnath Developers Limited,Real Estate,Real Estate - Development,8037194752,,0.017,,26.19,11.15
2023-06-16 00:00:00+05:30,8.600000381469727,8.850000381469727,8.550000190734863,8.649999618530273,292630,0.0,0.0,PARSVNATH.NS,Parsvnath Developers Limited,Real Estate,Real Estate - Development,8037194752,,0.017,,26.19,11.15
2023-06-19 00:00:00+05:30,8.850000381469727,8.899999618530273,8.350000381469727,8.550000190734863,201168,0.0,0.0,PARSVNATH.NS,Parsvnath Developers Limited,Real Estate,Real Estate - Development,8037194752,,0.017,,26.19,11.15
2023-06-20 00:00:00+05:30,8.699999809265137,8.699999809265137,8.399999618530273,8.550000190734863,207603,0.0,0.0,PARSVNATH.NS,Parsvnath Developers Limited,Real Estate,Real Estate - Development,8037194752,,0.017,,26.19,11.15
2023-06-21 00:00:00+05:30,8.600000381469727,8.600000381469727,8.350000381469727,8.399999618530273,133544,0.0,0.0,PARSVNATH.NS,Parsvnath Developers Limited,Real Estate,Real Estate - Development,8037194752,,0.017,,26.19,11.15
2023-06-22 00:00:00+05:30,8.5,8.600000381469727,8.149999618530273,8.199999809265137,223776,0.0,0.0,PARSVNATH.NS,Parsvnath Developers Limited,Real Estate,Real Estate - Development,8037194752,,0.017,,26.19,11.15
2023-06-23 00:00:00+05:30,8.199999809265137,8.25,8.050000190734863,8.100000381469727,76678,0.0,0.0,PARSVNATH.NS,Parsvnath Developers Limited,Real Estate,Real Estate - Development,8037194752,,0.017,,26.19,11.15
2023-06-26 00:00:00+05:30,8.300000190734863,8.300000190734863,8.050000190734863,8.100000381469727,117381,0.0,0.0,PARSVNATH.NS,Parsvnath Developers Limited,Real Estate,Real Estate - Development,8037194752,,0.017,,26.19,11.15
2023-06-27 00:00:00+05:30,8.100000381469727,8.300000190734863,8.100000381469727,8.149999618530273,141991,0.0,0.0,PARSVNATH.NS,Parsvnath Developers Limited,Real Estate,Real Estate - Development,8037194752,,0.017,,26.19,11.15
2023-06-28 00:00:00+05:30,8.25,8.350000381469727,8.100000381469727,8.149999618530273,91486,0.0,0.0,PARSVNATH.NS,Parsvnath Developers Limited,Real Estate,Real Estate - Development,8037194752,,0.017,,26.19,11.15
2023-06-30 00:00:00+05:30,8.149999618530273,8.449999809265137,8.100000381469727,8.199999809265137,154888,0.0,0.0,PARSVNATH.NS,Parsvnath Developers Limited,Real Estate,Real Estate - Development,8037194752,,0.017,,26.19,11.15
2023-07-03 00:00:00+05:30,8.25,8.350000381469727,8.149999618530273,8.300000190734863,154503,0.0,0.0,PARSVNATH.NS,Parsvnath Developers Limited,Real Estate,Real Estate - Development,8037194752,,0.017,,26.19,11.15
2023-07-04 00:00:00+05:30,8.100000381469727,8.449999809265137,8.100000381469727,8.350000381469727,100390,0.0,0.0,PARSVNATH.NS,Parsvnath Developers Limited,Real Estate,Real Estate - Development,8037194752,,0.017,,26.19,11.15
2023-07-05 00:00:00+05:30,8.350000381469727,8.350000381469727,8.100000381469727,8.25,101093,0.0,0.0,PARSVNATH.NS,Parsvnath Developers Limited,Real Estate,Real Estate - Development,8037194752,,0.017,,26.19,11.15
2023-07-06 00:00:00+05:30,8.25,8.449999809265137,8.199999809265137,8.25,127923,0.0,0.0,PARSVNATH.NS,Parsvnath Developers Limited,Real Estate,Real Estate - Development,8037194752,,0.017,,26.19,11.15
2023-07-07 00:00:00+05:30,8.25,8.399999618530273,8.100000381469727,8.149999618530273,141187,0.0,0.0,PARSVNATH.NS,Parsvnath Developers Limited,Real Estate,Real Estate - Development,8037194752,,0.017,,26.19,11.15
2023-07-10 00:00:00+05:30,8.149999618530273,8.300000190734863,7.75,7.800000190734863,181855,0.0,0.0,PARSVNATH.NS,Parsvnath Developers Limited,Real Estate,Real Estate - Development,8037194752,,0.017,,26.19,11.15
2023-07-11 00:00:00+05:30,7.75,7.900000095367432,7.550000190734863,7.650000095367432,414024,0.0,0.0,PARSVNATH.NS,Parsvnath Developers Limited,Real Estate,Real Estate - Development,8037194752,,0.017,,26.19,11.15
2023-07-12 00:00:00+05:30,7.75,7.75,7.5,7.550000190734863,247008,0.0,0.0,PARSVNATH.NS,Parsvnath Developers Limited,Real Estate,Real Estate - Development,8037194752,,0.017,,26.19,11.15
2023-07-13 00:00:00+05:30,7.550000190734863,8.0,7.449999809265137,7.699999809265137,216808,0.0,0.0,PARSVNATH.NS,Parsvnath Developers Limited,Real Estate,Real Estate - Development,8037194752,,0.017,,26.19,11.15
2023-07-14 00:00:00+05:30,7.849999904632568,8.050000190734863,7.599999904632568,7.650000095367432,319593,0.0,0.0,PARSVNATH.NS,Parsvnath Developers Limited,Real Estate,Real Estate - Development,8037194752,,0.017,,26.19,11.15
2023-07-17 00:00:00+05:30,7.650000095367432,7.800000190734863,7.550000190734863,7.599999904632568,121622,0.0,0.0,PARSVNATH.NS,Parsvnath Developers Limited,Real Estate,Real Estate - Development,8037194752,,0.017,,26.19,11.15
2023-07-18 00:00:00+05:30,7.699999809265137,7.75,7.449999809265137,7.550000190734863,152385,0.0,0.0,PARSVNATH.NS,Parsvnath Developers Limited,Real Estate,Real Estate - Development,8037194752,,0.017,,26.19,11.15
2023-07-19 00:00:00+05:30,7.599999904632568,7.75,7.5,7.599999904632568,156574,0.0,0.0,PARSVNATH.NS,Parsvnath Developers Limited,Real Estate,Real Estate - Development,8037194752,,0.017,,26.19,11.15
2023-07-20 00:00:00+05:30,7.599999904632568,7.800000190734863,7.599999904632568,7.699999809265137,264356,0.0,0.0,PARSVNATH.NS,Parsvnath Developers Limited,Real Estate,Real Estate - Development,8037194752,,0.017,,26.19,11.15
2023-07-21 00:00:00+05:30,7.800000190734863,7.800000190734863,7.5,7.599999904632568,173624,0.0,0.0,PARSVNATH.NS,Parsvnath Developers Limited,Real Estate,Real Estate - Development,8037194752,,0.017,,26.19,11.15
2023-07-24 00:00:00+05:30,7.599999904632568,7.650000095367432,7.349999904632568,7.400000095367432,152082,0.0,0.0,PARSVNATH.NS,Parsvnath Developers Limited,Real Estate,Real Estate - Development,8037194752,,0.017,,26.19,11.15
2023-07-25 00:00:00+05:30,7.400000095367432,7.599999904632568,7.099999904632568,7.199999809265137,542357,0.0,0.0,PARSVNATH.NS,Parsvnath Developers Limited,Real Estate,Real Estate - Development,8037194752,,0.017,,26.19,11.15
2023-07-26 00:00:00+05:30,7.300000190734863,7.400000095367432,7.099999904632568,7.099999904632568,393453,0.0,0.0,PARSVNATH.NS,Parsvnath Developers Limited,Real Estate,Real Estate - Development,8037194752,,0.017,,26.19,11.15
2023-07-27 00:00:00+05:30,7.150000095367432,7.349999904632568,7.150000095367432,7.199999809265137,141491,0.0,0.0,PARSVNATH.NS,Parsvnath Developers Limited,Real Estate,Real Estate - Development,8037194752,,0.017,,26.19,11.15
2023-07-28 00:00:00+05:30,7.25,7.400000095367432,7.150000095367432,7.300000190734863,116392,0.0,0.0,PARSVNATH.NS,Parsvnath Developers Limited,Real Estate,Real Estate - Development,8037194752,,0.017,,26.19,11.15
2023-07-31 00:00:00+05:30,7.449999809265137,7.449999809265137,7.199999809265137,7.25,203394,0.0,0.0,PARSVNATH.NS,Parsvnath Developers Limited,Real Estate,Real Estate - Development,8037194752,,0.017,,26.19,11.15
2023-08-01 00:00:00+05:30,7.300000190734863,7.800000190734863,7.150000095367432,7.699999809265137,534709,0.0,0.0,PARSVNATH.NS,Parsvnath Developers Limited,Real Estate,Real Estate - Development,8037194752,,0.017,,26.19,11.15
2023-08-02 00:00:00+05:30,7.699999809265137,7.800000190734863,7.449999809265137,7.550000190734863,254715,0.0,0.0,PARSVNATH.NS,Parsvnath Developers Limited,Real Estate,Real Estate - Development,8037194752,,0.017,,26.19,11.15
2023-08-03 00:00:00+05:30,7.650000095367432,7.699999809265137,7.199999809265137,7.25,174432,0.0,0.0,PARSVNATH.NS,Parsvnath Developers Limited,Real Estate,Real Estate - Development,8037194752,,0.017,,26.19,11.15
2023-08-04 00:00:00+05:30,7.349999904632568,7.449999809265137,7.25,7.400000095367432,165208,0.0,0.0,PARSVNATH.NS,Parsvnath Developers Limited,Real Estate,Real Estate - Development,8037194752,,0.017,,26.19,11.15
2023-08-07 00:00:00+05:30,7.349999904632568,7.599999904632568,7.150000095367432,7.25,142713,0.0,0.0,PARSVNATH.NS,Parsvnath Developers Limited,Real Estate,Real Estate - Development,8037194752,,0.017,,26.19,11.15
2023-08-08 00:00:00+05:30,7.300000190734863,7.699999809265137,7.099999904632568,7.449999809265137,563961,0.0,0.0,PARSVNATH.NS,Parsvnath Developers Limited,Real Estate,Real Estate - Development,8037194752,,0.017,,26.19,11.15
2023-08-09 00:00:00+05:30,7.5,7.900000095367432,7.449999809265137,7.550000190734863,497261,0.0,0.0,PARSVNATH.NS,Parsvnath Developers Limited,Real Estate,Real Estate - Development,8037194752,,0.017,,26.19,11.15
2023-08-10 00:00:00+05:30,7.5,7.550000190734863,7.25,7.349999904632568,464884,0.0,0.0,PARSVNATH.NS,Parsvnath Developers Limited,Real Estate,Real Estate - Development,8037194752,,0.017,,26.19,11.15
2023-08-11 00:00:00+05:30,7.300000190734863,7.650000095367432,7.300000190734863,7.5,323919,0.0,0.0,PARSVNATH.NS,Parsvnath Developers Limited,Real Estate,Real Estate - Development,8037194752,,0.017,,26.19,11.15
2023-08-14 00:00:00+05:30,7.5,7.599999904632568,7.349999904632568,7.400000095367432,142360,0.0,0.0,PARSVNATH.NS,Parsvnath Developers Limited,Real Estate,Real Estate - Development,8037194752,,0.017,,26.19,11.15
2023-08-16 00:00:00+05:30,7.449999809265137,7.550000190734863,7.199999809265137,7.349999904632568,381431,0.0,0.0,PARSVNATH.NS,Parsvnath Developers Limited,Real Estate,Real Estate - Development,8037194752,,0.017,,26.19,11.15
2023-08-17 00:00:00+05:30,7.349999904632568,7.650000095367432,7.349999904632568,7.550000190734863,363981,0.0,0.0,PARSVNATH.NS,Parsvnath Developers Limited,Real Estate,Real Estate - Development,8037194752,,0.017,,26.19,11.15
2023-08-18 00:00:00+05:30,7.599999904632568,7.849999904632568,7.449999809265137,7.550000190734863,521466,0.0,0.0,PARSVNATH.NS,Parsvnath Developers Limited,Real Estate,Real Estate - Development,8037194752,,0.017,,26.19,11.15
2023-08-21 00:00:00+05:30,7.699999809265137,9.050000190734863,7.699999809265137,9.0,4532291,0.0,0.0,PARSVNATH.NS,Parsvnath Developers Limited,Real Estate,Real Estate - Development,8037194752,,0.017,,26.19,11.15
2023-08-22 00:00:00+05:30,9.300000190734863,10.699999809265137,9.199999809265137,9.350000381469727,5664156,0.0,0.0,PARSVNATH.NS,Parsvnath Developers Limited,Real Estate,Real Estate - Development,8037194752,,0.017,,26.19,11.15
2023-08-23 00:00:00+05:30,9.449999809265137,10.300000190734863,9.350000381469727,9.800000190734863,1875583,0.0,0.0,PARSVNATH.NS,Parsvnath Developers Limited,Real Estate,Real Estate - Development,8037194752,,0.017,,26.19,11.15
2023-08-24 00:00:00+05:30,9.800000190734863,10.25,9.699999809265137,9.850000381469727,702610,0.0,0.0,PARSVNATH.NS,Parsvnath Developers Limited,Real Estate,Real Estate - Development,8037194752,,0.017,,26.19,11.15
2023-08-25 00:00:00+05:30,9.850000381469727,9.949999809265137,9.149999618530273,9.199999809265137,621108,0.0,0.0,PARSVNATH.NS,Parsvnath Developers Limited,Real Estate,Real Estate - Development,8037194752,,0.017,,26.19,11.15
2023-08-28 00:00:00+05:30,9.350000381469727,10.100000381469727,9.350000381469727,9.649999618530273,1208756,0.0,0.0,PARSVNATH.NS,Parsvnath Developers Limited,Real Estate,Real Estate - Development,8037194752,,0.017,,26.19,11.15
2023-08-29 00:00:00+05:30,9.899999618530273,10.100000381469727,9.649999618530273,9.850000381469727,636155,0.0,0.0,PARSVNATH.NS,Parsvnath Developers Limited,Real Estate,Real Estate - Development,8037194752,,0.017,,26.19,11.15
2023-08-30 00:00:00+05:30,9.800000190734863,9.949999809265137,9.5,9.600000381469727,520702,0.0,0.0,PARSVNATH.NS,Parsvnath Developers Limited,Real Estate,Real Estate - Development,8037194752,,0.017,,26.19,11.15
2023-08-31 00:00:00+05:30,9.850000381469727,9.850000381469727,9.5,9.550000190734863,302657,0.0,0.0,PARSVNATH.NS,Parsvnath Developers Limited,Real Estate,Real Estate - Development,8037194752,,0.017,,26.19,11.15
2023-09-01 00:00:00+05:30,9.25,9.5,8.850000381469727,9.0,1021525,0.0,0.0,PARSVNATH.NS,Parsvnath Developers Limited,Real Estate,Real Estate - Development,8037194752,,0.017,,26.19,11.15
2023-09-04 00:00:00+05:30,9.149999618530273,9.399999618530273,9.0,9.050000190734863,660980,0.0,0.0,PARSVNATH.NS,Parsvnath Developers Limited,Real Estate,Real Estate - Development,8037194752,,0.017,,26.19,11.15
2023-09-05 00:00:00+05:30,9.25,9.800000190734863,9.100000381469727,9.199999809265137,449197,0.0,0.0,PARSVNATH.NS,Parsvnath Developers Limited,Real Estate,Real Estate - Development,8037194752,,0.017,,26.19,11.15
2023-09-06 00:00:00+05:30,9.350000381469727,9.5,9.100000381469727,9.100000381469727,417372,0.0,0.0,PARSVNATH.NS,Parsvnath Developers Limited,Real Estate,Real Estate - Development,8037194752,,0.017,,26.19,11.15
2023-09-07 00:00:00+05:30,9.25,9.5,8.800000190734863,9.0,1034623,0.0,0.0,PARSVNATH.NS,Parsvnath Developers Limited,Real Estate,Real Estate - Development,8037194752,,0.017,,26.19,11.15
2023-09-08 00:00:00+05:30,9.300000190734863,9.300000190734863,8.949999809265137,9.0,835960,0.0,0.0,PARSVNATH.NS,Parsvnath Developers Limited,Real Estate,Real Estate - Development,8037194752,,0.017,,26.19,11.15
2023-09-11 00:00:00+05:30,9.149999618530273,9.25,8.949999809265137,9.0,714843,0.0,0.0,PARSVNATH.NS,Parsvnath Developers Limited,Real Estate,Real Estate - Development,8037194752,,0.017,,26.19,11.15
2023-09-12 00:00:00+05:30,9.0,9.149999618530273,8.5,8.800000190734863,708678,0.0,0.0,PARSVNATH.NS,Parsvnath Developers Limited,Real Estate,Real Estate - Development,8037194752,,0.017,,26.19,11.15
2023-09-13 00:00:00+05:30,8.949999809265137,9.100000381469727,8.800000190734863,8.899999618530273,456383,0.0,0.0,PARSVNATH.NS,Parsvnath Developers Limited,Real Estate,Real Estate - Development,8037194752,,0.017,,26.19,11.15
2023-09-14 00:00:00+05:30,9.100000381469727,9.100000381469727,8.800000190734863,8.850000381469727,335600,0.0,0.0,PARSVNATH.NS,Parsvnath Developers Limited,Real Estate,Real Estate - Development,8037194752,,0.017,,26.19,11.15
2023-09-15 00:00:00+05:30,8.949999809265137,9.050000190734863,8.75,9.0,438636,0.0,0.0,PARSVNATH.NS,Parsvnath Developers Limited,Real Estate,Real Estate - Development,8037194752,,0.017,,26.19,11.15
2023-09-18 00:00:00+05:30,9.199999809265137,9.199999809265137,8.899999618530273,8.949999809265137,205197,0.0,0.0,PARSVNATH.NS,Parsvnath Developers Limited,Real Estate,Real Estate - Development,8037194752,,0.017,,26.19,11.15
2023-09-20 00:00:00+05:30,9.100000381469727,9.100000381469727,8.800000190734863,8.949999809265137,369906,0.0,0.0,PARSVNATH.NS,Parsvnath Developers Limited,Real Estate,Real Estate - Development,8037194752,,0.017,,26.19,11.15
2023-09-21 00:00:00+05:30,8.949999809265137,9.0,8.5,8.600000381469727,316440,0.0,0.0,PARSVNATH.NS,Parsvnath Developers Limited,Real Estate,Real Estate - Development,8037194752,,0.017,,26.19,11.15
2023-09-22 00:00:00+05:30,8.600000381469727,10.300000190734863,8.600000381469727,10.25,8444144,0.0,0.0,PARSVNATH.NS,Parsvnath Developers Limited,Real Estate,Real Estate - Development,8037194752,,0.017,,26.19,11.15
2023-09-25 00:00:00+05:30,10.449999809265137,12.300000190734863,9.899999618530273,12.25,11629267,0.0,0.0,PARSVNATH.NS,Parsvnath Developers Limited,Real Estate,Real Estate - Development,8037194752,,0.017,,26.19,11.15
2023-09-26 00:00:00+05:30,12.550000190734863,13.600000381469727,12.399999618530273,13.149999618530273,13670579,0.0,0.0,PARSVNATH.NS,Parsvnath Developers Limited,Real Estate,Real Estate - Development,8037194752,,0.017,,26.19,11.15
2023-09-27 00:00:00+05:30,13.149999618530273,13.149999618530273,11.850000381469727,12.0,4893362,0.0,0.0,PARSVNATH.NS,Parsvnath Developers Limited,Real Estate,Real Estate - Development,8037194752,,0.017,,26.19,11.15
2023-09-28 00:00:00+05:30,11.75,11.949999809265137,10.800000190734863,10.949999809265137,4196119,0.0,0.0,PARSVNATH.NS,Parsvnath Developers Limited,Real Estate,Real Estate - Development,8037194752,,0.017,,26.19,11.15
2023-09-29 00:00:00+05:30,11.199999809265137,12.0,11.199999809265137,12.0,3184623,0.0,0.0,PARSVNATH.NS,Parsvnath Developers Limited,Real Estate,Real Estate - Development,8037194752,,0.017,,26.19,11.15
2023-10-03 00:00:00+05:30,12.0,12.600000381469727,11.949999809265137,12.25,2483615,0.0,0.0,PARSVNATH.NS,Parsvnath Developers Limited,Real Estate,Real Estate - Development,8037194752,,0.017,,26.19,11.15
2023-10-04 00:00:00+05:30,12.25,12.5,11.649999618530273,12.100000381469727,1051033,0.0,0.0,PARSVNATH.NS,Parsvnath Developers Limited,Real Estate,Real Estate - Development,8037194752,,0.017,,26.19,11.15
2023-10-05 00:00:00+05:30,12.100000381469727,12.100000381469727,11.5,11.649999618530273,534716,0.0,0.0,PARSVNATH.NS,Parsvnath Developers Limited,Real Estate,Real Estate - Development,8037194752,,0.017,,26.19,11.15
2023-10-06 00:00:00+05:30,11.949999809265137,11.949999809265137,11.100000381469727,11.199999809265137,422926,0.0,0.0,PARSVNATH.NS,Parsvnath Developers Limited,Real Estate,Real Estate - Development,8037194752,,0.017,,26.19,11.15
2023-10-09 00:00:00+05:30,10.850000381469727,11.0,10.649999618530273,10.649999618530273,287283,0.0,0.0,PARSVNATH.NS,Parsvnath Developers Limited,Real Estate,Real Estate - Development,8037194752,,0.017,,26.19,11.15
2023-10-10 00:00:00+05:30,10.649999618530273,11.149999618530273,10.649999618530273,11.149999618530273,252706,0.0,0.0,PARSVNATH.NS,Parsvnath Developers Limited,Real Estate,Real Estate - Development,8037194752,,0.017,,26.19,11.15
2023-10-11 00:00:00+05:30,11.5,11.649999618530273,11.149999618530273,11.399999618530273,292709,0.0,0.0,PARSVNATH.NS,Parsvnath Developers Limited,Real Estate,Real Estate - Development,8037194752,,0.017,,26.19,11.15
2023-10-12 00:00:00+05:30,11.399999618530273,11.649999618530273,10.850000381469727,10.949999809265137,458566,0.0,0.0,PARSVNATH.NS,Parsvnath Developers Limited,Real Estate,Real Estate - Development,8037194752,,0.017,,26.19,11.15
2023-10-13 00:00:00+05:30,10.850000381469727,11.399999618530273,10.75,11.100000381469727,240837,0.0,0.0,PARSVNATH.NS,Parsvnath Developers Limited,Real Estate,Real Estate - Development,8037194752,,0.017,,26.19,11.15
2023-10-16 00:00:00+05:30,11.350000381469727,11.600000381469727,10.850000381469727,11.0,250923,0.0,0.0,PARSVNATH.NS,Parsvnath Developers Limited,Real Estate,Real Estate - Development,8037194752,,0.017,,26.19,11.15
2023-10-17 00:00:00+05:30,11.0,11.550000190734863,10.699999809265137,11.550000190734863,634835,0.0,0.0,PARSVNATH.NS,Parsvnath Developers Limited,Real Estate,Real Estate - Development,8037194752,,0.017,,26.19,11.15
2023-10-18 00:00:00+05:30,11.550000190734863,11.75,11.0,11.050000190734863,692195,0.0,0.0,PARSVNATH.NS,Parsvnath Developers Limited,Real Estate,Real Estate - Development,8037194752,,0.017,,26.19,11.15
2023-10-19 00:00:00+05:30,11.050000190734863,11.149999618530273,10.75,11.0,120593,0.0,0.0,PARSVNATH.NS,Parsvnath Developers Limited,Real Estate,Real Estate - Development,8037194752,,0.017,,26.19,11.15
2023-10-20 00:00:00+05:30,11.199999809265137,11.300000190734863,10.699999809265137,10.899999618530273,183055,0.0,0.0,PARSVNATH.NS,Parsvnath Developers Limited,Real Estate,Real Estate - Development,8037194752,,0.017,,26.19,11.15
2023-10-23 00:00:00+05:30,10.899999618530273,11.100000381469727,10.350000381469727,10.399999618530273,214666,0.0,0.0,PARSVNATH.NS,Parsvnath Developers Limited,Real Estate,Real Estate - Development,8037194752,,0.017,,26.19,11.15
2023-10-25 00:00:00+05:30,10.0,10.550000190734863,9.899999618530273,9.899999618530273,238384,0.0,0.0,PARSVNATH.NS,Parsvnath Developers Limited,Real Estate,Real Estate - Development,8037194752,,0.017,,26.19,11.15
2023-10-26 00:00:00+05:30,9.649999618530273,9.850000381469727,9.399999618530273,9.5,330588,0.0,0.0,PARSVNATH.NS,Parsvnath Developers Limited,Real Estate,Real Estate - Development,8037194752,,0.017,,26.19,11.15
2023-10-27 00:00:00+05:30,9.600000381469727,9.949999809265137,9.5,9.949999809265137,126115,0.0,0.0,PARSVNATH.NS,Parsvnath Developers Limited,Real Estate,Real Estate - Development,8037194752,,0.017,,26.19,11.15
2023-10-30 00:00:00+05:30,9.949999809265137,10.25,9.449999809265137,9.75,260749,0.0,0.0,PARSVNATH.NS,Parsvnath Developers Limited,Real Estate,Real Estate - Development,8037194752,,0.017,,26.19,11.15
2023-10-31 00:00:00+05:30,9.899999618530273,9.899999618530273,9.550000190734863,9.649999618530273,139031,0.0,0.0,PARSVNATH.NS,Parsvnath Developers Limited,Real Estate,Real Estate - Development,8037194752,,0.017,,26.19,11.15
2023-11-01 00:00:00+05:30,9.699999809265137,10.0,9.5,9.649999618530273,243992,0.0,0.0,PARSVNATH.NS,Parsvnath Developers Limited,Real Estate,Real Estate - Development,8037194752,,0.017,,26.19,11.15
2023-11-02 00:00:00+05:30,9.800000190734863,9.899999618530273,9.600000381469727,9.75,151171,0.0,0.0,PARSVNATH.NS,Parsvnath Developers Limited,Real Estate,Real Estate - Development,8037194752,,0.017,,26.19,11.15
2023-11-03 00:00:00+05:30,9.800000190734863,10.199999809265137,9.800000190734863,10.199999809265137,376916,0.0,0.0,PARSVNATH.NS,Parsvnath Developers Limited,Real Estate,Real Estate - Development,8037194752,,0.017,,26.19,11.15
2023-11-06 00:00:00+05:30,10.649999618530273,10.699999809265137,10.350000381469727,10.699999809265137,374421,0.0,0.0,PARSVNATH.NS,Parsvnath Developers Limited,Real Estate,Real Estate - Development,8037194752,,0.017,,26.19,11.15
2023-11-07 00:00:00+05:30,10.699999809265137,10.850000381469727,10.199999809265137,10.199999809265137,491540,0.0,0.0,PARSVNATH.NS,Parsvnath Developers Limited,Real Estate,Real Estate - Development,8037194752,,0.017,,26.19,11.15
2023-11-08 00:00:00+05:30,10.199999809265137,10.699999809265137,9.699999809265137,10.199999809265137,1497376,0.0,0.0,PARSVNATH.NS,Parsvnath Developers Limited,Real Estate,Real Estate - Development,8037194752,,0.017,,26.19,11.15
2023-11-09 00:00:00+05:30,10.199999809265137,10.199999809265137,9.75,9.899999618530273,462843,0.0,0.0,PARSVNATH.NS,Parsvnath Developers Limited,Real Estate,Real Estate - Development,8037194752,,0.017,,26.19,11.15
2023-11-10 00:00:00+05:30,9.899999618530273,10.149999618530273,9.75,10.100000381469727,239395,0.0,0.0,PARSVNATH.NS,Parsvnath Developers Limited,Real Estate,Real Estate - Development,8037194752,,0.017,,26.19,11.15
2023-11-13 00:00:00+05:30,10.399999618530273,10.5,10.0,10.350000381469727,192458,0.0,0.0,PARSVNATH.NS,Parsvnath Developers Limited,Real Estate,Real Estate - Development,8037194752,,0.017,,26.19,11.15
2023-11-15 00:00:00+05:30,10.449999809265137,10.649999618530273,9.899999618530273,10.399999618530273,505363,0.0,0.0,PARSVNATH.NS,Parsvnath Developers Limited,Real Estate,Real Estate - Development,8037194752,,0.017,,26.19,11.15
2023-11-16 00:00:00+05:30,10.399999618530273,10.449999809265137,10.050000190734863,10.199999809265137,187909,0.0,0.0,PARSVNATH.NS,Parsvnath Developers Limited,Real Estate,Real Estate - Development,8037194752,,0.017,,26.19,11.15
2023-11-17 00:00:00+05:30,10.199999809265137,10.699999809265137,10.149999618530273,10.699999809265137,637277,0.0,0.0,PARSVNATH.NS,Parsvnath Developers Limited,Real Estate,Real Estate - Development,8037194752,,0.017,,26.19,11.15
2023-11-20 00:00:00+05:30,11.0,11.100000381469727,10.699999809265137,10.949999809265137,426222,0.0,0.0,PARSVNATH.NS,Parsvnath Developers Limited,Real Estate,Real Estate - Development,8037194752,,0.017,,26.19,11.15
2023-11-21 00:00:00+05:30,11.0,11.449999809265137,10.899999618530273,11.449999809265137,882681,0.0,0.0,PARSVNATH.NS,Parsvnath Developers Limited,Real Estate,Real Estate - Development,8037194752,,0.017,,26.19,11.15
2023-11-22 00:00:00+05:30,11.600000381469727,11.800000190734863,11.199999809265137,11.25,596174,0.0,0.0,PARSVNATH.NS,Parsvnath Developers Limited,Real Estate,Real Estate - Development,8037194752,,0.017,,26.19,11.15
2023-11-23 00:00:00+05:30,10.899999618530273,11.800000190734863,10.899999618530273,11.600000381469727,758649,0.0,0.0,PARSVNATH.NS,Parsvnath Developers Limited,Real Estate,Real Estate - Development,8037194752,,0.017,,26.19,11.15
2023-11-24 00:00:00+05:30,11.800000190734863,11.899999618530273,11.5,11.75,557082,0.0,0.0,PARSVNATH.NS,Parsvnath Developers Limited,Real Estate,Real Estate - Development,8037194752,,0.017,,26.19,11.15
2023-11-28 00:00:00+05:30,11.75,11.899999618530273,11.199999809265137,11.199999809265137,497784,0.0,0.0,PARSVNATH.NS,Parsvnath Developers Limited,Real Estate,Real Estate - Development,8037194752,,0.017,,26.19,11.15
2023-11-29 00:00:00+05:30,10.800000190734863,11.149999618530273,10.75,10.899999618530273,251206,0.0,0.0,PARSVNATH.NS,Parsvnath Developers Limited,Real Estate,Real Estate - Development,8037194752,,0.017,,26.19,11.15
2023-11-30 00:00:00+05:30,10.75,11.149999618530273,10.350000381469727,10.949999809265137,771144,0.0,0.0,PARSVNATH.NS,Parsvnath Developers Limited,Real Estate,Real Estate - Development,8037194752,,0.017,,26.19,11.15
2023-12-01 00:00:00+05:30,10.75,11.100000381469727,10.399999618530273,10.800000190734863,559195,0.0,0.0,PARSVNATH.NS,Parsvnath Developers Limited,Real Estate,Real Estate - Development,8037194752,,0.017,,26.19,11.15
2023-12-04 00:00:00+05:30,10.800000190734863,10.949999809265137,10.399999618530273,10.600000381469727,200697,0.0,0.0,PARSVNATH.NS,Parsvnath Developers Limited,Real Estate,Real Estate - Development,8037194752,,0.017,,26.19,11.15
2023-12-05 00:00:00+05:30,10.75,10.75,10.199999809265137,10.350000381469727,459572,0.0,0.0,PARSVNATH.NS,Parsvnath Developers Limited,Real Estate,Real Estate - Development,8037194752,,0.017,,26.19,11.15
2023-12-06 00:00:00+05:30,10.399999618530273,10.550000190734863,10.149999618530273,10.399999618530273,267911,0.0,0.0,PARSVNATH.NS,Parsvnath Developers Limited,Real Estate,Real Estate - Development,8037194752,,0.017,,26.19,11.15
2023-12-07 00:00:00+05:30,10.399999618530273,10.5,10.0,10.350000381469727,343625,0.0,0.0,PARSVNATH.NS,Parsvnath Developers Limited,Real Estate,Real Estate - Development,8037194752,,0.017,,26.19,11.15
2023-12-08 00:00:00+05:30,10.199999809265137,10.850000381469727,10.199999809265137,10.850000381469727,337232,0.0,0.0,PARSVNATH.NS,Parsvnath Developers Limited,Real Estate,Real Estate - Development,8037194752,,0.017,,26.19,11.15
2023-12-11 00:00:00+05:30,10.899999618530273,11.350000381469727,10.899999618530273,11.350000381469727,381023,0.0,0.0,PARSVNATH.NS,Parsvnath Developers Limited,Real Estate,Real Estate - Development,8037194752,,0.017,,26.19,11.15
2023-12-12 00:00:00+05:30,11.899999618530273,11.899999618530273,11.899999618530273,11.899999618530273,342699,0.0,0.0,PARSVNATH.NS,Parsvnath Developers Limited,Real Estate,Real Estate - Development,8037194752,,0.017,,26.19,11.15
2023-12-13 00:00:00+05:30,12.449999809265137,12.449999809265137,11.649999618530273,12.350000381469727,1634268,0.0,0.0,PARSVNATH.NS,Parsvnath Developers Limited,Real Estate,Real Estate - Development,8037194752,,0.017,,26.19,11.15
2023-12-14 00:00:00+05:30,12.100000381469727,12.100000381469727,12.100000381469727,12.100000381469727,432704,0.0,0.0,PARSVNATH.NS,Parsvnath Developers Limited,Real Estate,Real Estate - Development,8037194752,,0.017,,26.19,11.15
2023-12-15 00:00:00+05:30,11.850000381469727,11.850000381469727,11.850000381469727,11.850000381469727,68363,0.0,0.0,PARSVNATH.NS,Parsvnath Developers Limited,Real Estate,Real Estate - Development,8037194752,,0.017,,26.19,11.15
2023-12-18 00:00:00+05:30,11.649999618530273,11.850000381469727,11.649999618530273,11.649999618530273,248597,0.0,0.0,PARSVNATH.NS,Parsvnath Developers Limited,Real Estate,Real Estate - Development,8037194752,,0.017,,26.19,11.15
2023-12-19 00:00:00+05:30,11.5,11.5,11.449999809265137,11.5,320101,0.0,0.0,PARSVNATH.NS,Parsvnath Developers Limited,Real Estate,Real Estate - Development,8037194752,,0.017,,26.19,11.15
2023-12-20 00:00:00+05:30,11.300000190734863,11.699999809265137,11.300000190734863,11.300000190734863,1043780,0.0,0.0,PARSVNATH.NS,Parsvnath Developers Limited,Real Estate,Real Estate - Development,8037194752,,0.017,,26.19,11.15
2023-12-21 00:00:00+05:30,11.300000190734863,11.300000190734863,11.100000381469727,11.300000190734863,488411,0.0,0.0,PARSVNATH.NS,Parsvnath Developers Limited,Real Estate,Real Estate - Development,8037194752,,0.017,,26.19,11.15
2023-12-22 00:00:00+05:30,11.5,11.5,11.5,11.5,387765,0.0,0.0,PARSVNATH.NS,Parsvnath Developers Limited,Real Estate,Real Estate - Development,8037194752,,0.017,,26.19,11.15
2023-12-26 00:00:00+05:30,11.350000381469727,11.600000381469727,11.350000381469727,11.350000381469727,134797,0.0,0.0,PARSVNATH.NS,Parsvnath Developers Limited,Real Estate,Real Estate - Development,8037194752,,0.017,,26.19,11.15
2023-12-27 00:00:00+05:30,11.149999618530273,11.149999618530273,11.149999618530273,11.149999618530273,238198,0.0,0.0,PARSVNATH.NS,Parsvnath Developers Limited,Real Estate,Real Estate - Development,8037194752,,0.017,,26.19,11.15
2023-12-28 00:00:00+05:30,10.949999809265137,10.949999809265137,10.949999809265137,10.949999809265137,141392,0.0,0.0,PARSVNATH.NS,Parsvnath Developers Limited,Real Estate,Real Estate - Development,8037194752,,0.017,,26.19,11.15
2023-12-29 00:00:00+05:30,10.75,10.800000190734863,10.75,10.75,169361,0.0,0.0,PARSVNATH.NS,Parsvnath Developers Limited,Real Estate,Real Estate - Development,8037194752,,0.017,,26.19,11.15
2024-01-01 00:00:00+05:30,10.649999618530273,10.699999809265137,10.600000381469727,10.649999618530273,133374,0.0,0.0,PARSVNATH.NS,Parsvnath Developers Limited,Real Estate,Real Estate - Development,8037194752,,0.017,,26.19,11.15
2024-01-02 00:00:00+05:30,10.600000381469727,10.600000381469727,10.5,10.600000381469727,200992,0.0,0.0,PARSVNATH.NS,Parsvnath Developers Limited,Real Estate,Real Estate - Development,8037194752,,0.017,,26.19,11.15
2024-01-03 00:00:00+05:30,10.800000190734863,10.800000190734863,10.399999618530273,10.800000190734863,144838,0.0,0.0,PARSVNATH.NS,Parsvnath Developers Limited,Real Estate,Real Estate - Development,8037194752,,0.017,,26.19,11.15
2024-01-04 00:00:00+05:30,10.800000190734863,11.0,10.800000190734863,10.800000190734863,519169,0.0,0.0,PARSVNATH.NS,Parsvnath Developers Limited,Real Estate,Real Estate - Development,8037194752,,0.017,,26.19,11.15
2024-01-05 00:00:00+05:30,10.800000190734863,11.0,10.800000190734863,10.800000190734863,464734,0.0,0.0,PARSVNATH.NS,Parsvnath Developers Limited,Real Estate,Real Estate - Development,8037194752,,0.017,,26.19,11.15
2024-01-08 00:00:00+05:30,11.0,11.0,11.0,11.0,193562,0.0,0.0,PARSVNATH.NS,Parsvnath Developers Limited,Real Estate,Real Estate - Development,8037194752,,0.017,,26.19,11.15
2024-01-09 00:00:00+05:30,11.199999809265137,11.199999809265137,11.199999809265137,11.199999809265137,215926,0.0,0.0,PARSVNATH.NS,Parsvnath Developers Limited,Real Estate,Real Estate - Development,8037194752,,0.017,,26.19,11.15
2024-01-10 00:00:00+05:30,11.350000381469727,11.399999618530273,11.350000381469727,11.350000381469727,123926,0.0,0.0,PARSVNATH.NS,Parsvnath Developers Limited,Real Estate,Real Estate - Development,8037194752,,0.017,,26.19,11.15
2024-01-11 00:00:00+05:30,11.550000190734863,11.550000190734863,11.550000190734863,11.550000190734863,131078,0.0,0.0,PARSVNATH.NS,Parsvnath Developers Limited,Real Estate,Real Estate - Development,8037194752,,0.017,,26.19,11.15
2024-01-12 00:00:00+05:30,11.699999809265137,11.75,11.600000381469727,11.699999809265137,276817,0.0,0.0,PARSVNATH.NS,Parsvnath Developers Limited,Real Estate,Real Estate - Development,8037194752,,0.017,,26.19,11.15
2024-01-15 00:00:00+05:30,11.899999618530273,11.899999618530273,11.899999618530273,11.899999618530273,92747,0.0,0.0,PARSVNATH.NS,Parsvnath Developers Limited,Real Estate,Real Estate - Development,8037194752,,0.017,,26.19,11.15
2024-01-16 00:00:00+05:30,12.100000381469727,12.100000381469727,12.100000381469727,12.100000381469727,230577,0.0,0.0,PARSVNATH.NS,Parsvnath Developers Limited,Real Estate,Real Estate - Development,8037194752,,0.017,,26.19,11.15
2024-01-17 00:00:00+05:30,12.100000381469727,12.300000190734863,12.100000381469727,12.100000381469727,302539,0.0,0.0,PARSVNATH.NS,Parsvnath Developers Limited,Real Estate,Real Estate - Development,8037194752,,0.017,,26.19,11.15
2024-01-18 00:00:00+05:30,12.25,12.300000190734863,12.199999809265137,12.25,227999,0.0,0.0,PARSVNATH.NS,Parsvnath Developers Limited,Real Estate,Real Estate - Development,8037194752,,0.017,,26.19,11.15
2024-01-19 00:00:00+05:30,12.449999809265137,12.449999809265137,12.300000190734863,12.449999809265137,314218,0.0,0.0,PARSVNATH.NS,Parsvnath Developers Limited,Real Estate,Real Estate - Development,8037194752,,0.017,,26.19,11.15
2024-01-23 00:00:00+05:30,13.699999809265137,13.699999809265137,12.600000381469727,12.899999618530273,964613,0.0,0.0,PARSVNATH.NS,Parsvnath Developers Limited,Real Estate,Real Estate - Development,8037194752,,0.017,,26.19,11.15
2024-01-24 00:00:00+05:30,12.699999809265137,13.5,12.699999809265137,13.5,787346,0.0,0.0,PARSVNATH.NS,Parsvnath Developers Limited,Real Estate,Real Estate - Development,8037194752,,0.017,,26.19,11.15
2024-01-25 00:00:00+05:30,13.899999618530273,14.149999618530273,13.600000381469727,14.149999618530273,692454,0.0,0.0,PARSVNATH.NS,Parsvnath Developers Limited,Real Estate,Real Estate - Development,8037194752,,0.017,,26.19,11.15
2024-01-29 00:00:00+05:30,14.850000381469727,14.850000381469727,14.699999809265137,14.850000381469727,679463,0.0,0.0,PARSVNATH.NS,Parsvnath Developers Limited,Real Estate,Real Estate - Development,8037194752,,0.017,,26.19,11.15
2024-01-30 00:00:00+05:30,15.5,15.550000190734863,15.0,15.550000190734863,962762,0.0,0.0,PARSVNATH.NS,Parsvnath Developers Limited,Real Estate,Real Estate - Development,8037194752,,0.017,,26.19,11.15
2024-01-31 00:00:00+05:30,16.299999237060547,16.299999237060547,15.899999618530273,16.299999237060547,904947,0.0,0.0,PARSVNATH.NS,Parsvnath Developers Limited,Real Estate,Real Estate - Development,8037194752,,0.017,,26.19,11.15
2024-02-01 00:00:00+05:30,16.600000381469727,16.600000381469727,16.600000381469727,16.600000381469727,517433,0.0,0.0,PARSVNATH.NS,Parsvnath Developers Limited,Real Estate,Real Estate - Development,8037194752,,0.017,,26.19,11.15
2024-02-02 00:00:00+05:30,16.799999237060547,16.899999618530273,16.799999237060547,16.799999237060547,308157,0.0,0.0,PARSVNATH.NS,Parsvnath Developers Limited,Real Estate,Real Estate - Development,8037194752,,0.017,,26.19,11.15
2024-02-05 00:00:00+05:30,16.5,17.100000381469727,16.5,16.5,1173909,0.0,0.0,PARSVNATH.NS,Parsvnath Developers Limited,Real Estate,Real Estate - Development,8037194752,,0.017,,26.19,11.15
2024-02-06 00:00:00+05:30,16.399999618530273,16.399999618530273,16.200000762939453,16.399999618530273,364067,0.0,0.0,PARSVNATH.NS,Parsvnath Developers Limited,Real Estate,Real Estate - Development,8037194752,,0.017,,26.19,11.15
2024-02-07 00:00:00+05:30,16.100000381469727,16.5,16.100000381469727,16.100000381469727,367144,0.0,0.0,PARSVNATH.NS,Parsvnath Developers Limited,Real Estate,Real Estate - Development,8037194752,,0.017,,26.19,11.15
2024-02-08 00:00:00+05:30,15.800000190734863,15.800000190734863,15.800000190734863,15.800000190734863,204259,0.0,0.0,PARSVNATH.NS,Parsvnath Developers Limited,Real Estate,Real Estate - Development,8037194752,,0.017,,26.19,11.15
2024-02-09 00:00:00+05:30,15.5,15.5,15.5,15.5,30370,0.0,0.0,PARSVNATH.NS,Parsvnath Developers Limited,Real Estate,Real Estate - Development,8037194752,,0.017,,26.19,11.15
2024-02-12 00:00:00+05:30,15.199999809265137,15.199999809265137,15.199999809265137,15.199999809265137,13537,0.0,0.0,PARSVNATH.NS,Parsvnath Developers Limited,Real Estate,Real Estate - Development,8037194752,,0.017,,26.19,11.15
2024-02-13 00:00:00+05:30,14.899999618530273,14.899999618530273,14.899999618530273,14.899999618530273,19509,0.0,0.0,PARSVNATH.NS,Parsvnath Developers Limited,Real Estate,Real Estate - Development,8037194752,,0.017,,26.19,11.15
2024-02-14 00:00:00+05:30,14.600000381469727,14.600000381469727,14.600000381469727,14.600000381469727,59606,0.0,0.0,PARSVNATH.NS,Parsvnath Developers Limited,Real Estate,Real Estate - Development,8037194752,,0.017,,26.19,11.15
2024-02-15 00:00:00+05:30,14.5,14.850000381469727,14.300000190734863,14.5,550112,0.0,0.0,PARSVNATH.NS,Parsvnath Developers Limited,Real Estate,Real Estate - Development,8037194752,,0.017,,26.19,11.15
2024-02-16 00:00:00+05:30,14.75,14.75,14.75,14.75,292266,0.0,0.0,PARSVNATH.NS,Parsvnath Developers Limited,Real Estate,Real Estate - Development,8037194752,,0.017,,26.19,11.15
2024-02-19 00:00:00+05:30,15.0,15.0,15.0,15.0,179742,0.0,0.0,PARSVNATH.NS,Parsvnath Developers Limited,Real Estate,Real Estate - Development,8037194752,,0.017,,26.19,11.15
2024-02-20 00:00:00+05:30,15.300000190734863,15.300000190734863,15.300000190734863,15.300000190734863,69284,0.0,0.0,PARSVNATH.NS,Parsvnath Developers Limited,Real Estate,Real Estate - Development,8037194752,,0.017,,26.19,11.15
2024-02-21 00:00:00+05:30,15.600000381469727,15.600000381469727,15.600000381469727,15.600000381469727,268729,0.0,0.0,PARSVNATH.NS,Parsvnath Developers Limited,Real Estate,Real Estate - Development,8037194752,,0.017,,26.19,11.15
2024-02-22 00:00:00+05:30,15.899999618530273,15.899999618530273,15.899999618530273,15.899999618530273,134749,0.0,0.0,PARSVNATH.NS,Parsvnath Developers Limited,Real Estate,Real Estate - Development,8037194752,,0.017,,26.19,11.15
2024-02-23 00:00:00+05:30,16.200000762939453,16.200000762939453,16.200000762939453,16.200000762939453,265054,0.0,0.0,PARSVNATH.NS,Parsvnath Developers Limited,Real Estate,Real Estate - Development,8037194752,,0.017,,26.19,11.15
2024-02-26 00:00:00+05:30,16.0,16.049999237060547,15.899999618530273,16.0,359665,0.0,0.0,PARSVNATH.NS,Parsvnath Developers Limited,Real Estate,Real Estate - Development,8037194752,,0.017,,26.19,11.15
2024-02-27 00:00:00+05:30,15.699999809265137,15.699999809265137,15.699999809265137,15.699999809265137,84922,0.0,0.0,PARSVNATH.NS,Parsvnath Developers Limited,Real Estate,Real Estate - Development,8037194752,,0.017,,26.19,11.15
2024-02-28 00:00:00+05:30,15.399999618530273,15.399999618530273,15.399999618530273,15.399999618530273,207308,0.0,0.0,PARSVNATH.NS,Parsvnath Developers Limited,Real Estate,Real Estate - Development,8037194752,,0.017,,26.19,11.15
2024-02-29 00:00:00+05:30,15.100000381469727,15.100000381469727,15.100000381469727,15.100000381469727,92591,0.0,0.0,PARSVNATH.NS,Parsvnath Developers Limited,Real Estate,Real Estate - Development,8037194752,,0.017,,26.19,11.15
2024-03-01 00:00:00+05:30,14.800000190734863,15.25,14.800000190734863,14.800000190734863,233197,0.0,0.0,PARSVNATH.NS,Parsvnath Developers Limited,Real Estate,Real Estate - Development,8037194752,,0.017,,26.19,11.15
2024-03-04 00:00:00+05:30,14.300000190734863,14.600000381469727,14.300000190734863,14.300000190734863,102043,0.0,0.0,PARSVNATH.NS,Parsvnath Developers Limited,Real Estate,Real Estate - Development,8037194752,,0.017,,26.19,11.15
2024-03-05 00:00:00+05:30,14.550000190734863,14.550000190734863,14.550000190734863,14.550000190734863,244468,0.0,0.0,PARSVNATH.NS,Parsvnath Developers Limited,Real Estate,Real Estate - Development,8037194752,,0.017,,26.19,11.15
2024-03-06 00:00:00+05:30,14.25,14.25,14.25,14.25,95164,0.0,0.0,PARSVNATH.NS,Parsvnath Developers Limited,Real Estate,Real Estate - Development,8037194752,,0.017,,26.19,11.15
2024-03-07 00:00:00+05:30,14.0,14.149999618530273,14.0,14.0,101767,0.0,0.0,PARSVNATH.NS,Parsvnath Developers Limited,Real Estate,Real Estate - Development,8037194752,,0.017,,26.19,11.15
2024-03-11 00:00:00+05:30,14.600000381469727,14.699999809265137,13.300000190734863,13.300000190734863,397399,0.0,0.0,PARSVNATH.NS,Parsvnath Developers Limited,Real Estate,Real Estate - Development,8037194752,,0.017,,26.19,11.15
2024-03-12 00:00:00+05:30,12.699999809265137,12.75,12.649999618530273,12.649999618530273,108602,0.0,0.0,PARSVNATH.NS,Parsvnath Developers Limited,Real Estate,Real Estate - Development,8037194752,,0.017,,26.19,11.15
2024-03-13 00:00:00+05:30,12.050000190734863,12.649999618530273,12.050000190734863,12.050000190734863,323119,0.0,0.0,PARSVNATH.NS,Parsvnath Developers Limited,Real Estate,Real Estate - Development,8037194752,,0.017,,26.19,11.15
2024-03-14 00:00:00+05:30,11.449999809265137,12.25,11.449999809265137,11.949999809265137,845379,0.0,0.0,PARSVNATH.NS,Parsvnath Developers Limited,Real Estate,Real Estate - Development,8037194752,,0.017,,26.19,11.15
2024-03-15 00:00:00+05:30,11.5,12.25,11.399999618530273,11.5,294863,0.0,0.0,PARSVNATH.NS,Parsvnath Developers Limited,Real Estate,Real Estate - Development,8037194752,,0.017,,26.19,11.15
2024-03-18 00:00:00+05:30,11.5,11.899999618530273,11.350000381469727,11.75,211303,0.0,0.0,PARSVNATH.NS,Parsvnath Developers Limited,Real Estate,Real Estate - Development,8037194752,,0.017,,26.19,11.15
2024-03-19 00:00:00+05:30,11.75,12.0,11.199999809265137,11.300000190734863,215836,0.0,0.0,PARSVNATH.NS,Parsvnath Developers Limited,Real Estate,Real Estate - Development,8037194752,,0.017,,26.19,11.15
2024-03-20 00:00:00+05:30,11.300000190734863,11.649999618530273,10.899999618530273,11.300000190734863,175386,0.0,0.0,PARSVNATH.NS,Parsvnath Developers Limited,Real Estate,Real Estate - Development,8037194752,,0.017,,26.19,11.15
2024-03-21 00:00:00+05:30,11.300000190734863,11.850000381469727,11.100000381469727,11.850000381469727,239352,0.0,0.0,PARSVNATH.NS,Parsvnath Developers Limited,Real Estate,Real Estate - Development,8037194752,,0.017,,26.19,11.15
2024-03-22 00:00:00+05:30,12.25,12.399999618530273,11.949999809265137,12.399999618530273,90174,0.0,0.0,PARSVNATH.NS,Parsvnath Developers Limited,Real Estate,Real Estate - Development,8037194752,,0.017,,26.19,11.15
2024-03-26 00:00:00+05:30,12.449999809265137,13.600000381469727,12.449999809265137,13.600000381469727,204287,0.0,0.0,PARSVNATH.NS,Parsvnath Developers Limited,Real Estate,Real Estate - Development,8037194752,,0.017,,26.19,11.15
2024-03-27 00:00:00+05:30,14.800000190734863,14.949999809265137,14.100000381469727,14.949999809265137,1498154,0.0,0.0,PARSVNATH.NS,Parsvnath Developers Limited,Real Estate,Real Estate - Development,8037194752,,0.017,,26.19,11.15
2024-03-28 00:00:00+05:30,14.75,16.049999237060547,14.25,15.300000190734863,1231794,0.0,0.0,PARSVNATH.NS,Parsvnath Developers Limited,Real Estate,Real Estate - Development,8037194752,,0.017,,26.19,11.15
2024-04-01 00:00:00+05:30,15.899999618530273,16.799999237060547,15.649999618530273,16.450000762939453,2055828,0.0,0.0,PARSVNATH.NS,Parsvnath Developers Limited,Real Estate,Real Estate - Development,8037194752,,0.017,,26.19,11.15
2024-04-02 00:00:00+05:30,16.450000762939453,17.25,15.75,16.25,1586941,0.0,0.0,PARSVNATH.NS,Parsvnath Developers Limited,Real Estate,Real Estate - Development,8037194752,,0.017,,26.19,11.15
2024-04-03 00:00:00+05:30,16.049999237060547,16.299999237060547,15.600000381469727,15.899999618530273,777055,0.0,0.0,PARSVNATH.NS,Parsvnath Developers Limited,Real Estate,Real Estate - Development,8037194752,,0.017,,26.19,11.15
2024-04-04 00:00:00+05:30,16.25,16.25,15.5,15.600000381469727,349551,0.0,0.0,PARSVNATH.NS,Parsvnath Developers Limited,Real Estate,Real Estate - Development,8037194752,,0.017,,26.19,11.15
2024-04-05 00:00:00+05:30,15.649999618530273,15.949999809265137,15.300000190734863,15.5,946144,0.0,0.0,PARSVNATH.NS,Parsvnath Developers Limited,Real Estate,Real Estate - Development,8037194752,,0.017,,26.19,11.15
2024-04-08 00:00:00+05:30,15.5,15.800000190734863,14.75,14.75,524341,0.0,0.0,PARSVNATH.NS,Parsvnath Developers Limited,Real Estate,Real Estate - Development,8037194752,,0.017,,26.19,11.15
2024-04-09 00:00:00+05:30,14.949999809265137,14.949999809265137,14.050000190734863,14.199999809265137,448418,0.0,0.0,PARSVNATH.NS,Parsvnath Developers Limited,Real Estate,Real Estate - Development,8037194752,,0.017,,26.19,11.15
2024-04-10 00:00:00+05:30,14.199999809265137,14.649999618530273,13.649999618530273,13.949999809265137,454091,0.0,0.0,PARSVNATH.NS,Parsvnath Developers Limited,Real Estate,Real Estate - Development,8037194752,,0.017,,26.19,11.15
2024-04-12 00:00:00+05:30,13.949999809265137,14.600000381469727,13.949999809265137,14.149999618530273,1011141,0.0,0.0,PARSVNATH.NS,Parsvnath Developers Limited,Real Estate,Real Estate - Development,8037194752,,0.017,,26.19,11.15
2024-04-15 00:00:00+05:30,13.600000381469727,14.100000381469727,13.449999809265137,13.449999809265137,677422,0.0,0.0,PARSVNATH.NS,Parsvnath Developers Limited,Real Estate,Real Estate - Development,8037194752,,0.017,,26.19,11.15
2024-04-16 00:00:00+05:30,13.449999809265137,13.800000190734863,13.0,13.649999618530273,541720,0.0,0.0,PARSVNATH.NS,Parsvnath Developers Limited,Real Estate,Real Estate - Development,8037194752,,0.017,,26.19,11.15
2024-04-18 00:00:00+05:30,14.100000381469727,14.100000381469727,13.100000381469727,13.300000190734863,426069,0.0,0.0,PARSVNATH.NS,Parsvnath Developers Limited,Real Estate,Real Estate - Development,8037194752,,0.017,,26.19,11.15
2024-04-19 00:00:00+05:30,12.850000381469727,13.850000381469727,12.850000381469727,13.300000190734863,343119,0.0,0.0,PARSVNATH.NS,Parsvnath Developers Limited,Real Estate,Real Estate - Development,8037194752,,0.017,,26.19,11.15
2024-04-22 00:00:00+05:30,13.350000381469727,13.949999809265137,13.199999809265137,13.899999618530273,761095,0.0,0.0,PARSVNATH.NS,Parsvnath Developers Limited,Real Estate,Real Estate - Development,8037194752,,0.017,,26.19,11.15
2024-04-23 00:00:00+05:30,14.550000190734863,14.550000190734863,14.399999618530273,14.550000190734863,651081,0.0,0.0,PARSVNATH.NS,Parsvnath Developers Limited,Real Estate,Real Estate - Development,8037194752,,0.017,,26.19,11.15
2024-04-24 00:00:00+05:30,14.75,15.25,14.600000381469727,15.050000190734863,965009,0.0,0.0,PARSVNATH.NS,Parsvnath Developers Limited,Real Estate,Real Estate - Development,8037194752,,0.017,,26.19,11.15
2024-04-25 00:00:00+05:30,14.899999618530273,15.449999809265137,14.5,14.600000381469727,458141,0.0,0.0,PARSVNATH.NS,Parsvnath Developers Limited,Real Estate,Real Estate - Development,8037194752,,0.017,,26.19,11.15
2024-04-26 00:00:00+05:30,15.100000381469727,15.100000381469727,14.399999618530273,14.800000190734863,304196,0.0,0.0,PARSVNATH.NS,Parsvnath Developers Limited,Real Estate,Real Estate - Development,8037194752,,0.017,,26.19,11.15
2024-04-29 00:00:00+05:30,14.800000190734863,15.199999809265137,14.100000381469727,14.100000381469727,715667,0.0,0.0,PARSVNATH.NS,Parsvnath Developers Limited,Real Estate,Real Estate - Development,8037194752,,0.017,,26.19,11.15
2024-04-30 00:00:00+05:30,13.949999809265137,14.600000381469727,13.649999618530273,14.5,667031,0.0,0.0,PARSVNATH.NS,Parsvnath Developers Limited,Real Estate,Real Estate - Development,8037194752,,0.017,,26.19,11.15
2024-05-02 00:00:00+05:30,14.449999809265137,14.5,13.850000381469727,13.899999618530273,391864,0.0,0.0,PARSVNATH.NS,Parsvnath Developers Limited,Real Estate,Real Estate - Development,8037194752,,0.017,,26.19,11.15
2024-05-03 00:00:00+05:30,13.850000381469727,14.25,13.550000190734863,13.949999809265137,488252,0.0,0.0,PARSVNATH.NS,Parsvnath Developers Limited,Real Estate,Real Estate - Development,8037194752,,0.017,,26.19,11.15
2024-05-06 00:00:00+05:30,14.0,14.100000381469727,13.550000190734863,13.649999618530273,236224,0.0,0.0,PARSVNATH.NS,Parsvnath Developers Limited,Real Estate,Real Estate - Development,8037194752,,0.017,,26.19,11.15
2024-05-07 00:00:00+05:30,13.649999618530273,13.949999809265137,13.0,13.0,363931,0.0,0.0,PARSVNATH.NS,Parsvnath Developers Limited,Real Estate,Real Estate - Development,8037194752,,0.017,,26.19,11.15
2024-05-08 00:00:00+05:30,12.800000190734863,13.550000190734863,12.399999618530273,12.800000190734863,631755,0.0,0.0,PARSVNATH.NS,Parsvnath Developers Limited,Real Estate,Real Estate - Development,8037194752,,0.017,,26.19,11.15
2024-05-09 00:00:00+05:30,13.149999618530273,13.199999809265137,12.350000381469727,12.5,215630,0.0,0.0,PARSVNATH.NS,Parsvnath Developers Limited,Real Estate,Real Estate - Development,8037194752,,0.017,,26.19,11.15
2024-05-10 00:00:00+05:30,12.550000190734863,12.699999809265137,12.149999618530273,12.449999809265137,313233,0.0,0.0,PARSVNATH.NS,Parsvnath Developers Limited,Real Estate,Real Estate - Development,8037194752,,0.017,,26.19,11.15
2024-05-13 00:00:00+05:30,12.449999809265137,13.050000190734863,12.300000190734863,13.050000190734863,229079,0.0,0.0,PARSVNATH.NS,Parsvnath Developers Limited,Real Estate,Real Estate - Development,8037194752,,0.017,,26.19,11.15
2024-05-14 00:00:00+05:30,13.449999809265137,13.699999809265137,13.0,13.25,586504,0.0,0.0,PARSVNATH.NS,Parsvnath Developers Limited,Real Estate,Real Estate - Development,8037194752,,0.017,,26.19,11.15
2024-05-15 00:00:00+05:30,13.199999809265137,13.399999618530273,12.800000190734863,13.300000190734863,383527,0.0,0.0,PARSVNATH.NS,Parsvnath Developers Limited,Real Estate,Real Estate - Development,8037194752,,0.017,,26.19,11.15
2024-05-16 00:00:00+05:30,13.300000190734863,13.949999809265137,13.300000190734863,13.699999809265137,250002,0.0,0.0,PARSVNATH.NS,Parsvnath Developers Limited,Real Estate,Real Estate - Development,8037194752,,0.017,,26.19,11.15
2024-05-17 00:00:00+05:30,13.850000381469727,13.850000381469727,13.300000190734863,13.550000190734863,278679,0.0,0.0,PARSVNATH.NS,Parsvnath Developers Limited,Real Estate,Real Estate - Development,8037194752,,0.017,,26.19,11.15
2024-05-21 00:00:00+05:30,13.699999809265137,13.899999618530273,13.399999618530273,13.600000381469727,435715,0.0,0.0,PARSVNATH.NS,Parsvnath Developers Limited,Real Estate,Real Estate - Development,8037194752,,0.017,,26.19,11.15
2024-05-22 00:00:00+05:30,13.449999809265137,13.850000381469727,13.449999809265137,13.550000190734863,288224,0.0,0.0,PARSVNATH.NS,Parsvnath Developers Limited,Real Estate,Real Estate - Development,8037194752,,0.017,,26.19,11.15
2024-05-23 00:00:00+05:30,13.699999809265137,13.75,12.899999618530273,13.0,404638,0.0,0.0,PARSVNATH.NS,Parsvnath Developers Limited,Real Estate,Real Estate - Development,8037194752,,0.017,,26.19,11.15
2024-05-24 00:00:00+05:30,13.149999618530273,13.600000381469727,12.949999809265137,13.350000381469727,245686,0.0,0.0,PARSVNATH.NS,Parsvnath Developers Limited,Real Estate,Real Estate - Development,8037194752,,0.017,,26.19,11.15
2024-05-27 00:00:00+05:30,13.399999618530273,13.649999618530273,13.0,13.149999618530273,337051,0.0,0.0,PARSVNATH.NS,Parsvnath Developers Limited,Real Estate,Real Estate - Development,8037194752,,0.017,,26.19,11.15
2024-05-28 00:00:00+05:30,13.350000381469727,13.350000381469727,12.899999618530273,13.0,167758,0.0,0.0,PARSVNATH.NS,Parsvnath Developers Limited,Real Estate,Real Estate - Development,8037194752,,0.017,,26.19,11.15
2024-05-29 00:00:00+05:30,13.100000381469727,13.100000381469727,12.699999809265137,12.899999618530273,180411,0.0,0.0,PARSVNATH.NS,Parsvnath Developers Limited,Real Estate,Real Estate - Development,8037194752,,0.017,,26.19,11.15
2024-05-30 00:00:00+05:30,12.800000190734863,13.100000381469727,12.5,12.850000381469727,288648,0.0,0.0,PARSVNATH.NS,Parsvnath Developers Limited,Real Estate,Real Estate - Development,8037194752,,0.017,,26.19,11.15
2024-05-31 00:00:00+05:30,13.0,13.149999618530273,12.5,12.550000190734863,311394,0.0,0.0,PARSVNATH.NS,Parsvnath Developers Limited,Real Estate,Real Estate - Development,8037194752,,0.017,,26.19,11.15
2024-06-03 00:00:00+05:30,12.800000190734863,13.149999618530273,12.800000190734863,12.800000190734863,222852,0.0,0.0,PARSVNATH.NS,Parsvnath Developers Limited,Real Estate,Real Estate - Development,8037194752,,0.017,,26.19,11.15
2024-06-04 00:00:00+05:30,12.600000381469727,12.899999618530273,12.199999809265137,12.199999809265137,256895,0.0,0.0,PARSVNATH.NS,Parsvnath Developers Limited,Real Estate,Real Estate - Development,8037194752,,0.017,,26.19,11.15
2024-06-05 00:00:00+05:30,12.600000381469727,12.600000381469727,11.600000381469727,11.850000381469727,588714,0.0,0.0,PARSVNATH.NS,Parsvnath Developers Limited,Real Estate,Real Estate - Development,8037194752,,0.017,,26.19,11.15
2024-06-06 00:00:00+05:30,11.899999618530273,12.399999618530273,11.800000190734863,12.399999618530273,284923,0.0,0.0,PARSVNATH.NS,Parsvnath Developers Limited,Real Estate,Real Estate - Development,8037194752,,0.017,,26.19,11.15
2024-06-07 00:00:00+05:30,12.75,13.600000381469727,12.5,13.600000381469727,858952,0.0,0.0,PARSVNATH.NS,Parsvnath Developers Limited,Real Estate,Real Estate - Development,8037194752,,0.017,,26.19,11.15
2024-06-10 00:00:00+05:30,13.800000190734863,14.75,13.199999809265137,13.550000190734863,901372,0.0,0.0,PARSVNATH.NS,Parsvnath Developers Limited,Real Estate,Real Estate - Development,8037194752,,0.017,,26.19,11.15
2024-06-11 00:00:00+05:30,13.65999984741211,14.25,13.65999984741211,14.149999618530273,543729,0.0,0.0,PARSVNATH.NS,Parsvnath Developers Limited,Real Estate,Real Estate - Development,8037194752,,0.017,,26.19,11.15
2024-06-12 00:00:00+05:30,14.5,14.779999732971191,14.0,14.1899995803833,861396,0.0,0.0,PARSVNATH.NS,Parsvnath Developers Limited,Real Estate,Real Estate - Development,8037194752,,0.017,,26.19,11.15
2024-06-13 00:00:00+05:30,14.300000190734863,14.470000267028809,13.90999984741211,14.1899995803833,546529,0.0,0.0,PARSVNATH.NS,Parsvnath Developers Limited,Real Estate,Real Estate - Development,8037194752,,0.017,,26.19,11.15
2024-06-14 00:00:00+05:30,14.399999618530273,14.399999618530273,13.819999694824219,13.869999885559082,626861,0.0,0.0,PARSVNATH.NS,Parsvnath Developers Limited,Real Estate,Real Estate - Development,8037194752,,0.017,,26.19,11.15
2024-06-18 00:00:00+05:30,14.010000228881836,14.399999618530273,13.850000381469727,13.930000305175781,552443,0.0,0.0,PARSVNATH.NS,Parsvnath Developers Limited,Real Estate,Real Estate - Development,8037194752,,0.017,,26.19,11.15
2024-06-19 00:00:00+05:30,14.199999809265137,14.350000381469727,13.550000190734863,13.760000228881836,866081,0.0,0.0,PARSVNATH.NS,Parsvnath Developers Limited,Real Estate,Real Estate - Development,8037194752,,0.017,,26.19,11.15
2024-06-20 00:00:00+05:30,13.770000457763672,14.300000190734863,13.770000457763672,13.979999542236328,846431,0.0,0.0,PARSVNATH.NS,Parsvnath Developers Limited,Real Estate,Real Estate - Development,8037194752,,0.017,,26.19,11.15
2024-06-21 00:00:00+05:30,13.75,13.789999961853027,13.140000343322754,13.289999961853027,1158736,0.0,0.0,PARSVNATH.NS,Parsvnath Developers Limited,Real Estate,Real Estate - Development,8037194752,,0.017,,26.19,11.15
2024-06-24 00:00:00+05:30,13.289999961853027,13.479999542236328,12.979999542236328,13.020000457763672,487930,0.0,0.0,PARSVNATH.NS,Parsvnath Developers Limited,Real Estate,Real Estate - Development,8037194752,,0.017,,26.19,11.15
2024-06-25 00:00:00+05:30,13.300000190734863,13.319999694824219,12.25,12.779999732971191,690855,0.0,0.0,PARSVNATH.NS,Parsvnath Developers Limited,Real Estate,Real Estate - Development,8037194752,,0.017,,26.19,11.15
2024-06-26 00:00:00+05:30,12.949999809265137,13.800000190734863,12.5,13.630000114440918,881200,0.0,0.0,PARSVNATH.NS,Parsvnath Developers Limited,Real Estate,Real Estate - Development,8037194752,,0.017,,26.19,11.15
2024-06-27 00:00:00+05:30,13.630000114440918,13.630000114440918,13.050000190734863,13.220000267028809,430084,0.0,0.0,PARSVNATH.NS,Parsvnath Developers Limited,Real Estate,Real Estate - Development,8037194752,,0.017,,26.19,11.15
2024-06-28 00:00:00+05:30,13.34000015258789,13.34000015258789,12.899999618530273,12.970000267028809,293324,0.0,0.0,PARSVNATH.NS,Parsvnath Developers Limited,Real Estate,Real Estate - Development,8037194752,,0.017,,26.19,11.15
2024-07-01 00:00:00+05:30,12.989999771118164,13.59000015258789,12.5,12.720000267028809,857566,0.0,0.0,PARSVNATH.NS,Parsvnath Developers Limited,Real Estate,Real Estate - Development,8037194752,,0.017,,26.19,11.15
2024-07-02 00:00:00+05:30,12.789999961853027,13.079999923706055,12.359999656677246,12.460000038146973,629244,0.0,0.0,PARSVNATH.NS,Parsvnath Developers Limited,Real Estate,Real Estate - Development,8037194752,,0.017,,26.19,11.15
2024-07-03 00:00:00+05:30,12.699999809265137,13.25,12.510000228881836,13.170000076293945,538733,0.0,0.0,PARSVNATH.NS,Parsvnath Developers Limited,Real Estate,Real Estate - Development,8037194752,,0.017,,26.19,11.15
2024-07-04 00:00:00+05:30,13.300000190734863,13.600000381469727,12.5,12.699999809265137,682749,0.0,0.0,PARSVNATH.NS,Parsvnath Developers Limited,Real Estate,Real Estate - Development,8037194752,,0.017,,26.19,11.15
2024-07-05 00:00:00+05:30,12.670000076293945,13.5,12.59000015258789,12.970000267028809,1162730,0.0,0.0,PARSVNATH.NS,Parsvnath Developers Limited,Real Estate,Real Estate - Development,8037194752,,0.017,,26.19,11.15
2024-07-08 00:00:00+05:30,13.0,13.489999771118164,12.729999542236328,13.140000343322754,530790,0.0,0.0,PARSVNATH.NS,Parsvnath Developers Limited,Real Estate,Real Estate - Development,8037194752,,0.017,,26.19,11.15
2024-07-09 00:00:00+05:30,13.199999809265137,13.289999961853027,12.8100004196167,12.949999809265137,256872,0.0,0.0,PARSVNATH.NS,Parsvnath Developers Limited,Real Estate,Real Estate - Development,8037194752,,0.017,,26.19,11.15
2024-07-10 00:00:00+05:30,12.949999809265137,13.039999961853027,12.289999961853027,12.380000114440918,711263,0.0,0.0,PARSVNATH.NS,Parsvnath Developers Limited,Real Estate,Real Estate - Development,8037194752,,0.017,,26.19,11.15
2024-07-11 00:00:00+05:30,12.550000190734863,13.300000190734863,12.199999809265137,12.760000228881836,1333391,0.0,0.0,PARSVNATH.NS,Parsvnath Developers Limited,Real Estate,Real Estate - Development,8037194752,,0.017,,26.19,11.15
2024-07-12 00:00:00+05:30,12.970000267028809,13.1899995803833,12.300000190734863,12.430000305175781,713938,0.0,0.0,PARSVNATH.NS,Parsvnath Developers Limited,Real Estate,Real Estate - Development,8037194752,,0.017,,26.19,11.15
2024-07-15 00:00:00+05:30,12.5,12.670000076293945,12.260000228881836,12.420000076293945,550194,0.0,0.0,PARSVNATH.NS,Parsvnath Developers Limited,Real Estate,Real Estate - Development,8037194752,,0.017,,26.19,11.15
2024-07-16 00:00:00+05:30,12.449999809265137,12.739999771118164,12.25,12.300000190734863,430416,0.0,0.0,PARSVNATH.NS,Parsvnath Developers Limited,Real Estate,Real Estate - Development,8037194752,,0.017,,26.19,11.15
2024-07-18 00:00:00+05:30,12.399999618530273,12.399999618530273,12.050000190734863,12.109999656677246,375159,0.0,0.0,PARSVNATH.NS,Parsvnath Developers Limited,Real Estate,Real Estate - Development,8037194752,,0.017,,26.19,11.15
2024-07-19 00:00:00+05:30,12.140000343322754,12.210000038146973,11.609999656677246,11.6899995803833,360525,0.0,0.0,PARSVNATH.NS,Parsvnath Developers Limited,Real Estate,Real Estate - Development,8037194752,,0.017,,26.19,11.15
2024-07-22 00:00:00+05:30,11.649999618530273,11.84000015258789,11.420000076293945,11.680000305175781,294003,0.0,0.0,PARSVNATH.NS,Parsvnath Developers Limited,Real Estate,Real Estate - Development,8037194752,,0.017,,26.19,11.15
2024-07-23 00:00:00+05:30,11.850000381469727,11.859999656677246,11.149999618530273,11.5,309795,0.0,0.0,PARSVNATH.NS,Parsvnath Developers Limited,Real Estate,Real Estate - Development,8037194752,,0.017,,26.19,11.15
2024-07-24 00:00:00+05:30,11.649999618530273,12.5,11.510000228881836,11.680000305175781,1063182,0.0,0.0,PARSVNATH.NS,Parsvnath Developers Limited,Real Estate,Real Estate - Development,8037194752,,0.017,,26.19,11.15
2024-07-25 00:00:00+05:30,11.739999771118164,11.90999984741211,11.579999923706055,11.770000457763672,357283,0.0,0.0,PARSVNATH.NS,Parsvnath Developers Limited,Real Estate,Real Estate - Development,8037194752,,0.017,,26.19,11.15
2024-07-26 00:00:00+05:30,11.770000457763672,12.15999984741211,11.699999809265137,11.899999618530273,477064,0.0,0.0,PARSVNATH.NS,Parsvnath Developers Limited,Real Estate,Real Estate - Development,8037194752,,0.017,,26.19,11.15
2024-07-29 00:00:00+05:30,12.239999771118164,13.09000015258789,11.90999984741211,13.09000015258789,1867449,0.0,0.0,PARSVNATH.NS,Parsvnath Developers Limited,Real Estate,Real Estate - Development,8037194752,,0.017,,26.19,11.15
2024-07-30 00:00:00+05:30,14.390000343322754,14.390000343322754,14.0,14.390000343322754,1530325,0.0,0.0,PARSVNATH.NS,Parsvnath Developers Limited,Real Estate,Real Estate - Development,8037194752,,0.017,,26.19,11.15
2024-07-31 00:00:00+05:30,15.300000190734863,15.819999694824219,14.25,15.819999694824219,9164896,0.0,0.0,PARSVNATH.NS,Parsvnath Developers Limited,Real Estate,Real Estate - Development,8037194752,,0.017,,26.19,11.15
2024-08-01 00:00:00+05:30,16.610000610351562,16.610000610351562,16.610000610351562,16.610000610351562,427632,0.0,0.0,PARSVNATH.NS,Parsvnath Developers Limited,Real Estate,Real Estate - Development,8037194752,,0.017,,26.19,11.15
2024-08-02 00:00:00+05:30,16.610000610351562,17.440000534057617,16.049999237060547,17.43000030517578,9488389,0.0,0.0,PARSVNATH.NS,Parsvnath Developers Limited,Real Estate,Real Estate - Development,8037194752,,0.017,,26.19,11.15
2024-08-05 00:00:00+05:30,16.549999237060547,16.549999237060547,16.549999237060547,16.549999237060547,155105,0.0,0.0,PARSVNATH.NS,Parsvnath Developers Limited,Real Estate,Real Estate - Development,8037194752,,0.017,,26.19,11.15
2024-08-06 00:00:00+05:30,15.720000267028809,17.3700008392334,15.720000267028809,17.309999465942383,12720851,0.0,0.0,PARSVNATH.NS,Parsvnath Developers Limited,Real Estate,Real Estate - Development,8037194752,,0.017,,26.19,11.15
2024-08-07 00:00:00+05:30,17.8700008392334,18.170000076293945,17.5,18.020000457763672,5337539,0.0,0.0,PARSVNATH.NS,Parsvnath Developers Limited,Real Estate,Real Estate - Development,8037194752,,0.017,,26.19,11.15
2024-08-08 00:00:00+05:30,18.0,18.799999237060547,17.110000610351562,17.389999389648438,2463029,0.0,0.0,PARSVNATH.NS,Parsvnath Developers Limited,Real Estate,Real Estate - Development,8037194752,,0.017,,26.19,11.15
2024-08-09 00:00:00+05:30,17.739999771118164,18.25,16.6299991607666,18.18000030517578,3461548,0.0,0.0,PARSVNATH.NS,Parsvnath Developers Limited,Real Estate,Real Estate - Development,8037194752,,0.017,,26.19,11.15
2024-08-12 00:00:00+05:30,17.8799991607666,19.079999923706055,17.600000381469727,18.780000686645508,8872740,0.0,0.0,PARSVNATH.NS,Parsvnath Developers Limited,Real Estate,Real Estate - Development,8037194752,,0.017,,26.19,11.15
2024-08-13 00:00:00+05:30,19.149999618530273,19.3799991607666,17.84000015258789,18.360000610351562,4540921,0.0,0.0,PARSVNATH.NS,Parsvnath Developers Limited,Real Estate,Real Estate - Development,8037194752,,0.017,,26.19,11.15
2024-08-14 00:00:00+05:30,18.3700008392334,18.65999984741211,17.440000534057617,17.440000534057617,712739,0.0,0.0,PARSVNATH.NS,Parsvnath Developers Limited,Real Estate,Real Estate - Development,8037194752,,0.017,,26.19,11.15
2024-08-16 00:00:00+05:30,16.799999237060547,17.549999237060547,16.559999465942383,17.299999237060547,1195445,0.0,0.0,PARSVNATH.NS,Parsvnath Developers Limited,Real Estate,Real Estate - Development,8037194752,,0.017,,26.19,11.15
2024-08-19 00:00:00+05:30,17.299999237060547,18.100000381469727,16.549999237060547,17.899999618530273,1105575,0.0,0.0,PARSVNATH.NS,Parsvnath Developers Limited,Real Estate,Real Estate - Development,8037194752,,0.017,,26.19,11.15
2024-08-20 00:00:00+05:30,17.549999237060547,18.25,17.0,18.219999313354492,1387323,0.0,0.0,PARSVNATH.NS,Parsvnath Developers Limited,Real Estate,Real Estate - Development,8037194752,,0.017,,26.19,11.15
2024-08-21 00:00:00+05:30,17.799999237060547,18.440000534057617,17.510000228881836,17.950000762939453,1794908,0.0,0.0,PARSVNATH.NS,Parsvnath Developers Limited,Real Estate,Real Estate - Development,8037194752,,0.017,,26.19,11.15
2024-08-22 00:00:00+05:30,17.899999618530273,17.899999618530273,17.25,17.399999618530273,655550,0.0,0.0,PARSVNATH.NS,Parsvnath Developers Limited,Real Estate,Real Estate - Development,8037194752,,0.017,,26.19,11.15
2024-08-23 00:00:00+05:30,17.399999618530273,17.799999237060547,16.760000228881836,17.3799991607666,1551370,0.0,0.0,PARSVNATH.NS,Parsvnath Developers Limited,Real Estate,Real Estate - Development,8037194752,,0.017,,26.19,11.15
2024-08-26 00:00:00+05:30,17.190000534057617,17.479999542236328,16.700000762939453,16.799999237060547,710281,0.0,0.0,PARSVNATH.NS,Parsvnath Developers Limited,Real Estate,Real Estate - Development,8037194752,,0.017,,26.19,11.15
2024-08-27 00:00:00+05:30,16.989999771118164,17.25,16.1200008392334,17.040000915527344,1816913,0.0,0.0,PARSVNATH.NS,Parsvnath Developers Limited,Real Estate,Real Estate - Development,8037194752,,0.017,,26.19,11.15
2024-08-28 00:00:00+05:30,17.0,17.229999542236328,16.5,16.549999237060547,282129,0.0,0.0,PARSVNATH.NS,Parsvnath Developers Limited,Real Estate,Real Estate - Development,8037194752,,0.017,,26.19,11.15
2024-08-29 00:00:00+05:30,16.600000381469727,17.3700008392334,16.059999465942383,16.959999084472656,1706902,0.0,0.0,PARSVNATH.NS,Parsvnath Developers Limited,Real Estate,Real Estate - Development,8037194752,,0.017,,26.19,11.15
2024-08-30 00:00:00+05:30,16.959999084472656,17.75,16.850000381469727,17.56999969482422,539742,0.0,0.0,PARSVNATH.NS,Parsvnath Developers Limited,Real Estate,Real Estate - Development,8037194752,,0.017,,26.19,11.15
2024-09-02 00:00:00+05:30,17.56999969482422,18.440000534057617,17.049999237060547,18.3799991607666,1889765,0.0,0.0,PARSVNATH.NS,Parsvnath Developers Limited,Real Estate,Real Estate - Development,8037194752,,0.017,,26.19,11.15
2024-09-03 00:00:00+05:30,18.420000076293945,19.290000915527344,18.059999465942383,19.18000030517578,2090016,0.0,0.0,PARSVNATH.NS,Parsvnath Developers Limited,Real Estate,Real Estate - Development,8037194752,,0.017,,26.19,11.15
2024-09-04 00:00:00+05:30,19.5,19.5,18.489999771118164,19.420000076293945,2115812,0.0,0.0,PARSVNATH.NS,Parsvnath Developers Limited,Real Estate,Real Estate - Development,8037194752,,0.017,,26.19,11.15
2024-09-05 00:00:00+05:30,19.420000076293945,19.899999618530273,18.799999237060547,19.81999969482422,666376,0.0,0.0,PARSVNATH.NS,Parsvnath Developers Limited,Real Estate,Real Estate - Development,8037194752,,0.017,,26.19,11.15
2024-09-06 00:00:00+05:30,19.420000076293945,19.420000076293945,19.420000076293945,19.420000076293945,810617,0.0,0.0,PARSVNATH.NS,Parsvnath Developers Limited,Real Estate,Real Estate - Development,8037194752,,0.017,,26.19,11.15
2024-09-09 00:00:00+05:30,19.030000686645508,19.030000686645508,19.030000686645508,19.030000686645508,54793,0.0,0.0,PARSVNATH.NS,Parsvnath Developers Limited,Real Estate,Real Estate - Development,8037194752,,0.017,,26.19,11.15
2024-09-10 00:00:00+05:30,18.989999771118164,18.989999771118164,18.639999389648438,18.989999771118164,408130,0.0,0.0,PARSVNATH.NS,Parsvnath Developers Limited,Real Estate,Real Estate - Development,8037194752,,0.017,,26.19,11.15
2024-09-11 00:00:00+05:30,18.610000610351562,18.610000610351562,18.610000610351562,18.610000610351562,312594,0.0,0.0,PARSVNATH.NS,Parsvnath Developers Limited,Real Estate,Real Estate - Development,8037194752,,0.017,,26.19,11.15
2024-09-12 00:00:00+05:30,18.229999542236328,18.229999542236328,18.229999542236328,18.229999542236328,8691,0.0,0.0,PARSVNATH.NS,Parsvnath Developers Limited,Real Estate,Real Estate - Development,8037194752,,0.017,,26.19,11.15
2024-09-13 00:00:00+05:30,17.860000610351562,17.860000610351562,17.860000610351562,17.860000610351562,717701,0.0,0.0,PARSVNATH.NS,Parsvnath Developers Limited,Real Estate,Real Estate - Development,8037194752,,0.017,,26.19,11.15
2024-09-16 00:00:00+05:30,18.209999084472656,18.209999084472656,17.899999618530273,17.899999618530273,156903,0.0,0.0,PARSVNATH.NS,Parsvnath Developers Limited,Real Estate,Real Estate - Development,8037194752,,0.017,,26.19,11.15
2024-09-17 00:00:00+05:30,18.0,18.0,17.540000915527344,18.0,523352,0.0,0.0,PARSVNATH.NS,Parsvnath Developers Limited,Real Estate,Real Estate - Development,8037194752,,0.017,,26.19,11.15
2024-09-18 00:00:00+05:30,17.639999389648438,17.790000915527344,17.639999389648438,17.639999389648438,359563,0.0,0.0,PARSVNATH.NS,Parsvnath Developers Limited,Real Estate,Real Estate - Development,8037194752,,0.017,,26.19,11.15
2024-09-19 00:00:00+05:30,17.280000686645508,17.600000381469727,17.280000686645508,17.280000686645508,137467,0.0,0.0,PARSVNATH.NS,Parsvnath Developers Limited,Real Estate,Real Estate - Development,8037194752,,0.017,,26.19,11.15
2024-09-20 00:00:00+05:30,16.93000030517578,16.93000030517578,16.93000030517578,16.93000030517578,155563,0.0,0.0,PARSVNATH.NS,Parsvnath Developers Limited,Real Estate,Real Estate - Development,8037194752,,0.017,,26.19,11.15
2024-09-23 00:00:00+05:30,17.0,17.0,16.59000015258789,17.0,672686,0.0,0.0,PARSVNATH.NS,Parsvnath Developers Limited,Real Estate,Real Estate - Development,8037194752,,0.017,,26.19,11.15
2024-09-24 00:00:00+05:30,17.34000015258789,17.34000015258789,17.0,17.34000015258789,528189,0.0,0.0,PARSVNATH.NS,Parsvnath Developers Limited,Real Estate,Real Estate - Development,8037194752,,0.017,,26.19,11.15
2024-09-25 00:00:00+05:30,17.68000030517578,17.68000030517578,17.299999237060547,17.68000030517578,377437,0.0,0.0,PARSVNATH.NS,Parsvnath Developers Limited,Real Estate,Real Estate - Development,8037194752,,0.017,,26.19,11.15
2024-09-26 00:00:00+05:30,17.799999237060547,17.799999237060547,17.75,17.799999237060547,135661,0.0,0.0,PARSVNATH.NS,Parsvnath Developers Limited,Real Estate,Real Estate - Development,8037194752,,0.017,,26.19,11.15
2024-09-27 00:00:00+05:30,18.149999618530273,18.149999618530273,17.799999237060547,18.149999618530273,253562,0.0,0.0,PARSVNATH.NS,Parsvnath Developers Limited,Real Estate,Real Estate - Development,8037194752,,0.017,,26.19,11.15
2024-09-30 00:00:00+05:30,18.510000228881836,18.510000228881836,18.510000228881836,18.510000228881836,1431454,0.0,0.0,PARSVNATH.NS,Parsvnath Developers Limited,Real Estate,Real Estate - Development,8037194752,,0.017,,26.19,11.15
2024-10-01 00:00:00+05:30,18.8799991607666,18.8799991607666,18.8799991607666,18.8799991607666,1267934,0.0,0.0,PARSVNATH.NS,Parsvnath Developers Limited,Real Estate,Real Estate - Development,8037194752,,0.017,,26.19,11.15
2024-10-03 00:00:00+05:30,19.25,19.25,19.25,19.25,2364889,0.0,0.0,PARSVNATH.NS,Parsvnath Developers Limited,Real Estate,Real Estate - Development,8037194752,,0.017,,26.19,11.15
2024-10-04 00:00:00+05:30,19.5,19.6299991607666,19.5,19.5,2811558,0.0,0.0,PARSVNATH.NS,Parsvnath Developers Limited,Real Estate,Real Estate - Development,8037194752,,0.017,,26.19,11.15
2024-10-07 00:00:00+05:30,19.110000610351562,19.149999618530273,19.110000610351562,19.110000610351562,101547,0.0,0.0,PARSVNATH.NS,Parsvnath Developers Limited,Real Estate,Real Estate - Development,8037194752,,0.017,,26.19,11.15
2024-10-08 00:00:00+05:30,19.100000381469727,19.100000381469727,18.719999313354492,19.100000381469727,307255,0.0,0.0,PARSVNATH.NS,Parsvnath Developers Limited,Real Estate,Real Estate - Development,8037194752,,0.017,,26.19,11.15
2024-10-09 00:00:00+05:30,19.25,19.479999542236328,19.0,19.25,336861,0.0,0.0,PARSVNATH.NS,Parsvnath Developers Limited,Real Estate,Real Estate - Development,8037194752,,0.017,,26.19,11.15
2024-10-10 00:00:00+05:30,19.6299991607666,19.6299991607666,19.6299991607666,19.6299991607666,1090281,0.0,0.0,PARSVNATH.NS,Parsvnath Developers Limited,Real Estate,Real Estate - Development,8037194752,,0.017,,26.19,11.15
2024-10-11 00:00:00+05:30,19.59000015258789,20.020000457763672,19.59000015258789,19.59000015258789,900637,0.0,0.0,PARSVNATH.NS,Parsvnath Developers Limited,Real Estate,Real Estate - Development,8037194752,,0.017,,26.19,11.15
2024-10-14 00:00:00+05:30,19.989999771118164,20.559999465942383,19.25,20.559999465942383,2208018,0.0,0.0,PARSVNATH.NS,Parsvnath Developers Limited,Real Estate,Real Estate - Development,8037194752,,0.017,,26.19,11.15
2024-10-15 00:00:00+05:30,21.579999923706055,21.579999923706055,20.75,21.549999237060547,2063485,0.0,0.0,PARSVNATH.NS,Parsvnath Developers Limited,Real Estate,Real Estate - Development,8037194752,,0.017,,26.19,11.15
2024-10-16 00:00:00+05:30,21.309999465942383,21.5,20.469999313354492,21.229999542236328,1583130,0.0,0.0,PARSVNATH.NS,Parsvnath Developers Limited,Real Estate,Real Estate - Development,8037194752,,0.017,,26.19,11.15
2024-10-17 00:00:00+05:30,20.700000762939453,20.950000762939453,20.15999984741211,20.329999923706055,1024298,0.0,0.0,PARSVNATH.NS,Parsvnath Developers Limited,Real Estate,Real Estate - Development,8037194752,,0.017,,26.19,11.15
2024-10-18 00:00:00+05:30,19.799999237060547,21.329999923706055,19.309999465942383,20.90999984741211,828652,0.0,0.0,PARSVNATH.NS,Parsvnath Developers Limited,Real Estate,Real Estate - Development,8037194752,,0.017,,26.19,11.15
2024-10-21 00:00:00+05:30,20.850000381469727,21.5,19.860000610351562,19.860000610351562,641534,0.0,0.0,PARSVNATH.NS,Parsvnath Developers Limited,Real Estate,Real Estate - Development,8037194752,,0.017,,26.19,11.15
2024-10-22 00:00:00+05:30,19.799999237060547,20.190000534057617,18.860000610351562,18.860000610351562,153646,0.0,0.0,PARSVNATH.NS,Parsvnath Developers Limited,Real Estate,Real Estate - Development,8037194752,,0.017,,26.19,11.15
2024-10-23 00:00:00+05:30,17.90999984741211,18.3799991607666,17.90999984741211,17.90999984741211,577851,0.0,0.0,PARSVNATH.NS,Parsvnath Developers Limited,Real Estate,Real Estate - Development,8037194752,,0.017,,26.19,11.15
2024-10-24 00:00:00+05:30,17.299999237060547,17.799999237060547,17.010000228881836,17.010000228881836,68935,0.0,0.0,PARSVNATH.NS,Parsvnath Developers Limited,Real Estate,Real Estate - Development,8037194752,,0.017,,26.19,11.15
2024-10-25 00:00:00+05:30,16.149999618530273,16.149999618530273,16.149999618530273,16.149999618530273,182609,0.0,0.0,PARSVNATH.NS,Parsvnath Developers Limited,Real Estate,Real Estate - Development,8037194752,,0.017,,26.19,11.15
2024-10-28 00:00:00+05:30,16.020000457763672,16.950000762939453,15.34000015258789,16.75,1275286,0.0,0.0,PARSVNATH.NS,Parsvnath Developers Limited,Real Estate,Real Estate - Development,8037194752,,0.017,,26.19,11.15
2024-10-29 00:00:00+05:30,16.600000381469727,17.549999237060547,16.360000610351562,17.43000030517578,1514604,0.0,0.0,PARSVNATH.NS,Parsvnath Developers Limited,Real Estate,Real Estate - Development,8037194752,,0.017,,26.19,11.15
2024-10-30 00:00:00+05:30,17.43000030517578,18.299999237060547,17.43000030517578,18.280000686645508,894080,0.0,0.0,PARSVNATH.NS,Parsvnath Developers Limited,Real Estate,Real Estate - Development,8037194752,,0.017,,26.19,11.15
2024-10-31 00:00:00+05:30,18.549999237060547,19.190000534057617,17.549999237060547,19.149999618530273,786314,0.0,0.0,PARSVNATH.NS,Parsvnath Developers Limited,Real Estate,Real Estate - Development,8037194752,,0.017,,26.19,11.15
2024-11-01 00:00:00+05:30,19.950000762939453,19.950000762939453,19.540000915527344,19.6200008392334,146758,0.0,0.0,PARSVNATH.NS,Parsvnath Developers Limited,Real Estate,Real Estate - Development,8037194752,,0.017,,26.19,11.15
2024-11-04 00:00:00+05:30,19.75,19.950000762939453,18.6299991607666,18.700000762939453,227981,0.0,0.0,PARSVNATH.NS,Parsvnath Developers Limited,Real Estate,Real Estate - Development,8037194752,,0.017,,26.19,11.15
2024-11-05 00:00:00+05:30,19.049999237060547,19.06999969482422,18.690000534057617,19.049999237060547,483915,0.0,0.0,PARSVNATH.NS,Parsvnath Developers Limited,Real Estate,Real Estate - Development,8037194752,,0.017,,26.19,11.15
2024-11-06 00:00:00+05:30,18.65999984741211,19.049999237060547,18.65999984741211,18.65999984741211,61303,0.0,0.0,PARSVNATH.NS,Parsvnath Developers Limited,Real Estate,Real Estate - Development,8037194752,,0.017,,26.19,11.15
2024-11-07 00:00:00+05:30,19.030000686645508,19.030000686645508,19.0,19.030000686645508,360381,0.0,0.0,PARSVNATH.NS,Parsvnath Developers Limited,Real Estate,Real Estate - Development,8037194752,,0.017,,26.19,11.15
2024-11-08 00:00:00+05:30,19.40999984741211,19.40999984741211,18.850000381469727,19.40999984741211,295540,0.0,0.0,PARSVNATH.NS,Parsvnath Developers Limited,Real Estate,Real Estate - Development,8037194752,,0.017,,26.19,11.15
2024-11-11 00:00:00+05:30,19.020000457763672,19.020000457763672,19.020000457763672,19.020000457763672,134140,0.0,0.0,PARSVNATH.NS,Parsvnath Developers Limited,Real Estate,Real Estate - Development,8037194752,,0.017,,26.19,11.15
2024-11-12 00:00:00+05:30,18.6299991607666,18.639999389648438,18.6299991607666,18.6299991607666,36187,0.0,0.0,PARSVNATH.NS,Parsvnath Developers Limited,Real Estate,Real Estate - Development,8037194752,,0.017,,26.19,11.15
2024-11-13 00:00:00+05:30,18.25,18.25,18.25,18.25,32714,0.0,0.0,PARSVNATH.NS,Parsvnath Developers Limited,Real Estate,Real Estate - Development,8037194752,,0.017,,26.19,11.15
2024-11-14 00:00:00+05:30,17.8799991607666,17.8799991607666,17.8799991607666,17.8799991607666,15986,0.0,0.0,PARSVNATH.NS,Parsvnath Developers Limited,Real Estate,Real Estate - Development,8037194752,,0.017,,26.19,11.15
2024-11-18 00:00:00+05:30,17.520000457763672,17.520000457763672,17.520000457763672,17.520000457763672,21504,0.0,0.0,PARSVNATH.NS,Parsvnath Developers Limited,Real Estate,Real Estate - Development,8037194752,,0.017,,26.19,11.15
2024-11-19 00:00:00+05:30,17.399999618530273,17.399999618530273,17.15999984741211,17.399999618530273,97177,0.0,0.0,PARSVNATH.NS,Parsvnath Developers Limited,Real Estate,Real Estate - Development,8037194752,,0.017,,26.19,11.15
2024-11-21 00:00:00+05:30,17.049999237060547,17.049999237060547,17.049999237060547,17.049999237060547,23915,0.0,0.0,PARSVNATH.NS,Parsvnath Developers Limited,Real Estate,Real Estate - Development,8037194752,,0.017,,26.19,11.15
2024-11-22 00:00:00+05:30,16.799999237060547,16.799999237060547,16.700000762939453,16.799999237060547,191621,0.0,0.0,PARSVNATH.NS,Parsvnath Developers Limited,Real Estate,Real Estate - Development,8037194752,,0.017,,26.19,11.15
2024-11-25 00:00:00+05:30,17.0,17.0,16.459999084472656,17.0,367956,0.0,0.0,PARSVNATH.NS,Parsvnath Developers Limited,Real Estate,Real Estate - Development,8037194752,,0.017,,26.19,11.15
2024-11-26 00:00:00+05:30,16.65999984741211,17.0,16.65999984741211,16.65999984741211,241662,0.0,0.0,PARSVNATH.NS,Parsvnath Developers Limited,Real Estate,Real Estate - Development,8037194752,,0.017,,26.19,11.15
2024-11-27 00:00:00+05:30,16.450000762939453,16.670000076293945,16.450000762939453,16.450000762939453,53195,0.0,0.0,PARSVNATH.NS,Parsvnath Developers Limited,Real Estate,Real Estate - Development,8037194752,,0.017,,26.19,11.15
2024-11-28 00:00:00+05:30,16.469999313354492,16.510000228881836,16.469999313354492,16.469999313354492,497445,0.0,0.0,PARSVNATH.NS,Parsvnath Developers Limited,Real Estate,Real Estate - Development,8037194752,,0.017,,26.19,11.15
2024-11-29 00:00:00+05:30,16.790000915527344,16.790000915527344,16.790000915527344,16.790000915527344,240731,0.0,0.0,PARSVNATH.NS,Parsvnath Developers Limited,Real Estate,Real Estate - Development,8037194752,,0.017,,26.19,11.15
2024-12-02 00:00:00+05:30,17.1200008392334,17.1200008392334,17.1200008392334,17.1200008392334,28485,0.0,0.0,PARSVNATH.NS,Parsvnath Developers Limited,Real Estate,Real Estate - Development,8037194752,,0.017,,26.19,11.15
2024-12-03 00:00:00+05:30,17.459999084472656,17.459999084472656,17.459999084472656,17.459999084472656,215960,0.0,0.0,PARSVNATH.NS,Parsvnath Developers Limited,Real Estate,Real Estate - Development,8037194752,,0.017,,26.19,11.15
2024-12-04 00:00:00+05:30,17.799999237060547,17.799999237060547,17.799999237060547,17.799999237060547,18379,0.0,0.0,PARSVNATH.NS,Parsvnath Developers Limited,Real Estate,Real Estate - Development,8037194752,,0.017,,26.19,11.15
2024-12-05 00:00:00+05:30,18.149999618530273,18.149999618530273,18.149999618530273,18.149999618530273,456155,0.0,0.0,PARSVNATH.NS,Parsvnath Developers Limited,Real Estate,Real Estate - Development,8037194752,,0.017,,26.19,11.15
2024-12-06 00:00:00+05:30,18.350000381469727,18.510000228881836,18.350000381469727,18.350000381469727,622898,0.0,0.0,PARSVNATH.NS,Parsvnath Developers Limited,Real Estate,Real Estate - Development,8037194752,,0.017,,26.19,11.15
2024-12-09 00:00:00+05:30,18.0,19.260000228881836,17.510000228881836,18.649999618530273,655208,0.0,0.0,PARSVNATH.NS,Parsvnath Developers Limited,Real Estate,Real Estate - Development,8037194752,,0.017,,26.19,11.15
2024-12-10 00:00:00+05:30,18.1200008392334,19.190000534057617,18.1200008392334,18.579999923706055,994076,0.0,0.0,PARSVNATH.NS,Parsvnath Developers Limited,Real Estate,Real Estate - Development,8037194752,,0.017,,26.19,11.15
2024-12-11 00:00:00+05:30,18.969999313354492,19.5,18.399999618530273,19.440000534057617,1531732,0.0,0.0,PARSVNATH.NS,Parsvnath Developers Limited,Real Estate,Real Estate - Development,8037194752,,0.017,,26.19,11.15
2024-12-12 00:00:00+05:30,19.399999618530273,20.40999984741211,18.8799991607666,20.40999984741211,2112973,0.0,0.0,PARSVNATH.NS,Parsvnath Developers Limited,Real Estate,Real Estate - Development,8037194752,,0.017,,26.19,11.15
2024-12-13 00:00:00+05:30,21.43000030517578,21.43000030517578,21.43000030517578,21.43000030517578,3346251,0.0,0.0,PARSVNATH.NS,Parsvnath Developers Limited,Real Estate,Real Estate - Development,8037194752,,0.017,,26.19,11.15
2024-12-16 00:00:00+05:30,22.5,22.5,22.5,22.5,10183581,0.0,0.0,PARSVNATH.NS,Parsvnath Developers Limited,Real Estate,Real Estate - Development,8037194752,,0.017,,26.19,11.15
2024-12-17 00:00:00+05:30,23.6200008392334,23.6200008392334,23.6200008392334,23.6200008392334,15290296,0.0,0.0,PARSVNATH.NS,Parsvnath Developers Limited,Real Estate,Real Estate - Development,8037194752,,0.017,,26.19,11.15
2024-12-18 00:00:00+05:30,24.09000015258789,24.09000015258789,24.0,24.09000015258789,7040305,0.0,0.0,PARSVNATH.NS,Parsvnath Developers Limited,Real Estate,Real Estate - Development,8037194752,,0.017,,26.19,11.15
2024-12-19 00:00:00+05:30,24.56999969482422,24.56999969482422,23.700000762939453,24.56999969482422,3360890,0.0,0.0,PARSVNATH.NS,Parsvnath Developers Limited,Real Estate,Real Estate - Development,8037194752,,0.017,,26.19,11.15
2024-12-20 00:00:00+05:30,24.06999969482422,24.700000762939453,24.06999969482422,24.06999969482422,1109894,0.0,0.0,PARSVNATH.NS,Parsvnath Developers Limited,Real Estate,Real Estate - Development,8037194752,,0.017,,26.19,11.15
2024-12-23 00:00:00+05:30,23.579999923706055,24.0,23.579999923706055,23.579999923706055,732425,0.0,0.0,PARSVNATH.NS,Parsvnath Developers Limited,Real Estate,Real Estate - Development,8037194752,,0.017,,26.19,11.15
2024-12-24 00:00:00+05:30,23.100000381469727,23.100000381469727,23.100000381469727,23.100000381469727,739872,0.0,0.0,PARSVNATH.NS,Parsvnath Developers Limited,Real Estate,Real Estate - Development,8037194752,,0.017,,26.19,11.15
2024-12-26 00:00:00+05:30,23.0,23.0,22.639999389648438,23.0,1097904,0.0,0.0,PARSVNATH.NS,Parsvnath Developers Limited,Real Estate,Real Estate - Development,8037194752,,0.017,,26.19,11.15
2024-12-27 00:00:00+05:30,23.459999084472656,23.459999084472656,23.459999084472656,23.459999084472656,674601,0.0,0.0,PARSVNATH.NS,Parsvnath Developers Limited,Real Estate,Real Estate - Development,8037194752,,0.017,,26.19,11.15
2024-12-30 00:00:00+05:30,23.6200008392334,23.920000076293945,23.549999237060547,23.6200008392334,920541,0.0,0.0,PARSVNATH.NS,Parsvnath Developers Limited,Real Estate,Real Estate - Development,8037194752,,0.017,,26.19,11.15
2024-12-31 00:00:00+05:30,23.139999389648438,23.139999389648438,23.139999389648438,23.139999389648438,97517,0.0,0.0,PARSVNATH.NS,Parsvnath Developers Limited,Real Estate,Real Estate - Development,8037194752,,0.017,,26.19,11.15
2025-01-01 00:00:00+05:30,23.600000381469727,23.600000381469727,22.770000457763672,23.600000381469727,454616,0.0,0.0,PARSVNATH.NS,Parsvnath Developers Limited,Real Estate,Real Estate - Development,8037194752,,0.017,,26.19,11.15
2025-01-02 00:00:00+05:30,24.06999969482422,24.06999969482422,23.25,24.06999969482422,533502,0.0,0.0,PARSVNATH.NS,Parsvnath Developers Limited,Real Estate,Real Estate - Development,8037194752,,0.017,,26.19,11.15
2025-01-03 00:00:00+05:30,23.579999923706055,23.579999923706055,23.579999923706055,23.579999923706055,132335,0.0,0.0,PARSVNATH.NS,Parsvnath Developers Limited,Real Estate,Real Estate - Development,8037194752,,0.017,,26.19,11.15
2025-01-06 00:00:00+05:30,23.100000381469727,23.100000381469727,23.100000381469727,23.100000381469727,154166,0.0,0.0,PARSVNATH.NS,Parsvnath Developers Limited,Real Estate,Real Estate - Development,8037194752,,0.017,,26.19,11.15
2025-01-07 00:00:00+05:30,22.6299991607666,22.6299991607666,22.6299991607666,22.6299991607666,74932,0.0,0.0,PARSVNATH.NS,Parsvnath Developers Limited,Real Estate,Real Estate - Development,8037194752,,0.017,,26.19,11.15
2025-01-08 00:00:00+05:30,22.170000076293945,22.170000076293945,22.170000076293945,22.170000076293945,41255,0.0,0.0,PARSVNATH.NS,Parsvnath Developers Limited,Real Estate,Real Estate - Development,8037194752,,0.017,,26.19,11.15
2025-01-09 00:00:00+05:30,21.719999313354492,21.719999313354492,21.719999313354492,21.719999313354492,299948,0.0,0.0,PARSVNATH.NS,Parsvnath Developers Limited,Real Estate,Real Estate - Development,8037194752,,0.017,,26.19,11.15
2025-01-10 00:00:00+05:30,21.280000686645508,21.290000915527344,21.280000686645508,21.280000686645508,9551,0.0,0.0,PARSVNATH.NS,Parsvnath Developers Limited,Real Estate,Real Estate - Development,8037194752,,0.017,,26.19,11.15
2025-01-13 00:00:00+05:30,20.850000381469727,20.850000381469727,20.850000381469727,20.850000381469727,5673,0.0,0.0,PARSVNATH.NS,Parsvnath Developers Limited,Real Estate,Real Estate - Development,8037194752,,0.017,,26.19,11.15
2025-01-14 00:00:00+05:30,20.43000030517578,20.43000030517578,20.43000030517578,20.43000030517578,24814,0.0,0.0,PARSVNATH.NS,Parsvnath Developers Limited,Real Estate,Real Estate - Development,8037194752,,0.017,,26.19,11.15
2025-01-15 00:00:00+05:30,20.020000457763672,20.020000457763672,20.020000457763672,20.020000457763672,13201,0.0,0.0,PARSVNATH.NS,Parsvnath Developers Limited,Real Estate,Real Estate - Development,8037194752,,0.017,,26.19,11.15
2025-01-16 00:00:00+05:30,20.420000076293945,20.420000076293945,19.610000610351562,20.420000076293945,922804,0.0,0.0,PARSVNATH.NS,Parsvnath Developers Limited,Real Estate,Real Estate - Development,8037194752,,0.017,,26.19,11.15
2025-01-17 00:00:00+05:30,20.81999969482422,20.81999969482422,20.010000228881836,20.81999969482422,629481,0.0,0.0,PARSVNATH.NS,Parsvnath Developers Limited,Real Estate,Real Estate - Development,8037194752,,0.017,,26.19,11.15
2025-01-20 00:00:00+05:30,21.229999542236328,21.229999542236328,20.81999969482422,21.229999542236328,850614,0.0,0.0,PARSVNATH.NS,Parsvnath Developers Limited,Real Estate,Real Estate - Development,8037194752,,0.017,,26.19,11.15
2025-01-21 00:00:00+05:30,21.649999618530273,21.649999618530273,21.649999618530273,21.649999618530273,1026697,0.0,0.0,PARSVNATH.NS,Parsvnath Developers Limited,Real Estate,Real Estate - Development,8037194752,,0.017,,26.19,11.15
2025-01-22 00:00:00+05:30,22.079999923706055,22.079999923706055,22.079999923706055,22.079999923706055,1969248,0.0,0.0,PARSVNATH.NS,Parsvnath Developers Limited,Real Estate,Real Estate - Development,8037194752,,0.017,,26.19,11.15
2025-01-23 00:00:00+05:30,22.5,22.520000457763672,22.5,22.5,2963456,0.0,0.0,PARSVNATH.NS,Parsvnath Developers Limited,Real Estate,Real Estate - Development,8037194752,,0.017,,26.19,11.15
2025-01-24 00:00:00+05:30,22.950000762939453,22.950000762939453,22.950000762939453,22.950000762939453,1833991,0.0,0.0,PARSVNATH.NS,Parsvnath Developers Limited,Real Estate,Real Estate - Development,8037194752,,0.017,,26.19,11.15
2025-01-27 00:00:00+05:30,24.09000015258789,24.09000015258789,21.799999237060547,21.920000076293945,3319208,0.0,0.0,PARSVNATH.NS,Parsvnath Developers Limited,Real Estate,Real Estate - Development,8037194752,,0.017,,26.19,11.15
2025-01-28 00:00:00+05:30,21.100000381469727,21.700000762939453,20.81999969482422,20.81999969482422,1520506,0.0,0.0,PARSVNATH.NS,Parsvnath Developers Limited,Real Estate,Real Estate - Development,8037194752,,0.017,,26.19,11.15
2025-01-29 00:00:00+05:30,20.200000762939453,21.5,19.770000457763672,21.030000686645508,1780479,0.0,0.0,PARSVNATH.NS,Parsvnath Developers Limited,Real Estate,Real Estate - Development,8037194752,,0.017,,26.19,11.15
2025-01-30 00:00:00+05:30,20.899999618530273,22.079999923706055,19.969999313354492,21.989999771118164,1434277,0.0,0.0,PARSVNATH.NS,Parsvnath Developers Limited,Real Estate,Real Estate - Development,8037194752,,0.017,,26.19,11.15
2025-01-31 00:00:00+05:30,21.799999237060547,23.079999923706055,21.600000381469727,23.079999923706055,677405,0.0,0.0,PARSVNATH.NS,Parsvnath Developers Limited,Real Estate,Real Estate - Development,8037194752,,0.017,,26.19,11.15
2025-02-01 00:00:00+05:30,24.229999542236328,24.229999542236328,24.229999542236328,24.229999542236328,2116649,0.0,0.0,PARSVNATH.NS,Parsvnath Developers Limited,Real Estate,Real Estate - Development,8037194752,,0.017,,26.19,11.15
2025-02-03 00:00:00+05:30,25.440000534057617,25.440000534057617,24.0,25.020000457763672,3183635,0.0,0.0,PARSVNATH.NS,Parsvnath Developers Limited,Real Estate,Real Estate - Development,8037194752,,0.017,,26.19,11.15
2025-02-04 00:00:00+05:30,26.18000030517578,26.190000534057617,24.100000381469727,24.479999542236328,511562,0.0,0.0,PARSVNATH.NS,Parsvnath Developers Limited,Real Estate,Real Estate - Development,8037194752,,0.017,,26.19,11.15
2025-02-05 00:00:00+05:30,24.399999618530273,24.399999618530273,24.360000610351562,24.399999618530273,221402,0.0,0.0,PARSVNATH.NS,Parsvnath Developers Limited,Real Estate,Real Estate - Development,8037194752,,0.017,,26.19,11.15
2025-02-06 00:00:00+05:30,24.8799991607666,24.8799991607666,24.399999618530273,24.8799991607666,676175,0.0,0.0,PARSVNATH.NS,Parsvnath Developers Limited,Real Estate,Real Estate - Development,8037194752,,0.017,,26.19,11.15
2025-02-07 00:00:00+05:30,25.3700008392334,25.3700008392334,25.3700008392334,25.3700008392334,1743649,0.0,0.0,PARSVNATH.NS,Parsvnath Developers Limited,Real Estate,Real Estate - Development,8037194752,,0.017,,26.19,11.15
2025-02-10 00:00:00+05:30,24.860000610351562,24.860000610351562,24.860000610351562,24.860000610351562,49482,0.0,0.0,PARSVNATH.NS,Parsvnath Developers Limited,Real Estate,Real Estate - Development,8037194752,,0.017,,26.19,11.15
2025-02-11 00:00:00+05:30,24.360000610351562,24.360000610351562,24.360000610351562,24.360000610351562,5012,0.0,0.0,PARSVNATH.NS,Parsvnath Developers Limited,Real Estate,Real Estate - Development,8037194752,,0.017,,26.19,11.15
2025-02-12 00:00:00+05:30,23.8700008392334,23.8700008392334,23.8700008392334,23.8700008392334,524842,0.0,0.0,PARSVNATH.NS,Parsvnath Developers Limited,Real Estate,Real Estate - Development,8037194752,,0.017,,26.19,11.15
2025-02-13 00:00:00+05:30,23.389999389648438,23.389999389648438,23.389999389648438,23.389999389648438,25729,0.0,0.0,PARSVNATH.NS,Parsvnath Developers Limited,Real Estate,Real Estate - Development,8037194752,,0.017,,26.19,11.15
2025-02-14 00:00:00+05:30,22.920000076293945,22.920000076293945,22.920000076293945,22.920000076293945,3526,0.0,0.0,PARSVNATH.NS,Parsvnath Developers Limited,Real Estate,Real Estate - Development,8037194752,,0.017,,26.19,11.15
2025-02-17 00:00:00+05:30,22.459999084472656,23.3700008392334,22.459999084472656,22.459999084472656,482900,0.0,0.0,PARSVNATH.NS,Parsvnath Developers Limited,Real Estate,Real Estate - Development,8037194752,,0.017,,26.19,11.15
2025-02-18 00:00:00+05:30,22.010000228881836,22.010000228881836,22.010000228881836,22.010000228881836,230323,0.0,0.0,PARSVNATH.NS,Parsvnath Developers Limited,Real Estate,Real Estate - Development,8037194752,,0.017,,26.19,11.15
2025-02-19 00:00:00+05:30,22.450000762939453,22.450000762939453,21.559999465942383,22.450000762939453,330905,0.0,0.0,PARSVNATH.NS,Parsvnath Developers Limited,Real Estate,Real Estate - Development,8037194752,,0.017,,26.19,11.15
2025-02-20 00:00:00+05:30,22.850000381469727,22.889999389648438,22.850000381469727,22.850000381469727,625815,0.0,0.0,PARSVNATH.NS,Parsvnath Developers Limited,Real Estate,Real Estate - Development,8037194752,,0.017,,26.19,11.15
2025-02-21 00:00:00+05:30,22.389999389648438,22.84000015258789,22.389999389648438,22.389999389648438,554100,0.0,0.0,PARSVNATH.NS,Parsvnath Developers Limited,Real Estate,Real Estate - Development,8037194752,,0.017,,26.19,11.15
2025-02-24 00:00:00+05:30,22.81999969482422,22.81999969482422,21.940000534057617,22.81999969482422,236403,0.0,0.0,PARSVNATH.NS,Parsvnath Developers Limited,Real Estate,Real Estate - Development,8037194752,,0.017,,26.19,11.15
2025-02-25 00:00:00+05:30,23.270000457763672,23.270000457763672,22.360000610351562,23.270000457763672,82709,0.0,0.0,PARSVNATH.NS,Parsvnath Developers Limited,Real Estate,Real Estate - Development,8037194752,,0.017,,26.19,11.15
2025-02-27 00:00:00+05:30,23.0,23.0,22.799999237060547,23.0,136508,0.0,0.0,PARSVNATH.NS,Parsvnath Developers Limited,Real Estate,Real Estate - Development,8037194752,,0.017,,26.19,11.15
2025-02-28 00:00:00+05:30,22.540000915527344,22.540000915527344,22.540000915527344,22.540000915527344,14226,0.0,0.0,PARSVNATH.NS,Parsvnath Developers Limited,Real Estate,Real Estate - Development,8037194752,,0.017,,26.19,11.15
2025-03-03 00:00:00+05:30,22.079999923706055,22.079999923706055,22.079999923706055,22.079999923706055,2092,0.0,0.0,PARSVNATH.NS,Parsvnath Developers Limited,Real Estate,Real Estate - Development,8037194752,,0.017,,26.19,11.15
2025-03-04 00:00:00+05:30,21.6299991607666,21.6299991607666,21.6299991607666,21.6299991607666,17620,0.0,0.0,PARSVNATH.NS,Parsvnath Developers Limited,Real Estate,Real Estate - Development,8037194752,,0.017,,26.19,11.15
2025-03-05 00:00:00+05:30,21.59000015258789,22.049999237060547,21.190000534057617,21.59000015258789,621729,0.0,0.0,PARSVNATH.NS,Parsvnath Developers Limited,Real Estate,Real Estate - Development,8037194752,,0.017,,26.19,11.15
2025-03-06 00:00:00+05:30,22.020000457763672,22.020000457763672,21.149999618530273,22.020000457763672,203657,0.0,0.0,PARSVNATH.NS,Parsvnath Developers Limited,Real Estate,Real Estate - Development,8037194752,,0.017,,26.19,11.15
2025-03-07 00:00:00+05:30,22.459999084472656,22.459999084472656,21.649999618530273,22.459999084472656,366144,0.0,0.0,PARSVNATH.NS,Parsvnath Developers Limited,Real Estate,Real Estate - Development,8037194752,,0.017,,26.19,11.15
2025-03-10 00:00:00+05:30,23.399999618530273,23.579999923706055,21.649999618530273,22.610000610351562,471259,0.0,0.0,PARSVNATH.NS,Parsvnath Developers Limited,Real Estate,Real Estate - Development,8037194752,,0.017,,26.19,11.15
2025-03-11 00:00:00+05:30,22.0,23.700000762939453,21.469999313354492,22.639999389648438,891720,0.0,0.0,PARSVNATH.NS,Parsvnath Developers Limited,Real Estate,Real Estate - Development,8037194752,,0.017,,26.19,11.15
2025-03-12 00:00:00+05:30,22.5,22.770000457763672,22.020000457763672,22.229999542236328,130065,0.0,0.0,PARSVNATH.NS,Parsvnath Developers Limited,Real Estate,Real Estate - Development,8037194752,,0.017,,26.19,11.15
2025-03-13 00:00:00+05:30,23.100000381469727,23.100000381469727,21.260000228881836,22.450000762939453,268860,0.0,0.0,PARSVNATH.NS,Parsvnath Developers Limited,Real Estate,Real Estate - Development,8037194752,,0.017,,26.19,11.15
2025-03-17 00:00:00+05:30,22.280000686645508,22.280000686645508,21.5,21.639999389648438,99580,0.0,0.0,PARSVNATH.NS,Parsvnath Developers Limited,Real Estate,Real Estate - Development,8037194752,,0.017,,26.19,11.15
2025-03-18 00:00:00+05:30,21.639999389648438,21.639999389648438,21.639999389648438,21.639999389648438,0,0.0,0.0,PARSVNATH.NS,Parsvnath Developers Limited,Real Estate,Real Estate - Development,8037194752,,0.017,,26.19,11.15
2025-03-19 00:00:00+05:30,21.690000534057617,22.0,20.979999542236328,21.299999237060547,554454,0.0,0.0,PARSVNATH.NS,Parsvnath Developers Limited,Real Estate,Real Estate - Development,8037194752,,0.017,,26.19,11.15
2025-03-20 00:00:00+05:30,21.149999618530273,21.280000686645508,20.229999542236328,20.649999618530273,658732,0.0,0.0,PARSVNATH.NS,Parsvnath Developers Limited,Real Estate,Real Estate - Development,8037194752,,0.017,,26.19,11.15
2025-03-21 00:00:00+05:30,20.3799991607666,21.68000030517578,19.610000610351562,21.59000015258789,1431618,0.0,0.0,PARSVNATH.NS,Parsvnath Developers Limited,Real Estate,Real Estate - Development,8037194752,,0.017,,26.19,11.15
2025-03-24 00:00:00+05:30,21.65999984741211,22.25,20.899999618530273,21.799999237060547,295822,0.0,0.0,PARSVNATH.NS,Parsvnath Developers Limited,Real Estate,Real Estate - Development,8037194752,,0.017,,26.19,11.15
2025-03-25 00:00:00+05:30,21.549999237060547,22.8799991607666,21.149999618530273,22.450000762939453,1329277,0.0,0.0,PARSVNATH.NS,Parsvnath Developers Limited,Real Estate,Real Estate - Development,8037194752,,0.017,,26.19,11.15
2025-03-26 00:00:00+05:30,22.5,23.100000381469727,21.420000076293945,21.799999237060547,450791,0.0,0.0,PARSVNATH.NS,Parsvnath Developers Limited,Real Estate,Real Estate - Development,8037194752,,0.017,,26.19,11.15
2025-03-27 00:00:00+05:30,21.5,22.799999237060547,21.329999923706055,21.850000381469727,338657,0.0,0.0,PARSVNATH.NS,Parsvnath Developers Limited,Real Estate,Real Estate - Development,8037194752,,0.017,,26.19,11.15
2025-03-28 00:00:00+05:30,22.3799991607666,22.65999984741211,21.639999389648438,21.959999084472656,266292,0.0,0.0,PARSVNATH.NS,Parsvnath Developers Limited,Real Estate,Real Estate - Development,8037194752,,0.017,,26.19,11.15
2025-04-01 00:00:00+05:30,21.780000686645508,22.559999465942383,21.229999542236328,21.65999984741211,272367,0.0,0.0,PARSVNATH.NS,Parsvnath Developers Limited,Real Estate,Real Estate - Development,8037194752,,0.017,,26.19,11.15
2025-04-02 00:00:00+05:30,22.0,22.25,21.5,21.799999237060547,261767,0.0,0.0,PARSVNATH.NS,Parsvnath Developers Limited,Real Estate,Real Estate - Development,8037194752,,0.017,,26.19,11.15
2025-04-03 00:00:00+05:30,21.5,22.399999618530273,21.5,21.940000534057617,286156,0.0,0.0,PARSVNATH.NS,Parsvnath Developers Limited,Real Estate,Real Estate - Development,8037194752,,0.017,,26.19,11.15
2025-04-04 00:00:00+05:30,21.989999771118164,22.469999313354492,20.84000015258789,21.600000381469727,706679,0.0,0.0,PARSVNATH.NS,Parsvnath Developers Limited,Real Estate,Real Estate - Development,8037194752,,0.017,,26.19,11.15
2025-04-07 00:00:00+05:30,19.440000534057617,21.700000762939453,19.440000534057617,20.43000030517578,543492,0.0,0.0,PARSVNATH.NS,Parsvnath Developers Limited,Real Estate,Real Estate - Development,8037194752,,0.017,,26.19,11.15
2025-04-08 00:00:00+05:30,20.979999542236328,22.469999313354492,19.709999084472656,22.43000030517578,1417656,0.0,0.0,PARSVNATH.NS,Parsvnath Developers Limited,Real Estate,Real Estate - Development,8037194752,,0.017,,26.19,11.15
2025-04-09 00:00:00+05:30,22.690000534057617,24.399999618530273,22.25,24.229999542236328,2188409,0.0,0.0,PARSVNATH.NS,Parsvnath Developers Limited,Real Estate,Real Estate - Development,8037194752,,0.017,,26.19,11.15
2025-04-11 00:00:00+05:30,24.479999542236328,24.5,23.329999923706055,24.170000076293945,1330051,0.0,0.0,PARSVNATH.NS,Parsvnath Developers Limited,Real Estate,Real Estate - Development,8037194752,,0.017,,26.19,11.15
2025-04-15 00:00:00+05:30,24.25,25.5,24.25,25.079999923706055,1598720,0.0,0.0,PARSVNATH.NS,Parsvnath Developers Limited,Real Estate,Real Estate - Development,8037194752,,0.017,,26.19,11.15
2025-04-16 00:00:00+05:30,25.399999618530273,25.489999771118164,24.059999465942383,24.579999923706055,707898,0.0,0.0,PARSVNATH.NS,Parsvnath Developers Limited,Real Estate,Real Estate - Development,8037194752,,0.017,,26.19,11.15
2025-04-17 00:00:00+05:30,24.8700008392334,25.200000762939453,23.360000610351562,23.84000015258789,503137,0.0,0.0,PARSVNATH.NS,Parsvnath Developers Limited,Real Estate,Real Estate - Development,8037194752,,0.017,,26.19,11.15
2025-04-21 00:00:00+05:30,23.84000015258789,24.010000228881836,23.399999618530273,23.549999237060547,276797,0.0,0.0,PARSVNATH.NS,Parsvnath Developers Limited,Real Estate,Real Estate - Development,8037194752,,0.017,,26.19,11.15
2025-04-22 00:00:00+05:30,23.899999618530273,25.5,23.389999389648438,24.280000686645508,1016595,0.0,0.0,PARSVNATH.NS,Parsvnath Developers Limited,Real Estate,Real Estate - Development,8037194752,,0.017,,26.19,11.15
2025-04-23 00:00:00+05:30,24.149999618530273,24.389999389648438,23.149999618530273,23.520000457763672,326617,0.0,0.0,PARSVNATH.NS,Parsvnath Developers Limited,Real Estate,Real Estate - Development,8037194752,,0.017,,26.19,11.15
2025-04-24 00:00:00+05:30,23.899999618530273,25.0,23.059999465942383,23.549999237060547,982131,0.0,0.0,PARSVNATH.NS,Parsvnath Developers Limited,Real Estate,Real Estate - Development,8037194752,,0.017,,26.19,11.15
2025-04-25 00:00:00+05:30,24.0,24.0,22.049999237060547,22.190000534057617,333274,0.0,0.0,PARSVNATH.NS,Parsvnath Developers Limited,Real Estate,Real Estate - Development,8037194752,,0.017,,26.19,11.15
2025-04-28 00:00:00+05:30,21.709999084472656,23.0,21.5,22.450000762939453,362696,0.0,0.0,PARSVNATH.NS,Parsvnath Developers Limited,Real Estate,Real Estate - Development,8037194752,,0.017,,26.19,11.15
2025-04-29 00:00:00+05:30,22.1200008392334,23.049999237060547,21.59000015258789,22.350000381469727,344450,0.0,0.0,PARSVNATH.NS,Parsvnath Developers Limited,Real Estate,Real Estate - Development,8037194752,,0.017,,26.19,11.15
2025-04-30 00:00:00+05:30,21.850000381469727,22.290000915527344,20.719999313354492,20.93000030517578,647965,0.0,0.0,PARSVNATH.NS,Parsvnath Developers Limited,Real Estate,Real Estate - Development,8037194752,,0.017,,26.19,11.15
2025-05-02 00:00:00+05:30,20.440000534057617,21.399999618530273,20.440000534057617,20.6299991607666,129316,0.0,0.0,PARSVNATH.NS,Parsvnath Developers Limited,Real Estate,Real Estate - Development,8037194752,,0.017,,26.19,11.15
2025-05-05 00:00:00+05:30,20.200000762939453,22.0,20.09000015258789,21.649999618530273,451960,0.0,0.0,PARSVNATH.NS,Parsvnath Developers Limited,Real Estate,Real Estate - Development,8037194752,,0.017,,26.19,11.15
2025-05-06 00:00:00+05:30,21.93000030517578,22.0,20.0,20.440000534057617,336460,0.0,0.0,PARSVNATH.NS,Parsvnath Developers Limited,Real Estate,Real Estate - Development,8037194752,,0.017,,26.19,11.15
2025-05-07 00:00:00+05:30,20.010000228881836,21.399999618530273,20.010000228881836,21.229999542236328,283487,0.0,0.0,PARSVNATH.NS,Parsvnath Developers Limited,Real Estate,Real Estate - Development,8037194752,,0.017,,26.19,11.15
2025-05-08 00:00:00+05:30,21.299999237060547,21.68000030517578,20.209999084472656,20.43000030517578,220801,0.0,0.0,PARSVNATH.NS,Parsvnath Developers Limited,Real Estate,Real Estate - Development,8037194752,,0.017,,26.19,11.15
2025-05-09 00:00:00+05:30,20.209999084472656,20.209999084472656,18.559999465942383,19.209999084472656,1284107,0.0,0.0,PARSVNATH.NS,Parsvnath Developers Limited,Real Estate,Real Estate - Development,8037194752,,0.017,,26.19,11.15
2025-05-12 00:00:00+05:30,19.860000610351562,21.1299991607666,19.860000610351562,21.09000015258789,263840,0.0,0.0,PARSVNATH.NS,Parsvnath Developers Limited,Real Estate,Real Estate - Development,8037194752,,0.017,,26.19,11.15
2025-05-13 00:00:00+05:30,21.3799991607666,21.3799991607666,19.350000381469727,20.049999237060547,733923,0.0,0.0,PARSVNATH.NS,Parsvnath Developers Limited,Real Estate,Real Estate - Development,8037194752,,0.017,,26.19,11.15
2025-05-14 00:00:00+05:30,20.049999237060547,21.969999313354492,19.940000534057617,21.110000610351562,542709,0.0,0.0,PARSVNATH.NS,Parsvnath Developers Limited,Real Estate,Real Estate - Development,8037194752,,0.017,,26.19,11.15
2025-05-15 00:00:00+05:30,21.700000762939453,23.0,20.809999465942383,22.329999923706055,1065488,0.0,0.0,PARSVNATH.NS,Parsvnath Developers Limited,Real Estate,Real Estate - Development,8037194752,,0.017,,26.19,11.15
2025-05-16 00:00:00+05:30,22.34000015258789,23.0,21.6200008392334,22.600000381469727,483003,0.0,0.0,PARSVNATH.NS,Parsvnath Developers Limited,Real Estate,Real Estate - Development,8037194752,,0.017,,26.19,11.15
2025-05-19 00:00:00+05:30,22.989999771118164,22.989999771118164,21.5,21.549999237060547,382614,0.0,0.0,PARSVNATH.NS,Parsvnath Developers Limited,Real Estate,Real Estate - Development,8037194752,,0.017,,26.19,11.15
2025-05-20 00:00:00+05:30,22.360000610351562,22.360000610351562,21.09000015258789,21.299999237060547,260872,0.0,0.0,PARSVNATH.NS,Parsvnath Developers Limited,Real Estate,Real Estate - Development,8037194752,,0.017,,26.19,11.15
2025-05-21 00:00:00+05:30,21.010000228881836,21.549999237060547,20.81999969482422,20.969999313354492,288718,0.0,0.0,PARSVNATH.NS,Parsvnath Developers Limited,Real Estate,Real Estate - Development,8037194752,,0.017,,26.19,11.15
2025-05-22 00:00:00+05:30,21.209999084472656,21.5,20.5,20.90999984741211,207505,0.0,0.0,PARSVNATH.NS,Parsvnath Developers Limited,Real Estate,Real Estate - Development,8037194752,,0.017,,26.19,11.15
2025-05-23 00:00:00+05:30,20.920000076293945,21.850000381469727,19.969999313354492,21.079999923706055,1272788,0.0,0.0,PARSVNATH.NS,Parsvnath Developers Limited,Real Estate,Real Estate - Development,8037194752,,0.017,,26.19,11.15
2025-05-26 00:00:00+05:30,21.25,21.799999237060547,19.520000457763672,21.3700008392334,1528488,0.0,0.0,PARSVNATH.NS,Parsvnath Developers Limited,Real Estate,Real Estate - Development,8037194752,,0.017,,26.19,11.15
2025-05-27 00:00:00+05:30,21.350000381469727,21.350000381469727,19.610000610351562,19.959999084472656,887521,0.0,0.0,PARSVNATH.NS,Parsvnath Developers Limited,Real Estate,Real Estate - Development,8037194752,,0.017,,26.19,11.15
2025-05-28 00:00:00+05:30,19.959999084472656,21.0,19.1200008392334,20.299999237060547,2199773,0.0,0.0,PARSVNATH.NS,Parsvnath Developers Limited,Real Estate,Real Estate - Development,8037194752,,0.017,,26.19,11.15
2025-05-29 00:00:00+05:30,19.899999618530273,20.450000762939453,19.110000610351562,20.280000686645508,2560166,0.0,0.0,PARSVNATH.NS,Parsvnath Developers Limited,Real Estate,Real Estate - Development,8037194752,,0.017,,26.19,11.15
2025-05-30 00:00:00+05:30,20.040000915527344,20.950000762939453,19.65999984741211,20.68000030517578,1217147,0.0,0.0,PARSVNATH.NS,Parsvnath Developers Limited,Real Estate,Real Estate - Development,8037194752,,0.017,,26.19,11.15
2025-06-02 00:00:00+05:30,20.399999618530273,20.399999618530273,18.8799991607666,19.360000610351562,1703478,0.0,0.0,PARSVNATH.NS,Parsvnath Developers Limited,Real Estate,Real Estate - Development,8037194752,,0.017,,26.19,11.15
2025-06-03 00:00:00+05:30,19.149999618530273,19.489999771118164,17.760000228881836,18.280000686645508,2065865,0.0,0.0,PARSVNATH.NS,Parsvnath Developers Limited,Real Estate,Real Estate - Development,8037194752,,0.017,,26.19,11.15
2025-06-04 00:00:00+05:30,17.899999618530273,18.1299991607666,16.450000762939453,16.450000762939453,2943512,0.0,0.0,PARSVNATH.NS,Parsvnath Developers Limited,Real Estate,Real Estate - Development,8037194752,,0.017,,26.19,11.15
2025-06-05 00:00:00+05:30,15.210000038146973,18.09000015258789,15.170000076293945,17.709999084472656,7964766,0.0,0.0,PARSVNATH.NS,Parsvnath Developers Limited,Real Estate,Real Estate - Development,8037194752,,0.017,,26.19,11.15
2025-06-06 00:00:00+05:30,17.899999618530273,19.700000762939453,17.899999618530273,19.100000381469727,3662514,0.0,0.0,PARSVNATH.NS,Parsvnath Developers Limited,Real Estate,Real Estate - Development,8037194752,,0.017,,26.19,11.15
2025-06-09 00:00:00+05:30,18.799999237060547,19.290000915527344,18.059999465942383,18.34000015258789,909198,0.0,0.0,PARSVNATH.NS,Parsvnath Developers Limited,Real Estate,Real Estate - Development,8037194752,,0.017,,26.19,11.15
2025-06-10 00:00:00+05:30,18.299999237060547,18.610000610351562,18.030000686645508,18.3700008392334,498309,0.0,0.0,PARSVNATH.NS,Parsvnath Developers Limited,Real Estate,Real Estate - Development,8037194752,,0.017,,26.19,11.15
2025-06-11 00:00:00+05:30,18.3700008392334,18.559999465942383,18.049999237060547,18.479999542236328,2489186,0.0,0.0,PARSVNATH.NS,Parsvnath Developers Limited,Real Estate,Real Estate - Development,8037194752,,0.017,,26.19,11.15
2025-06-12 00:00:00+05:30,18.440000534057617,18.5,17.940000534057617,18.270000457763672,220595,0.0,0.0,PARSVNATH.NS,Parsvnath Developers Limited,Real Estate,Real Estate - Development,8037194752,,0.017,,26.19,11.15
2025-06-13 00:00:00+05:30,17.899999618530273,18.790000915527344,17.209999084472656,18.149999618530273,1507779,0.0,0.0,PARSVNATH.NS,Parsvnath Developers Limited,Real Estate,Real Estate - Development,8037194752,,0.017,,26.19,11.15
2025-06-16 00:00:00+05:30,18.010000228881836,19.030000686645508,17.459999084472656,18.579999923706055,1123581,0.0,0.0,PARSVNATH.NS,Parsvnath Developers Limited,Real Estate,Real Estate - Development,8037194752,,0.017,,26.19,11.15
2025-06-17 00:00:00+05:30,18.56999969482422,18.670000076293945,18.149999618530273,18.579999923706055,408397,0.0,0.0,PARSVNATH.NS,Parsvnath Developers Limited,Real Estate,Real Estate - Development,8037194752,,0.017,,26.19,11.15
2025-06-18 00:00:00+05:30,18.5,18.68000030517578,17.510000228881836,17.889999389648438,478780,0.0,0.0,PARSVNATH.NS,Parsvnath Developers Limited,Real Estate,Real Estate - Development,8037194752,,0.017,,26.19,11.15
