Date,Open,High,Low,Close,Volume,Dividends,Stock Splits,Symbol,Company Name,Sector,Industry,Market Cap,P/E Ratio,Beta,Dividend Yield,52 Week High,52 Week Low
2023-10-04 00:00:00+05:30,285.0,298.6499938964844,282.0,283.8999938964844,2298145,0.0,0.0,UDS.NS,Updater Services Limited,Industrials,Specialty Business Services,19968391168,16.586676,,,438.6,255.6
2023-10-05 00:00:00+05:30,285.0,294.95001220703125,282.3999938964844,290.3500061035156,470329,0.0,0.0,UDS.NS,Updater Services Limited,Industrials,Specialty Business Services,19968391168,16.586676,,,438.6,255.6
2023-10-06 00:00:00+05:30,292.95001220703125,292.95001220703125,283.75,285.75,229698,0.0,0.0,UDS.NS,Updater Services Limited,Industrials,Specialty Business Services,19968391168,16.586676,,,438.6,255.6
2023-10-09 00:00:00+05:30,280.0,283.0,276.25,281.3999938964844,249537,0.0,0.0,UDS.NS,Updater Services Limited,Industrials,Specialty Business Services,19968391168,16.586676,,,438.6,255.6
2023-10-10 00:00:00+05:30,281.3999938964844,290.6000061035156,281.3999938964844,287.8999938964844,372207,0.0,0.0,UDS.NS,Updater Services Limited,Industrials,Specialty Business Services,19968391168,16.586676,,,438.6,255.6
2023-10-11 00:00:00+05:30,291.0,293.70001220703125,288.1499938964844,290.75,230672,0.0,0.0,UDS.NS,Updater Services Limited,Industrials,Specialty Business Services,19968391168,16.586676,,,438.6,255.6
2023-10-12 00:00:00+05:30,290.75,293.5,284.6499938964844,289.1000061035156,159450,0.0,0.0,UDS.NS,Updater Services Limited,Industrials,Specialty Business Services,19968391168,16.586676,,,438.6,255.6
2023-10-13 00:00:00+05:30,286.6000061035156,301.75,285.54998779296875,293.29998779296875,640924,0.0,0.0,UDS.NS,Updater Services Limited,Industrials,Specialty Business Services,19968391168,16.586676,,,438.6,255.6
2023-10-16 00:00:00+05:30,296.3500061035156,296.3500061035156,285.1000061035156,289.1499938964844,477346,0.0,0.0,UDS.NS,Updater Services Limited,Industrials,Specialty Business Services,19968391168,16.586676,,,438.6,255.6
2023-10-17 00:00:00+05:30,293.0,293.0,285.6499938964844,288.1499938964844,163111,0.0,0.0,UDS.NS,Updater Services Limited,Industrials,Specialty Business Services,19968391168,16.586676,,,438.6,255.6
2023-10-18 00:00:00+05:30,288.04998779296875,290.70001220703125,281.04998779296875,284.70001220703125,210744,0.0,0.0,UDS.NS,Updater Services Limited,Industrials,Specialty Business Services,19968391168,16.586676,,,438.6,255.6
2023-10-19 00:00:00+05:30,283.04998779296875,290.70001220703125,281.54998779296875,283.70001220703125,102877,0.0,0.0,UDS.NS,Updater Services Limited,Industrials,Specialty Business Services,19968391168,16.586676,,,438.6,255.6
2023-10-20 00:00:00+05:30,291.0,293.0,283.5,286.0,192432,0.0,0.0,UDS.NS,Updater Services Limited,Industrials,Specialty Business Services,19968391168,16.586676,,,438.6,255.6
2023-10-23 00:00:00+05:30,286.29998779296875,287.3999938964844,275.0,278.8999938964844,122410,0.0,0.0,UDS.NS,Updater Services Limited,Industrials,Specialty Business Services,19968391168,16.586676,,,438.6,255.6
2023-10-25 00:00:00+05:30,279.0,281.45001220703125,235.3000030517578,265.1499938964844,439077,0.0,0.0,UDS.NS,Updater Services Limited,Industrials,Specialty Business Services,19968391168,16.586676,,,438.6,255.6
2023-10-26 00:00:00+05:30,264.6000061035156,265.70001220703125,250.64999389648438,262.3999938964844,140372,0.0,0.0,UDS.NS,Updater Services Limited,Industrials,Specialty Business Services,19968391168,16.586676,,,438.6,255.6
2023-10-27 00:00:00+05:30,262.3999938964844,272.0,257.0,261.8500061035156,203052,0.0,0.0,UDS.NS,Updater Services Limited,Industrials,Specialty Business Services,19968391168,16.586676,,,438.6,255.6
2023-10-30 00:00:00+05:30,261.0,264.0,246.25,258.70001220703125,169798,0.0,0.0,UDS.NS,Updater Services Limited,Industrials,Specialty Business Services,19968391168,16.586676,,,438.6,255.6
2023-10-31 00:00:00+05:30,258.54998779296875,262.79998779296875,254.39999389648438,258.0,60434,0.0,0.0,UDS.NS,Updater Services Limited,Industrials,Specialty Business Services,19968391168,16.586676,,,438.6,255.6
2023-11-01 00:00:00+05:30,256.25,259.75,254.39999389648438,255.3000030517578,66410,0.0,0.0,UDS.NS,Updater Services Limited,Industrials,Specialty Business Services,19968391168,16.586676,,,438.6,255.6
2023-11-02 00:00:00+05:30,252.0500030517578,261.8999938964844,252.0500030517578,258.79998779296875,77334,0.0,0.0,UDS.NS,Updater Services Limited,Industrials,Specialty Business Services,19968391168,16.586676,,,438.6,255.6
2023-11-03 00:00:00+05:30,258.70001220703125,263.8999938964844,258.1499938964844,261.95001220703125,79584,0.0,0.0,UDS.NS,Updater Services Limited,Industrials,Specialty Business Services,19968391168,16.586676,,,438.6,255.6
2023-11-06 00:00:00+05:30,261.95001220703125,267.3999938964844,260.70001220703125,266.70001220703125,89830,0.0,0.0,UDS.NS,Updater Services Limited,Industrials,Specialty Business Services,19968391168,16.586676,,,438.6,255.6
2023-11-07 00:00:00+05:30,265.70001220703125,265.8500061035156,260.0,262.54998779296875,41779,0.0,0.0,UDS.NS,Updater Services Limited,Industrials,Specialty Business Services,19968391168,16.586676,,,438.6,255.6
2023-11-08 00:00:00+05:30,261.5,275.25,258.70001220703125,267.45001220703125,211605,0.0,0.0,UDS.NS,Updater Services Limited,Industrials,Specialty Business Services,19968391168,16.586676,,,438.6,255.6
2023-11-09 00:00:00+05:30,267.45001220703125,271.8999938964844,265.04998779296875,266.8999938964844,61665,0.0,0.0,UDS.NS,Updater Services Limited,Industrials,Specialty Business Services,19968391168,16.586676,,,438.6,255.6
2023-11-10 00:00:00+05:30,267.0,275.0,262.5,272.3999938964844,180801,0.0,0.0,UDS.NS,Updater Services Limited,Industrials,Specialty Business Services,19968391168,16.586676,,,438.6,255.6
2023-11-13 00:00:00+05:30,278.6499938964844,283.04998779296875,273.1499938964844,280.6000061035156,304108,0.0,0.0,UDS.NS,Updater Services Limited,Industrials,Specialty Business Services,19968391168,16.586676,,,438.6,255.6
2023-11-15 00:00:00+05:30,282.0,284.04998779296875,275.0,280.95001220703125,196120,0.0,0.0,UDS.NS,Updater Services Limited,Industrials,Specialty Business Services,19968391168,16.586676,,,438.6,255.6
2023-11-16 00:00:00+05:30,280.95001220703125,282.0,272.0,281.3500061035156,131960,0.0,0.0,UDS.NS,Updater Services Limited,Industrials,Specialty Business Services,19968391168,16.586676,,,438.6,255.6
2023-11-17 00:00:00+05:30,279.95001220703125,283.6499938964844,277.0,282.1499938964844,153003,0.0,0.0,UDS.NS,Updater Services Limited,Industrials,Specialty Business Services,19968391168,16.586676,,,438.6,255.6
2023-11-20 00:00:00+05:30,284.79998779296875,284.79998779296875,273.0,277.3500061035156,274502,0.0,0.0,UDS.NS,Updater Services Limited,Industrials,Specialty Business Services,19968391168,16.586676,,,438.6,255.6
2023-11-21 00:00:00+05:30,279.95001220703125,279.95001220703125,270.54998779296875,272.6000061035156,114707,0.0,0.0,UDS.NS,Updater Services Limited,Industrials,Specialty Business Services,19968391168,16.586676,,,438.6,255.6
2023-11-22 00:00:00+05:30,274.0,274.0,262.6000061035156,268.95001220703125,128744,0.0,0.0,UDS.NS,Updater Services Limited,Industrials,Specialty Business Services,19968391168,16.586676,,,438.6,255.6
2023-11-23 00:00:00+05:30,272.75,272.75,265.6499938964844,269.1000061035156,301346,0.0,0.0,UDS.NS,Updater Services Limited,Industrials,Specialty Business Services,19968391168,16.586676,,,438.6,255.6
2023-11-24 00:00:00+05:30,269.1000061035156,271.1499938964844,267.0,268.04998779296875,197418,0.0,0.0,UDS.NS,Updater Services Limited,Industrials,Specialty Business Services,19968391168,16.586676,,,438.6,255.6
2023-11-28 00:00:00+05:30,269.0,269.5,265.3999938964844,267.25,265731,0.0,0.0,UDS.NS,Updater Services Limited,Industrials,Specialty Business Services,19968391168,16.586676,,,438.6,255.6
2023-11-29 00:00:00+05:30,267.29998779296875,269.04998779296875,263.20001220703125,265.3500061035156,337994,0.0,0.0,UDS.NS,Updater Services Limited,Industrials,Specialty Business Services,19968391168,16.586676,,,438.6,255.6
2023-11-30 00:00:00+05:30,269.95001220703125,270.25,259.5,261.95001220703125,246805,0.0,0.0,UDS.NS,Updater Services Limited,Industrials,Specialty Business Services,19968391168,16.586676,,,438.6,255.6
2023-12-01 00:00:00+05:30,263.0,268.29998779296875,261.79998779296875,266.8500061035156,179229,0.0,0.0,UDS.NS,Updater Services Limited,Industrials,Specialty Business Services,19968391168,16.586676,,,438.6,255.6
2023-12-04 00:00:00+05:30,269.45001220703125,274.0,267.1000061035156,273.0,147752,0.0,0.0,UDS.NS,Updater Services Limited,Industrials,Specialty Business Services,19968391168,16.586676,,,438.6,255.6
2023-12-05 00:00:00+05:30,272.0,274.5,268.45001220703125,272.54998779296875,57550,0.0,0.0,UDS.NS,Updater Services Limited,Industrials,Specialty Business Services,19968391168,16.586676,,,438.6,255.6
2023-12-06 00:00:00+05:30,274.45001220703125,274.45001220703125,267.70001220703125,269.6000061035156,45016,0.0,0.0,UDS.NS,Updater Services Limited,Industrials,Specialty Business Services,19968391168,16.586676,,,438.6,255.6
2023-12-07 00:00:00+05:30,266.1000061035156,269.0,265.0,266.8500061035156,86190,0.0,0.0,UDS.NS,Updater Services Limited,Industrials,Specialty Business Services,19968391168,16.586676,,,438.6,255.6
2023-12-08 00:00:00+05:30,267.25,269.3999938964844,264.04998779296875,266.8500061035156,177426,0.0,0.0,UDS.NS,Updater Services Limited,Industrials,Specialty Business Services,19968391168,16.586676,,,438.6,255.6
2023-12-11 00:00:00+05:30,265.1499938964844,271.45001220703125,264.0,269.8500061035156,197221,0.0,0.0,UDS.NS,Updater Services Limited,Industrials,Specialty Business Services,19968391168,16.586676,,,438.6,255.6
2023-12-12 00:00:00+05:30,271.0,272.5,266.54998779296875,270.29998779296875,123800,0.0,0.0,UDS.NS,Updater Services Limited,Industrials,Specialty Business Services,19968391168,16.586676,,,438.6,255.6
2023-12-13 00:00:00+05:30,276.0,314.45001220703125,276.0,301.3999938964844,3946936,0.0,0.0,UDS.NS,Updater Services Limited,Industrials,Specialty Business Services,19968391168,16.586676,,,438.6,255.6
2023-12-14 00:00:00+05:30,303.95001220703125,308.79998779296875,295.0,302.04998779296875,1187387,0.0,0.0,UDS.NS,Updater Services Limited,Industrials,Specialty Business Services,19968391168,16.586676,,,438.6,255.6
2023-12-15 00:00:00+05:30,303.6499938964844,306.29998779296875,298.45001220703125,303.8500061035156,1096162,0.0,0.0,UDS.NS,Updater Services Limited,Industrials,Specialty Business Services,19968391168,16.586676,,,438.6,255.6
2023-12-18 00:00:00+05:30,305.0,322.8500061035156,301.0,310.95001220703125,1007031,0.0,0.0,UDS.NS,Updater Services Limited,Industrials,Specialty Business Services,19968391168,16.586676,,,438.6,255.6
2023-12-19 00:00:00+05:30,313.0,317.0,301.0,306.1499938964844,729192,0.0,0.0,UDS.NS,Updater Services Limited,Industrials,Specialty Business Services,19968391168,16.586676,,,438.6,255.6
2023-12-20 00:00:00+05:30,306.5,326.8999938964844,302.0,313.25,1729561,0.0,0.0,UDS.NS,Updater Services Limited,Industrials,Specialty Business Services,19968391168,16.586676,,,438.6,255.6
2023-12-21 00:00:00+05:30,307.0,320.45001220703125,306.0,310.45001220703125,765999,0.0,0.0,UDS.NS,Updater Services Limited,Industrials,Specialty Business Services,19968391168,16.586676,,,438.6,255.6
2023-12-22 00:00:00+05:30,311.0,362.25,309.3999938964844,354.6499938964844,1990015,0.0,0.0,UDS.NS,Updater Services Limited,Industrials,Specialty Business Services,19968391168,16.586676,,,438.6,255.6
2023-12-26 00:00:00+05:30,353.04998779296875,354.5,337.8999938964844,350.6499938964844,475866,0.0,0.0,UDS.NS,Updater Services Limited,Industrials,Specialty Business Services,19968391168,16.586676,,,438.6,255.6
2023-12-27 00:00:00+05:30,350.0,356.6499938964844,340.5,349.79998779296875,562328,0.0,0.0,UDS.NS,Updater Services Limited,Industrials,Specialty Business Services,19968391168,16.586676,,,438.6,255.6
2023-12-28 00:00:00+05:30,350.1000061035156,373.0,346.0,348.79998779296875,677948,0.0,0.0,UDS.NS,Updater Services Limited,Industrials,Specialty Business Services,19968391168,16.586676,,,438.6,255.6
2023-12-29 00:00:00+05:30,347.04998779296875,347.1000061035156,330.1000061035156,336.95001220703125,613950,0.0,0.0,UDS.NS,Updater Services Limited,Industrials,Specialty Business Services,19968391168,16.586676,,,438.6,255.6
2024-01-01 00:00:00+05:30,338.8500061035156,341.3999938964844,321.1000061035156,326.0,308195,0.0,0.0,UDS.NS,Updater Services Limited,Industrials,Specialty Business Services,19968391168,16.586676,,,438.6,255.6
2024-01-02 00:00:00+05:30,327.0,329.45001220703125,315.04998779296875,318.0,318811,0.0,0.0,UDS.NS,Updater Services Limited,Industrials,Specialty Business Services,19968391168,16.586676,,,438.6,255.6
2024-01-03 00:00:00+05:30,318.95001220703125,319.95001220703125,309.0,311.3500061035156,464471,0.0,0.0,UDS.NS,Updater Services Limited,Industrials,Specialty Business Services,19968391168,16.586676,,,438.6,255.6
2024-01-04 00:00:00+05:30,313.79998779296875,314.0,302.5,307.8999938964844,712717,0.0,0.0,UDS.NS,Updater Services Limited,Industrials,Specialty Business Services,19968391168,16.586676,,,438.6,255.6
2024-01-05 00:00:00+05:30,311.1000061035156,321.6499938964844,306.3999938964844,317.8999938964844,1273548,0.0,0.0,UDS.NS,Updater Services Limited,Industrials,Specialty Business Services,19968391168,16.586676,,,438.6,255.6
2024-01-08 00:00:00+05:30,320.8999938964844,326.6499938964844,310.0,315.25,400579,0.0,0.0,UDS.NS,Updater Services Limited,Industrials,Specialty Business Services,19968391168,16.586676,,,438.6,255.6
2024-01-09 00:00:00+05:30,320.79998779296875,324.8999938964844,312.3500061035156,313.29998779296875,290695,0.0,0.0,UDS.NS,Updater Services Limited,Industrials,Specialty Business Services,19968391168,16.586676,,,438.6,255.6
2024-01-10 00:00:00+05:30,318.25,326.95001220703125,310.1499938964844,323.1000061035156,413810,0.0,0.0,UDS.NS,Updater Services Limited,Industrials,Specialty Business Services,19968391168,16.586676,,,438.6,255.6
2024-01-11 00:00:00+05:30,326.04998779296875,337.0,319.6000061035156,330.8500061035156,526434,0.0,0.0,UDS.NS,Updater Services Limited,Industrials,Specialty Business Services,19968391168,16.586676,,,438.6,255.6
2024-01-12 00:00:00+05:30,333.0,333.70001220703125,324.8999938964844,327.79998779296875,209795,0.0,0.0,UDS.NS,Updater Services Limited,Industrials,Specialty Business Services,19968391168,16.586676,,,438.6,255.6
2024-01-15 00:00:00+05:30,327.79998779296875,327.79998779296875,327.79998779296875,327.79998779296875,0,0.0,0.0,UDS.NS,Updater Services Limited,Industrials,Specialty Business Services,19968391168,16.586676,,,438.6,255.6
2024-01-16 00:00:00+05:30,344.0,349.3999938964844,336.04998779296875,343.20001220703125,405803,0.0,0.0,UDS.NS,Updater Services Limited,Industrials,Specialty Business Services,19968391168,16.586676,,,438.6,255.6
2024-01-17 00:00:00+05:30,342.0,345.0,333.75,334.3500061035156,162273,0.0,0.0,UDS.NS,Updater Services Limited,Industrials,Specialty Business Services,19968391168,16.586676,,,438.6,255.6
2024-01-18 00:00:00+05:30,333.8500061035156,339.25,314.8500061035156,336.95001220703125,286589,0.0,0.0,UDS.NS,Updater Services Limited,Industrials,Specialty Business Services,19968391168,16.586676,,,438.6,255.6
2024-01-19 00:00:00+05:30,345.0,349.79998779296875,337.6499938964844,348.8500061035156,360494,0.0,0.0,UDS.NS,Updater Services Limited,Industrials,Specialty Business Services,19968391168,16.586676,,,438.6,255.6
2024-01-23 00:00:00+05:30,354.0,354.0,327.0,330.5,243129,0.0,0.0,UDS.NS,Updater Services Limited,Industrials,Specialty Business Services,19968391168,16.586676,,,438.6,255.6
2024-01-24 00:00:00+05:30,335.0,339.6499938964844,327.3999938964844,336.1000061035156,198570,0.0,0.0,UDS.NS,Updater Services Limited,Industrials,Specialty Business Services,19968391168,16.586676,,,438.6,255.6
2024-01-25 00:00:00+05:30,341.5,347.04998779296875,336.6000061035156,344.8999938964844,149497,0.0,0.0,UDS.NS,Updater Services Limited,Industrials,Specialty Business Services,19968391168,16.586676,,,438.6,255.6
2024-01-29 00:00:00+05:30,350.0,350.8999938964844,340.79998779296875,347.20001220703125,296618,0.0,0.0,UDS.NS,Updater Services Limited,Industrials,Specialty Business Services,19968391168,16.586676,,,438.6,255.6
2024-01-30 00:00:00+05:30,349.79998779296875,350.29998779296875,341.1000061035156,346.6499938964844,194315,0.0,0.0,UDS.NS,Updater Services Limited,Industrials,Specialty Business Services,19968391168,16.586676,,,438.6,255.6
2024-01-31 00:00:00+05:30,349.95001220703125,384.1000061035156,341.04998779296875,358.79998779296875,1213268,0.0,0.0,UDS.NS,Updater Services Limited,Industrials,Specialty Business Services,19968391168,16.586676,,,438.6,255.6
2024-02-01 00:00:00+05:30,362.0,362.0,341.79998779296875,355.75,402295,0.0,0.0,UDS.NS,Updater Services Limited,Industrials,Specialty Business Services,19968391168,16.586676,,,438.6,255.6
2024-02-02 00:00:00+05:30,356.0,361.0,345.1000061035156,347.6000061035156,322588,0.0,0.0,UDS.NS,Updater Services Limited,Industrials,Specialty Business Services,19968391168,16.586676,,,438.6,255.6
2024-02-05 00:00:00+05:30,348.04998779296875,359.95001220703125,342.5,347.54998779296875,546088,0.0,0.0,UDS.NS,Updater Services Limited,Industrials,Specialty Business Services,19968391168,16.586676,,,438.6,255.6
2024-02-06 00:00:00+05:30,350.45001220703125,373.6000061035156,342.5,348.29998779296875,1055737,0.0,0.0,UDS.NS,Updater Services Limited,Industrials,Specialty Business Services,19968391168,16.586676,,,438.6,255.6
2024-02-07 00:00:00+05:30,352.79998779296875,358.0,346.6499938964844,354.8999938964844,218794,0.0,0.0,UDS.NS,Updater Services Limited,Industrials,Specialty Business Services,19968391168,16.586676,,,438.6,255.6
2024-02-08 00:00:00+05:30,353.20001220703125,366.1499938964844,348.1000061035156,354.8500061035156,559328,0.0,0.0,UDS.NS,Updater Services Limited,Industrials,Specialty Business Services,19968391168,16.586676,,,438.6,255.6
2024-02-09 00:00:00+05:30,360.0,370.0,344.54998779296875,358.29998779296875,780278,0.0,0.0,UDS.NS,Updater Services Limited,Industrials,Specialty Business Services,19968391168,16.586676,,,438.6,255.6
2024-02-12 00:00:00+05:30,372.04998779296875,372.3999938964844,339.0,346.54998779296875,609527,0.0,0.0,UDS.NS,Updater Services Limited,Industrials,Specialty Business Services,19968391168,16.586676,,,438.6,255.6
2024-02-13 00:00:00+05:30,346.8999938964844,355.0,323.20001220703125,351.45001220703125,326107,0.0,0.0,UDS.NS,Updater Services Limited,Industrials,Specialty Business Services,19968391168,16.586676,,,438.6,255.6
2024-02-14 00:00:00+05:30,348.0,354.0,338.0,347.1000061035156,295966,0.0,0.0,UDS.NS,Updater Services Limited,Industrials,Specialty Business Services,19968391168,16.586676,,,438.6,255.6
2024-02-15 00:00:00+05:30,351.3999938964844,352.20001220703125,336.20001220703125,338.29998779296875,204628,0.0,0.0,UDS.NS,Updater Services Limited,Industrials,Specialty Business Services,19968391168,16.586676,,,438.6,255.6
2024-02-16 00:00:00+05:30,343.3500061035156,343.3500061035156,333.54998779296875,335.3999938964844,203199,0.0,0.0,UDS.NS,Updater Services Limited,Industrials,Specialty Business Services,19968391168,16.586676,,,438.6,255.6
2024-02-19 00:00:00+05:30,338.0,348.6000061035156,335.25,345.45001220703125,403273,0.0,0.0,UDS.NS,Updater Services Limited,Industrials,Specialty Business Services,19968391168,16.586676,,,438.6,255.6
2024-02-20 00:00:00+05:30,346.8999938964844,360.0,340.0,348.6000061035156,421584,0.0,0.0,UDS.NS,Updater Services Limited,Industrials,Specialty Business Services,19968391168,16.586676,,,438.6,255.6
2024-02-21 00:00:00+05:30,354.29998779296875,354.70001220703125,336.0,337.3500061035156,614799,0.0,0.0,UDS.NS,Updater Services Limited,Industrials,Specialty Business Services,19968391168,16.586676,,,438.6,255.6
2024-02-22 00:00:00+05:30,341.6000061035156,345.3500061035156,331.1000061035156,340.3500061035156,235296,0.0,0.0,UDS.NS,Updater Services Limited,Industrials,Specialty Business Services,19968391168,16.586676,,,438.6,255.6
2024-02-23 00:00:00+05:30,344.95001220703125,372.45001220703125,340.04998779296875,368.29998779296875,1271389,0.0,0.0,UDS.NS,Updater Services Limited,Industrials,Specialty Business Services,19968391168,16.586676,,,438.6,255.6
2024-02-26 00:00:00+05:30,366.04998779296875,384.8999938964844,363.45001220703125,368.29998779296875,600231,0.0,0.0,UDS.NS,Updater Services Limited,Industrials,Specialty Business Services,19968391168,16.586676,,,438.6,255.6
2024-02-27 00:00:00+05:30,371.79998779296875,371.79998779296875,350.1000061035156,352.95001220703125,417148,0.0,0.0,UDS.NS,Updater Services Limited,Industrials,Specialty Business Services,19968391168,16.586676,,,438.6,255.6
2024-02-28 00:00:00+05:30,356.5,360.29998779296875,345.95001220703125,347.95001220703125,273161,0.0,0.0,UDS.NS,Updater Services Limited,Industrials,Specialty Business Services,19968391168,16.586676,,,438.6,255.6
2024-02-29 00:00:00+05:30,345.0,365.0,341.54998779296875,361.79998779296875,523290,0.0,0.0,UDS.NS,Updater Services Limited,Industrials,Specialty Business Services,19968391168,16.586676,,,438.6,255.6
2024-03-01 00:00:00+05:30,363.45001220703125,365.54998779296875,356.8999938964844,362.5,245181,0.0,0.0,UDS.NS,Updater Services Limited,Industrials,Specialty Business Services,19968391168,16.586676,,,438.6,255.6
2024-03-04 00:00:00+05:30,360.79998779296875,363.29998779296875,350.95001220703125,353.29998779296875,101733,0.0,0.0,UDS.NS,Updater Services Limited,Industrials,Specialty Business Services,19968391168,16.586676,,,438.6,255.6
2024-03-05 00:00:00+05:30,355.79998779296875,355.79998779296875,338.8500061035156,341.70001220703125,175427,0.0,0.0,UDS.NS,Updater Services Limited,Industrials,Specialty Business Services,19968391168,16.586676,,,438.6,255.6
2024-03-06 00:00:00+05:30,352.0,365.20001220703125,340.0,343.79998779296875,978643,0.0,0.0,UDS.NS,Updater Services Limited,Industrials,Specialty Business Services,19968391168,16.586676,,,438.6,255.6
2024-03-07 00:00:00+05:30,350.70001220703125,351.79998779296875,344.04998779296875,346.25,156382,0.0,0.0,UDS.NS,Updater Services Limited,Industrials,Specialty Business Services,19968391168,16.586676,,,438.6,255.6
2024-03-11 00:00:00+05:30,354.1000061035156,354.45001220703125,336.0,338.75,238836,0.0,0.0,UDS.NS,Updater Services Limited,Industrials,Specialty Business Services,19968391168,16.586676,,,438.6,255.6
2024-03-12 00:00:00+05:30,338.0,342.5,312.3500061035156,322.20001220703125,433175,0.0,0.0,UDS.NS,Updater Services Limited,Industrials,Specialty Business Services,19968391168,16.586676,,,438.6,255.6
2024-03-13 00:00:00+05:30,322.20001220703125,331.04998779296875,301.95001220703125,310.6499938964844,327276,0.0,0.0,UDS.NS,Updater Services Limited,Industrials,Specialty Business Services,19968391168,16.586676,,,438.6,255.6
2024-03-14 00:00:00+05:30,302.0,327.3500061035156,300.6499938964844,312.75,375456,0.0,0.0,UDS.NS,Updater Services Limited,Industrials,Specialty Business Services,19968391168,16.586676,,,438.6,255.6
2024-03-15 00:00:00+05:30,314.0,322.6000061035156,309.0,315.70001220703125,124651,0.0,0.0,UDS.NS,Updater Services Limited,Industrials,Specialty Business Services,19968391168,16.586676,,,438.6,255.6
2024-03-18 00:00:00+05:30,320.45001220703125,325.0,313.79998779296875,319.95001220703125,146261,0.0,0.0,UDS.NS,Updater Services Limited,Industrials,Specialty Business Services,19968391168,16.586676,,,438.6,255.6
2024-03-19 00:00:00+05:30,323.1499938964844,326.70001220703125,313.04998779296875,314.3999938964844,87691,0.0,0.0,UDS.NS,Updater Services Limited,Industrials,Specialty Business Services,19968391168,16.586676,,,438.6,255.6
2024-03-20 00:00:00+05:30,314.3999938964844,318.79998779296875,307.1000061035156,316.5,139882,0.0,0.0,UDS.NS,Updater Services Limited,Industrials,Specialty Business Services,19968391168,16.586676,,,438.6,255.6
2024-03-21 00:00:00+05:30,321.25,323.95001220703125,314.0,317.5,245753,0.0,0.0,UDS.NS,Updater Services Limited,Industrials,Specialty Business Services,19968391168,16.586676,,,438.6,255.6
2024-03-22 00:00:00+05:30,315.04998779296875,329.0,315.04998779296875,323.70001220703125,151865,0.0,0.0,UDS.NS,Updater Services Limited,Industrials,Specialty Business Services,19968391168,16.586676,,,438.6,255.6
2024-03-26 00:00:00+05:30,326.0,330.70001220703125,315.0,317.1499938964844,262082,0.0,0.0,UDS.NS,Updater Services Limited,Industrials,Specialty Business Services,19968391168,16.586676,,,438.6,255.6
2024-03-27 00:00:00+05:30,319.3999938964844,340.75,314.79998779296875,332.0,474963,0.0,0.0,UDS.NS,Updater Services Limited,Industrials,Specialty Business Services,19968391168,16.586676,,,438.6,255.6
2024-03-28 00:00:00+05:30,336.0,336.0,319.25,320.3500061035156,177988,0.0,0.0,UDS.NS,Updater Services Limited,Industrials,Specialty Business Services,19968391168,16.586676,,,438.6,255.6
2024-04-01 00:00:00+05:30,325.1499938964844,336.1499938964844,323.3999938964844,331.1499938964844,127563,0.0,0.0,UDS.NS,Updater Services Limited,Industrials,Specialty Business Services,19968391168,16.586676,,,438.6,255.6
2024-04-02 00:00:00+05:30,331.1499938964844,334.75,328.04998779296875,332.8999938964844,104898,0.0,0.0,UDS.NS,Updater Services Limited,Industrials,Specialty Business Services,19968391168,16.586676,,,438.6,255.6
2024-04-03 00:00:00+05:30,332.0,338.0,325.0,327.3500061035156,266749,0.0,0.0,UDS.NS,Updater Services Limited,Industrials,Specialty Business Services,19968391168,16.586676,,,438.6,255.6
2024-04-04 00:00:00+05:30,332.25,332.95001220703125,323.8500061035156,326.1499938964844,169821,0.0,0.0,UDS.NS,Updater Services Limited,Industrials,Specialty Business Services,19968391168,16.586676,,,438.6,255.6
2024-04-05 00:00:00+05:30,328.95001220703125,335.1499938964844,324.0,326.3500061035156,333282,0.0,0.0,UDS.NS,Updater Services Limited,Industrials,Specialty Business Services,19968391168,16.586676,,,438.6,255.6
2024-04-08 00:00:00+05:30,325.0,328.79998779296875,316.04998779296875,320.0,255866,0.0,0.0,UDS.NS,Updater Services Limited,Industrials,Specialty Business Services,19968391168,16.586676,,,438.6,255.6
2024-04-09 00:00:00+05:30,321.0,322.6000061035156,314.95001220703125,316.95001220703125,114318,0.0,0.0,UDS.NS,Updater Services Limited,Industrials,Specialty Business Services,19968391168,16.586676,,,438.6,255.6
2024-04-10 00:00:00+05:30,317.5,320.25,313.5,314.5,73078,0.0,0.0,UDS.NS,Updater Services Limited,Industrials,Specialty Business Services,19968391168,16.586676,,,438.6,255.6
2024-04-12 00:00:00+05:30,317.6000061035156,317.6000061035156,304.95001220703125,310.75,229352,0.0,0.0,UDS.NS,Updater Services Limited,Industrials,Specialty Business Services,19968391168,16.586676,,,438.6,255.6
2024-04-15 00:00:00+05:30,300.70001220703125,309.8999938964844,297.45001220703125,307.75,152862,0.0,0.0,UDS.NS,Updater Services Limited,Industrials,Specialty Business Services,19968391168,16.586676,,,438.6,255.6
2024-04-16 00:00:00+05:30,303.1499938964844,309.1499938964844,303.04998779296875,305.45001220703125,97438,0.0,0.0,UDS.NS,Updater Services Limited,Industrials,Specialty Business Services,19968391168,16.586676,,,438.6,255.6
2024-04-18 00:00:00+05:30,307.0,316.54998779296875,305.29998779296875,307.6499938964844,96800,0.0,0.0,UDS.NS,Updater Services Limited,Industrials,Specialty Business Services,19968391168,16.586676,,,438.6,255.6
2024-04-19 00:00:00+05:30,304.04998779296875,309.8999938964844,300.04998779296875,307.1499938964844,131214,0.0,0.0,UDS.NS,Updater Services Limited,Industrials,Specialty Business Services,19968391168,16.586676,,,438.6,255.6
2024-04-22 00:00:00+05:30,311.75,315.0,306.0,308.20001220703125,167591,0.0,0.0,UDS.NS,Updater Services Limited,Industrials,Specialty Business Services,19968391168,16.586676,,,438.6,255.6
2024-04-23 00:00:00+05:30,312.79998779296875,313.79998779296875,304.95001220703125,308.95001220703125,123617,0.0,0.0,UDS.NS,Updater Services Limited,Industrials,Specialty Business Services,19968391168,16.586676,,,438.6,255.6
2024-04-24 00:00:00+05:30,311.0,316.0,307.0,310.25,478813,0.0,0.0,UDS.NS,Updater Services Limited,Industrials,Specialty Business Services,19968391168,16.586676,,,438.6,255.6
2024-04-25 00:00:00+05:30,312.0,314.8500061035156,308.0,309.5,251773,0.0,0.0,UDS.NS,Updater Services Limited,Industrials,Specialty Business Services,19968391168,16.586676,,,438.6,255.6
2024-04-26 00:00:00+05:30,314.0,314.70001220703125,305.0,305.79998779296875,164518,0.0,0.0,UDS.NS,Updater Services Limited,Industrials,Specialty Business Services,19968391168,16.586676,,,438.6,255.6
2024-04-29 00:00:00+05:30,314.75,314.79998779296875,305.6000061035156,307.1499938964844,130829,0.0,0.0,UDS.NS,Updater Services Limited,Industrials,Specialty Business Services,19968391168,16.586676,,,438.6,255.6
2024-04-30 00:00:00+05:30,311.0,311.0,305.79998779296875,307.54998779296875,105165,0.0,0.0,UDS.NS,Updater Services Limited,Industrials,Specialty Business Services,19968391168,16.586676,,,438.6,255.6
2024-05-02 00:00:00+05:30,307.3999938964844,307.3999938964844,299.95001220703125,304.95001220703125,244600,0.0,0.0,UDS.NS,Updater Services Limited,Industrials,Specialty Business Services,19968391168,16.586676,,,438.6,255.6
2024-05-03 00:00:00+05:30,306.3999938964844,313.5,306.0,308.95001220703125,172300,0.0,0.0,UDS.NS,Updater Services Limited,Industrials,Specialty Business Services,19968391168,16.586676,,,438.6,255.6
2024-05-06 00:00:00+05:30,309.0,312.70001220703125,303.25,309.45001220703125,120907,0.0,0.0,UDS.NS,Updater Services Limited,Industrials,Specialty Business Services,19968391168,16.586676,,,438.6,255.6
2024-05-07 00:00:00+05:30,308.95001220703125,313.1499938964844,299.0,300.6000061035156,177955,0.0,0.0,UDS.NS,Updater Services Limited,Industrials,Specialty Business Services,19968391168,16.586676,,,438.6,255.6
2024-05-08 00:00:00+05:30,304.79998779296875,306.0,296.5,303.0,50637,0.0,0.0,UDS.NS,Updater Services Limited,Industrials,Specialty Business Services,19968391168,16.586676,,,438.6,255.6
2024-05-09 00:00:00+05:30,307.0,307.0,296.0,298.29998779296875,76192,0.0,0.0,UDS.NS,Updater Services Limited,Industrials,Specialty Business Services,19968391168,16.586676,,,438.6,255.6
2024-05-10 00:00:00+05:30,304.0,309.0,299.1000061035156,306.25,61943,0.0,0.0,UDS.NS,Updater Services Limited,Industrials,Specialty Business Services,19968391168,16.586676,,,438.6,255.6
2024-05-13 00:00:00+05:30,307.95001220703125,308.25,298.04998779296875,302.5,59186,0.0,0.0,UDS.NS,Updater Services Limited,Industrials,Specialty Business Services,19968391168,16.586676,,,438.6,255.6
2024-05-14 00:00:00+05:30,306.8500061035156,318.1000061035156,304.0,316.1499938964844,136606,0.0,0.0,UDS.NS,Updater Services Limited,Industrials,Specialty Business Services,19968391168,16.586676,,,438.6,255.6
2024-05-15 00:00:00+05:30,316.1499938964844,319.79998779296875,313.3999938964844,317.3999938964844,122254,0.0,0.0,UDS.NS,Updater Services Limited,Industrials,Specialty Business Services,19968391168,16.586676,,,438.6,255.6
2024-05-16 00:00:00+05:30,320.0,328.6499938964844,313.29998779296875,323.54998779296875,129598,0.0,0.0,UDS.NS,Updater Services Limited,Industrials,Specialty Business Services,19968391168,16.586676,,,438.6,255.6
2024-05-17 00:00:00+05:30,328.0,330.04998779296875,323.04998779296875,327.20001220703125,154616,0.0,0.0,UDS.NS,Updater Services Limited,Industrials,Specialty Business Services,19968391168,16.586676,,,438.6,255.6
2024-05-21 00:00:00+05:30,335.0,335.0,303.29998779296875,306.1499938964844,400027,0.0,0.0,UDS.NS,Updater Services Limited,Industrials,Specialty Business Services,19968391168,16.586676,,,438.6,255.6
2024-05-22 00:00:00+05:30,308.0,312.8999938964844,298.8999938964844,302.1499938964844,300350,0.0,0.0,UDS.NS,Updater Services Limited,Industrials,Specialty Business Services,19968391168,16.586676,,,438.6,255.6
2024-05-23 00:00:00+05:30,304.95001220703125,304.95001220703125,297.04998779296875,298.6499938964844,108419,0.0,0.0,UDS.NS,Updater Services Limited,Industrials,Specialty Business Services,19968391168,16.586676,,,438.6,255.6
2024-05-24 00:00:00+05:30,300.0,300.04998779296875,296.3999938964844,297.6499938964844,238135,0.0,0.0,UDS.NS,Updater Services Limited,Industrials,Specialty Business Services,19968391168,16.586676,,,438.6,255.6
2024-05-27 00:00:00+05:30,302.1000061035156,303.0,288.45001220703125,291.20001220703125,143436,0.0,0.0,UDS.NS,Updater Services Limited,Industrials,Specialty Business Services,19968391168,16.586676,,,438.6,255.6
2024-05-28 00:00:00+05:30,293.45001220703125,293.45001220703125,277.5,278.8500061035156,502337,0.0,0.0,UDS.NS,Updater Services Limited,Industrials,Specialty Business Services,19968391168,16.586676,,,438.6,255.6
2024-05-29 00:00:00+05:30,279.95001220703125,288.3500061035156,279.95001220703125,285.75,90163,0.0,0.0,UDS.NS,Updater Services Limited,Industrials,Specialty Business Services,19968391168,16.586676,,,438.6,255.6
2024-05-30 00:00:00+05:30,285.75,285.75,276.3999938964844,277.29998779296875,95543,0.0,0.0,UDS.NS,Updater Services Limited,Industrials,Specialty Business Services,19968391168,16.586676,,,438.6,255.6
2024-05-31 00:00:00+05:30,277.29998779296875,282.0,266.0,268.3999938964844,264358,0.0,0.0,UDS.NS,Updater Services Limited,Industrials,Specialty Business Services,19968391168,16.586676,,,438.6,255.6
2024-06-03 00:00:00+05:30,275.25,286.0,275.25,283.5,185250,0.0,0.0,UDS.NS,Updater Services Limited,Industrials,Specialty Business Services,19968391168,16.586676,,,438.6,255.6
2024-06-04 00:00:00+05:30,283.5,284.3999938964844,244.5,265.1499938964844,229977,0.0,0.0,UDS.NS,Updater Services Limited,Industrials,Specialty Business Services,19968391168,16.586676,,,438.6,255.6
2024-06-05 00:00:00+05:30,269.1499938964844,282.95001220703125,262.20001220703125,279.25,141039,0.0,0.0,UDS.NS,Updater Services Limited,Industrials,Specialty Business Services,19968391168,16.586676,,,438.6,255.6
2024-06-06 00:00:00+05:30,283.3999938964844,285.6499938964844,279.04998779296875,283.04998779296875,107239,0.0,0.0,UDS.NS,Updater Services Limited,Industrials,Specialty Business Services,19968391168,16.586676,,,438.6,255.6
2024-06-07 00:00:00+05:30,283.1499938964844,292.3999938964844,283.1499938964844,289.1000061035156,93995,0.0,0.0,UDS.NS,Updater Services Limited,Industrials,Specialty Business Services,19968391168,16.586676,,,438.6,255.6
2024-06-10 00:00:00+05:30,289.1000061035156,296.20001220703125,285.0,292.1499938964844,64683,0.0,0.0,UDS.NS,Updater Services Limited,Industrials,Specialty Business Services,19968391168,16.586676,,,438.6,255.6
2024-06-11 00:00:00+05:30,292.1000061035156,299.3999938964844,291.0,296.45001220703125,61894,0.0,0.0,UDS.NS,Updater Services Limited,Industrials,Specialty Business Services,19968391168,16.586676,,,438.6,255.6
2024-06-12 00:00:00+05:30,296.3999938964844,304.04998779296875,296.0,300.5,131703,0.0,0.0,UDS.NS,Updater Services Limited,Industrials,Specialty Business Services,19968391168,16.586676,,,438.6,255.6
2024-06-13 00:00:00+05:30,300.6000061035156,304.45001220703125,296.54998779296875,298.5,93793,0.0,0.0,UDS.NS,Updater Services Limited,Industrials,Specialty Business Services,19968391168,16.586676,,,438.6,255.6
2024-06-14 00:00:00+05:30,301.5,302.0,291.20001220703125,293.8500061035156,86957,0.0,0.0,UDS.NS,Updater Services Limited,Industrials,Specialty Business Services,19968391168,16.586676,,,438.6,255.6
2024-06-18 00:00:00+05:30,295.0,299.95001220703125,288.8500061035156,290.29998779296875,134063,0.0,0.0,UDS.NS,Updater Services Limited,Industrials,Specialty Business Services,19968391168,16.586676,,,438.6,255.6
2024-06-19 00:00:00+05:30,293.0,301.8999938964844,286.1000061035156,290.25,167767,0.0,0.0,UDS.NS,Updater Services Limited,Industrials,Specialty Business Services,19968391168,16.586676,,,438.6,255.6
2024-06-20 00:00:00+05:30,293.0,294.75,289.8500061035156,291.45001220703125,48763,0.0,0.0,UDS.NS,Updater Services Limited,Industrials,Specialty Business Services,19968391168,16.586676,,,438.6,255.6
2024-06-21 00:00:00+05:30,294.29998779296875,302.3999938964844,290.29998779296875,297.8500061035156,180148,0.0,0.0,UDS.NS,Updater Services Limited,Industrials,Specialty Business Services,19968391168,16.586676,,,438.6,255.6
2024-06-24 00:00:00+05:30,299.79998779296875,302.3999938964844,289.1000061035156,290.04998779296875,145898,0.0,0.0,UDS.NS,Updater Services Limited,Industrials,Specialty Business Services,19968391168,16.586676,,,438.6,255.6
2024-06-25 00:00:00+05:30,293.0,298.3500061035156,289.70001220703125,290.6000061035156,202231,0.0,0.0,UDS.NS,Updater Services Limited,Industrials,Specialty Business Services,19968391168,16.586676,,,438.6,255.6
2024-06-26 00:00:00+05:30,290.1499938964844,294.0,284.3500061035156,285.5,113023,0.0,0.0,UDS.NS,Updater Services Limited,Industrials,Specialty Business Services,19968391168,16.586676,,,438.6,255.6
2024-06-27 00:00:00+05:30,286.79998779296875,299.95001220703125,282.79998779296875,298.04998779296875,248092,0.0,0.0,UDS.NS,Updater Services Limited,Industrials,Specialty Business Services,19968391168,16.586676,,,438.6,255.6
2024-06-28 00:00:00+05:30,302.0,302.0,291.0,297.25,200794,0.0,0.0,UDS.NS,Updater Services Limited,Industrials,Specialty Business Services,19968391168,16.586676,,,438.6,255.6
2024-07-01 00:00:00+05:30,300.0,303.8500061035156,296.0,298.25,79090,0.0,0.0,UDS.NS,Updater Services Limited,Industrials,Specialty Business Services,19968391168,16.586676,,,438.6,255.6
2024-07-02 00:00:00+05:30,301.25,307.5,300.0,303.25,211258,0.0,0.0,UDS.NS,Updater Services Limited,Industrials,Specialty Business Services,19968391168,16.586676,,,438.6,255.6
2024-07-03 00:00:00+05:30,302.0,313.95001220703125,302.0,307.20001220703125,240835,0.0,0.0,UDS.NS,Updater Services Limited,Industrials,Specialty Business Services,19968391168,16.586676,,,438.6,255.6
2024-07-04 00:00:00+05:30,317.0,321.8999938964844,309.1000061035156,311.3999938964844,334490,0.0,0.0,UDS.NS,Updater Services Limited,Industrials,Specialty Business Services,19968391168,16.586676,,,438.6,255.6
2024-07-05 00:00:00+05:30,314.8999938964844,316.95001220703125,304.79998779296875,307.20001220703125,168424,0.0,0.0,UDS.NS,Updater Services Limited,Industrials,Specialty Business Services,19968391168,16.586676,,,438.6,255.6
2024-07-08 00:00:00+05:30,314.8999938964844,314.8999938964844,305.1000061035156,306.45001220703125,118497,0.0,0.0,UDS.NS,Updater Services Limited,Industrials,Specialty Business Services,19968391168,16.586676,,,438.6,255.6
2024-07-09 00:00:00+05:30,311.5,313.5,305.1000061035156,306.95001220703125,103185,0.0,0.0,UDS.NS,Updater Services Limited,Industrials,Specialty Business Services,19968391168,16.586676,,,438.6,255.6
2024-07-10 00:00:00+05:30,307.0,309.54998779296875,298.79998779296875,304.25,103473,0.0,0.0,UDS.NS,Updater Services Limited,Industrials,Specialty Business Services,19968391168,16.586676,,,438.6,255.6
2024-07-11 00:00:00+05:30,304.79998779296875,318.79998779296875,304.54998779296875,314.3500061035156,143415,0.0,0.0,UDS.NS,Updater Services Limited,Industrials,Specialty Business Services,19968391168,16.586676,,,438.6,255.6
2024-07-12 00:00:00+05:30,315.0,316.95001220703125,305.79998779296875,308.25,96249,0.0,0.0,UDS.NS,Updater Services Limited,Industrials,Specialty Business Services,19968391168,16.586676,,,438.6,255.6
2024-07-15 00:00:00+05:30,311.79998779296875,331.45001220703125,304.8500061035156,323.29998779296875,1005899,0.0,0.0,UDS.NS,Updater Services Limited,Industrials,Specialty Business Services,19968391168,16.586676,,,438.6,255.6
2024-07-16 00:00:00+05:30,328.0,332.29998779296875,322.79998779296875,324.25,330837,0.0,0.0,UDS.NS,Updater Services Limited,Industrials,Specialty Business Services,19968391168,16.586676,,,438.6,255.6
2024-07-18 00:00:00+05:30,325.5,325.5,311.6000061035156,314.1000061035156,193363,0.0,0.0,UDS.NS,Updater Services Limited,Industrials,Specialty Business Services,19968391168,16.586676,,,438.6,255.6
2024-07-19 00:00:00+05:30,315.04998779296875,316.04998779296875,307.1000061035156,309.3500061035156,152138,0.0,0.0,UDS.NS,Updater Services Limited,Industrials,Specialty Business Services,19968391168,16.586676,,,438.6,255.6
2024-07-22 00:00:00+05:30,309.3500061035156,317.0,304.1499938964844,311.95001220703125,125577,0.0,0.0,UDS.NS,Updater Services Limited,Industrials,Specialty Business Services,19968391168,16.586676,,,438.6,255.6
2024-07-23 00:00:00+05:30,315.0,321.0,304.04998779296875,318.6499938964844,307701,0.0,0.0,UDS.NS,Updater Services Limited,Industrials,Specialty Business Services,19968391168,16.586676,,,438.6,255.6
2024-07-24 00:00:00+05:30,321.0,321.0,312.1000061035156,313.8999938964844,105763,0.0,0.0,UDS.NS,Updater Services Limited,Industrials,Specialty Business Services,19968391168,16.586676,,,438.6,255.6
2024-07-25 00:00:00+05:30,310.0,320.45001220703125,309.45001220703125,315.6499938964844,94789,0.0,0.0,UDS.NS,Updater Services Limited,Industrials,Specialty Business Services,19968391168,16.586676,,,438.6,255.6
2024-07-26 00:00:00+05:30,321.0,321.0,316.29998779296875,319.6000061035156,122607,0.0,0.0,UDS.NS,Updater Services Limited,Industrials,Specialty Business Services,19968391168,16.586676,,,438.6,255.6
2024-07-29 00:00:00+05:30,321.5,329.0,317.0,318.79998779296875,553439,0.0,0.0,UDS.NS,Updater Services Limited,Industrials,Specialty Business Services,19968391168,16.586676,,,438.6,255.6
2024-07-30 00:00:00+05:30,320.0,322.1499938964844,314.95001220703125,317.54998779296875,235191,0.0,0.0,UDS.NS,Updater Services Limited,Industrials,Specialty Business Services,19968391168,16.586676,,,438.6,255.6
2024-07-31 00:00:00+05:30,320.0,320.45001220703125,315.0,315.8999938964844,103703,0.0,0.0,UDS.NS,Updater Services Limited,Industrials,Specialty Business Services,19968391168,16.586676,,,438.6,255.6
2024-08-01 00:00:00+05:30,315.04998779296875,320.95001220703125,314.29998779296875,318.70001220703125,164666,0.0,0.0,UDS.NS,Updater Services Limited,Industrials,Specialty Business Services,19968391168,16.586676,,,438.6,255.6
2024-08-02 00:00:00+05:30,313.3500061035156,320.0,313.0,316.3500061035156,65629,0.0,0.0,UDS.NS,Updater Services Limited,Industrials,Specialty Business Services,19968391168,16.586676,,,438.6,255.6
2024-08-05 00:00:00+05:30,310.0,314.75,300.0,309.70001220703125,166436,0.0,0.0,UDS.NS,Updater Services Limited,Industrials,Specialty Business Services,19968391168,16.586676,,,438.6,255.6
2024-08-06 00:00:00+05:30,328.0,328.0,309.3999938964844,313.29998779296875,588434,0.0,0.0,UDS.NS,Updater Services Limited,Industrials,Specialty Business Services,19968391168,16.586676,,,438.6,255.6
2024-08-07 00:00:00+05:30,313.95001220703125,324.45001220703125,306.04998779296875,320.8999938964844,380737,0.0,0.0,UDS.NS,Updater Services Limited,Industrials,Specialty Business Services,19968391168,16.586676,,,438.6,255.6
2024-08-08 00:00:00+05:30,322.0,339.70001220703125,317.1000061035156,319.3999938964844,1337409,0.0,0.0,UDS.NS,Updater Services Limited,Industrials,Specialty Business Services,19968391168,16.586676,,,438.6,255.6
2024-08-09 00:00:00+05:30,323.3500061035156,340.0,318.29998779296875,332.54998779296875,1827069,0.0,0.0,UDS.NS,Updater Services Limited,Industrials,Specialty Business Services,19968391168,16.586676,,,438.6,255.6
2024-08-12 00:00:00+05:30,334.8999938964844,334.8999938964844,319.95001220703125,325.95001220703125,1190922,0.0,0.0,UDS.NS,Updater Services Limited,Industrials,Specialty Business Services,19968391168,16.586676,,,438.6,255.6
2024-08-13 00:00:00+05:30,325.0,328.0,310.70001220703125,313.1499938964844,770608,0.0,0.0,UDS.NS,Updater Services Limited,Industrials,Specialty Business Services,19968391168,16.586676,,,438.6,255.6
2024-08-14 00:00:00+05:30,313.95001220703125,314.6000061035156,300.8500061035156,306.5,386856,0.0,0.0,UDS.NS,Updater Services Limited,Industrials,Specialty Business Services,19968391168,16.586676,,,438.6,255.6
2024-08-16 00:00:00+05:30,309.3999938964844,326.0,305.3999938964844,320.0,683790,0.0,0.0,UDS.NS,Updater Services Limited,Industrials,Specialty Business Services,19968391168,16.586676,,,438.6,255.6
2024-08-19 00:00:00+05:30,322.0,343.6000061035156,320.95001220703125,323.20001220703125,1614307,0.0,0.0,UDS.NS,Updater Services Limited,Industrials,Specialty Business Services,19968391168,16.586676,,,438.6,255.6
2024-08-20 00:00:00+05:30,327.0,327.6499938964844,318.5,324.6000061035156,389387,0.0,0.0,UDS.NS,Updater Services Limited,Industrials,Specialty Business Services,19968391168,16.586676,,,438.6,255.6
2024-08-21 00:00:00+05:30,327.20001220703125,362.0,318.75,348.79998779296875,3761468,0.0,0.0,UDS.NS,Updater Services Limited,Industrials,Specialty Business Services,19968391168,16.586676,,,438.6,255.6
2024-08-22 00:00:00+05:30,356.70001220703125,369.6499938964844,351.0,366.1000061035156,1750160,0.0,0.0,UDS.NS,Updater Services Limited,Industrials,Specialty Business Services,19968391168,16.586676,,,438.6,255.6
2024-08-23 00:00:00+05:30,369.70001220703125,371.95001220703125,356.5,362.6000061035156,880943,0.0,0.0,UDS.NS,Updater Services Limited,Industrials,Specialty Business Services,19968391168,16.586676,,,438.6,255.6
2024-08-26 00:00:00+05:30,364.0,366.8500061035156,349.75,352.95001220703125,559854,0.0,0.0,UDS.NS,Updater Services Limited,Industrials,Specialty Business Services,19968391168,16.586676,,,438.6,255.6
2024-08-27 00:00:00+05:30,353.95001220703125,357.29998779296875,349.0,351.95001220703125,226189,0.0,0.0,UDS.NS,Updater Services Limited,Industrials,Specialty Business Services,19968391168,16.586676,,,438.6,255.6
2024-08-28 00:00:00+05:30,354.5,356.8999938964844,346.75,349.29998779296875,268056,0.0,0.0,UDS.NS,Updater Services Limited,Industrials,Specialty Business Services,19968391168,16.586676,,,438.6,255.6
2024-08-29 00:00:00+05:30,348.0,351.79998779296875,339.0,343.5,283650,0.0,0.0,UDS.NS,Updater Services Limited,Industrials,Specialty Business Services,19968391168,16.586676,,,438.6,255.6
2024-08-30 00:00:00+05:30,344.95001220703125,357.3999938964844,341.1499938964844,354.1499938964844,430333,0.0,0.0,UDS.NS,Updater Services Limited,Industrials,Specialty Business Services,19968391168,16.586676,,,438.6,255.6
2024-09-02 00:00:00+05:30,356.5,381.0,351.0,369.25,2316699,0.0,0.0,UDS.NS,Updater Services Limited,Industrials,Specialty Business Services,19968391168,16.586676,,,438.6,255.6
2024-09-03 00:00:00+05:30,370.0,388.70001220703125,362.0,366.5,2185878,0.0,0.0,UDS.NS,Updater Services Limited,Industrials,Specialty Business Services,19968391168,16.586676,,,438.6,255.6
2024-09-04 00:00:00+05:30,364.0,374.3999938964844,360.1000061035156,366.45001220703125,942467,0.0,0.0,UDS.NS,Updater Services Limited,Industrials,Specialty Business Services,19968391168,16.586676,,,438.6,255.6
2024-09-05 00:00:00+05:30,367.79998779296875,389.45001220703125,365.04998779296875,380.8999938964844,1749484,0.0,0.0,UDS.NS,Updater Services Limited,Industrials,Specialty Business Services,19968391168,16.586676,,,438.6,255.6
2024-09-06 00:00:00+05:30,381.95001220703125,384.79998779296875,369.45001220703125,370.54998779296875,531908,0.0,0.0,UDS.NS,Updater Services Limited,Industrials,Specialty Business Services,19968391168,16.586676,,,438.6,255.6
2024-09-09 00:00:00+05:30,372.0,384.0,361.04998779296875,380.25,684146,0.0,0.0,UDS.NS,Updater Services Limited,Industrials,Specialty Business Services,19968391168,16.586676,,,438.6,255.6
2024-09-10 00:00:00+05:30,381.95001220703125,396.6000061035156,377.3999938964844,383.5,907390,0.0,0.0,UDS.NS,Updater Services Limited,Industrials,Specialty Business Services,19968391168,16.586676,,,438.6,255.6
2024-09-11 00:00:00+05:30,384.79998779296875,390.0,368.1499938964844,370.70001220703125,560018,0.0,0.0,UDS.NS,Updater Services Limited,Industrials,Specialty Business Services,19968391168,16.586676,,,438.6,255.6
2024-09-12 00:00:00+05:30,372.0,384.0,365.45001220703125,377.04998779296875,608946,0.0,0.0,UDS.NS,Updater Services Limited,Industrials,Specialty Business Services,19968391168,16.586676,,,438.6,255.6
2024-09-13 00:00:00+05:30,378.29998779296875,404.79998779296875,376.04998779296875,394.1000061035156,1296837,0.0,0.0,UDS.NS,Updater Services Limited,Industrials,Specialty Business Services,19968391168,16.586676,,,438.6,255.6
2024-09-16 00:00:00+05:30,399.0,403.70001220703125,388.1499938964844,397.8999938964844,423351,0.0,0.0,UDS.NS,Updater Services Limited,Industrials,Specialty Business Services,19968391168,16.586676,,,438.6,255.6
2024-09-17 00:00:00+05:30,399.95001220703125,400.3999938964844,384.79998779296875,391.04998779296875,496095,0.0,0.0,UDS.NS,Updater Services Limited,Industrials,Specialty Business Services,19968391168,16.586676,,,438.6,255.6
2024-09-18 00:00:00+05:30,391.0,392.8999938964844,371.3500061035156,375.0,412569,0.0,0.0,UDS.NS,Updater Services Limited,Industrials,Specialty Business Services,19968391168,16.586676,,,438.6,255.6
2024-09-19 00:00:00+05:30,378.0,388.95001220703125,360.20001220703125,369.3999938964844,570329,0.0,0.0,UDS.NS,Updater Services Limited,Industrials,Specialty Business Services,19968391168,16.586676,,,438.6,255.6
2024-09-20 00:00:00+05:30,372.3999938964844,388.20001220703125,372.3999938964844,383.6499938964844,507157,0.0,0.0,UDS.NS,Updater Services Limited,Industrials,Specialty Business Services,19968391168,16.586676,,,438.6,255.6
2024-09-23 00:00:00+05:30,383.70001220703125,384.25,373.1000061035156,375.54998779296875,163109,0.0,0.0,UDS.NS,Updater Services Limited,Industrials,Specialty Business Services,19968391168,16.586676,,,438.6,255.6
2024-09-24 00:00:00+05:30,375.54998779296875,383.8999938964844,373.29998779296875,377.04998779296875,229668,0.0,0.0,UDS.NS,Updater Services Limited,Industrials,Specialty Business Services,19968391168,16.586676,,,438.6,255.6
2024-09-25 00:00:00+05:30,376.25,378.20001220703125,364.95001220703125,375.8999938964844,382065,0.0,0.0,UDS.NS,Updater Services Limited,Industrials,Specialty Business Services,19968391168,16.586676,,,438.6,255.6
2024-09-26 00:00:00+05:30,378.0,382.25,371.6000061035156,375.8500061035156,494874,0.0,0.0,UDS.NS,Updater Services Limited,Industrials,Specialty Business Services,19968391168,16.586676,,,438.6,255.6
2024-09-27 00:00:00+05:30,376.8500061035156,376.8500061035156,366.1499938964844,371.70001220703125,188381,0.0,0.0,UDS.NS,Updater Services Limited,Industrials,Specialty Business Services,19968391168,16.586676,,,438.6,255.6
2024-09-30 00:00:00+05:30,373.45001220703125,375.0,363.0,371.6000061035156,223629,0.0,0.0,UDS.NS,Updater Services Limited,Industrials,Specialty Business Services,19968391168,16.586676,,,438.6,255.6
2024-10-01 00:00:00+05:30,372.0,384.0,370.04998779296875,381.6000061035156,297870,0.0,0.0,UDS.NS,Updater Services Limited,Industrials,Specialty Business Services,19968391168,16.586676,,,438.6,255.6
2024-10-03 00:00:00+05:30,380.0,380.0,364.0,366.95001220703125,221329,0.0,0.0,UDS.NS,Updater Services Limited,Industrials,Specialty Business Services,19968391168,16.586676,,,438.6,255.6
2024-10-04 00:00:00+05:30,367.0,387.95001220703125,358.1499938964844,370.54998779296875,394188,0.0,0.0,UDS.NS,Updater Services Limited,Industrials,Specialty Business Services,19968391168,16.586676,,,438.6,255.6
2024-10-07 00:00:00+05:30,373.79998779296875,384.0,354.1000061035156,358.95001220703125,370316,0.0,0.0,UDS.NS,Updater Services Limited,Industrials,Specialty Business Services,19968391168,16.586676,,,438.6,255.6
2024-10-08 00:00:00+05:30,359.79998779296875,377.45001220703125,351.0,375.8500061035156,319641,0.0,0.0,UDS.NS,Updater Services Limited,Industrials,Specialty Business Services,19968391168,16.586676,,,438.6,255.6
2024-10-09 00:00:00+05:30,378.79998779296875,391.29998779296875,375.0,385.25,394947,0.0,0.0,UDS.NS,Updater Services Limited,Industrials,Specialty Business Services,19968391168,16.586676,,,438.6,255.6
2024-10-10 00:00:00+05:30,387.0,387.8999938964844,379.1000061035156,381.3500061035156,208776,0.0,0.0,UDS.NS,Updater Services Limited,Industrials,Specialty Business Services,19968391168,16.586676,,,438.6,255.6
2024-10-11 00:00:00+05:30,379.0,385.54998779296875,375.6000061035156,383.3999938964844,173594,0.0,0.0,UDS.NS,Updater Services Limited,Industrials,Specialty Business Services,19968391168,16.586676,,,438.6,255.6
2024-10-14 00:00:00+05:30,388.0,390.0,374.20001220703125,388.5,359247,0.0,0.0,UDS.NS,Updater Services Limited,Industrials,Specialty Business Services,19968391168,16.586676,,,438.6,255.6
2024-10-15 00:00:00+05:30,390.8999938964844,397.0,382.0,384.1000061035156,439678,0.0,0.0,UDS.NS,Updater Services Limited,Industrials,Specialty Business Services,19968391168,16.586676,,,438.6,255.6
2024-10-16 00:00:00+05:30,384.0,385.20001220703125,372.20001220703125,374.95001220703125,248307,0.0,0.0,UDS.NS,Updater Services Limited,Industrials,Specialty Business Services,19968391168,16.586676,,,438.6,255.6
2024-10-17 00:00:00+05:30,376.75,379.95001220703125,363.20001220703125,373.8500061035156,200201,0.0,0.0,UDS.NS,Updater Services Limited,Industrials,Specialty Business Services,19968391168,16.586676,,,438.6,255.6
2024-10-18 00:00:00+05:30,368.6000061035156,375.20001220703125,364.70001220703125,373.20001220703125,104961,0.0,0.0,UDS.NS,Updater Services Limited,Industrials,Specialty Business Services,19968391168,16.586676,,,438.6,255.6
2024-10-21 00:00:00+05:30,375.79998779296875,381.0,366.29998779296875,369.6000061035156,117110,0.0,0.0,UDS.NS,Updater Services Limited,Industrials,Specialty Business Services,19968391168,16.586676,,,438.6,255.6
2024-10-22 00:00:00+05:30,369.6000061035156,369.8999938964844,345.54998779296875,347.8500061035156,250327,0.0,0.0,UDS.NS,Updater Services Limited,Industrials,Specialty Business Services,19968391168,16.586676,,,438.6,255.6
2024-10-23 00:00:00+05:30,346.8500061035156,363.6000061035156,343.79998779296875,357.75,364815,0.0,0.0,UDS.NS,Updater Services Limited,Industrials,Specialty Business Services,19968391168,16.586676,,,438.6,255.6
2024-10-24 00:00:00+05:30,357.95001220703125,376.29998779296875,350.04998779296875,366.8500061035156,339284,0.0,0.0,UDS.NS,Updater Services Limited,Industrials,Specialty Business Services,19968391168,16.586676,,,438.6,255.6
2024-10-25 00:00:00+05:30,364.20001220703125,367.3999938964844,348.95001220703125,357.6000061035156,260199,0.0,0.0,UDS.NS,Updater Services Limited,Industrials,Specialty Business Services,19968391168,16.586676,,,438.6,255.6
2024-10-28 00:00:00+05:30,357.6000061035156,371.95001220703125,348.8500061035156,354.1499938964844,383655,0.0,0.0,UDS.NS,Updater Services Limited,Industrials,Specialty Business Services,19968391168,16.586676,,,438.6,255.6
2024-10-29 00:00:00+05:30,357.0,368.8999938964844,355.25,359.8500061035156,332003,0.0,0.0,UDS.NS,Updater Services Limited,Industrials,Specialty Business Services,19968391168,16.586676,,,438.6,255.6
2024-10-30 00:00:00+05:30,370.0,392.6000061035156,367.25,383.1499938964844,1646941,0.0,0.0,UDS.NS,Updater Services Limited,Industrials,Specialty Business Services,19968391168,16.586676,,,438.6,255.6
2024-10-31 00:00:00+05:30,388.6499938964844,412.5,386.1000061035156,409.20001220703125,1867950,0.0,0.0,UDS.NS,Updater Services Limited,Industrials,Specialty Business Services,19968391168,16.586676,,,438.6,255.6
2024-11-01 00:00:00+05:30,422.0,431.0,420.0,427.70001220703125,738376,0.0,0.0,UDS.NS,Updater Services Limited,Industrials,Specialty Business Services,19968391168,16.586676,,,438.6,255.6
2024-11-04 00:00:00+05:30,424.1499938964844,425.8500061035156,412.0,413.04998779296875,623485,0.0,0.0,UDS.NS,Updater Services Limited,Industrials,Specialty Business Services,19968391168,16.586676,,,438.6,255.6
2024-11-05 00:00:00+05:30,409.04998779296875,428.5,409.0,414.0,941830,0.0,0.0,UDS.NS,Updater Services Limited,Industrials,Specialty Business Services,19968391168,16.586676,,,438.6,255.6
2024-11-06 00:00:00+05:30,420.0,438.6000061035156,412.54998779296875,432.75,830841,0.0,0.0,UDS.NS,Updater Services Limited,Industrials,Specialty Business Services,19968391168,16.586676,,,438.6,255.6
2024-11-07 00:00:00+05:30,431.45001220703125,432.8999938964844,415.70001220703125,419.1499938964844,524067,0.0,0.0,UDS.NS,Updater Services Limited,Industrials,Specialty Business Services,19968391168,16.586676,,,438.6,255.6
2024-11-08 00:00:00+05:30,421.75,421.75,405.04998779296875,406.6499938964844,352357,0.0,0.0,UDS.NS,Updater Services Limited,Industrials,Specialty Business Services,19968391168,16.586676,,,438.6,255.6
2024-11-11 00:00:00+05:30,408.79998779296875,425.29998779296875,401.45001220703125,409.45001220703125,485165,0.0,0.0,UDS.NS,Updater Services Limited,Industrials,Specialty Business Services,19968391168,16.586676,,,438.6,255.6
2024-11-12 00:00:00+05:30,411.8500061035156,419.5,408.0,410.25,255782,0.0,0.0,UDS.NS,Updater Services Limited,Industrials,Specialty Business Services,19968391168,16.586676,,,438.6,255.6
2024-11-13 00:00:00+05:30,409.95001220703125,411.0,387.70001220703125,391.6000061035156,302029,0.0,0.0,UDS.NS,Updater Services Limited,Industrials,Specialty Business Services,19968391168,16.586676,,,438.6,255.6
2024-11-14 00:00:00+05:30,396.3500061035156,409.5,385.29998779296875,388.8500061035156,383195,0.0,0.0,UDS.NS,Updater Services Limited,Industrials,Specialty Business Services,19968391168,16.586676,,,438.6,255.6
2024-11-18 00:00:00+05:30,387.0,394.0,376.8999938964844,389.75,289414,0.0,0.0,UDS.NS,Updater Services Limited,Industrials,Specialty Business Services,19968391168,16.586676,,,438.6,255.6
2024-11-19 00:00:00+05:30,392.0,405.5,392.0,396.79998779296875,230542,0.0,0.0,UDS.NS,Updater Services Limited,Industrials,Specialty Business Services,19968391168,16.586676,,,438.6,255.6
2024-11-21 00:00:00+05:30,397.95001220703125,411.0,388.20001220703125,400.6499938964844,218728,0.0,0.0,UDS.NS,Updater Services Limited,Industrials,Specialty Business Services,19968391168,16.586676,,,438.6,255.6
2024-11-22 00:00:00+05:30,405.45001220703125,419.70001220703125,398.29998779296875,413.8500061035156,248338,0.0,0.0,UDS.NS,Updater Services Limited,Industrials,Specialty Business Services,19968391168,16.586676,,,438.6,255.6
2024-11-25 00:00:00+05:30,425.0,425.0,403.0,405.95001220703125,212650,0.0,0.0,UDS.NS,Updater Services Limited,Industrials,Specialty Business Services,19968391168,16.586676,,,438.6,255.6
2024-11-26 00:00:00+05:30,407.75,413.0,403.04998779296875,405.1499938964844,167134,0.0,0.0,UDS.NS,Updater Services Limited,Industrials,Specialty Business Services,19968391168,16.586676,,,438.6,255.6
2024-11-27 00:00:00+05:30,405.3999938964844,417.25,405.3999938964844,413.1000061035156,238916,0.0,0.0,UDS.NS,Updater Services Limited,Industrials,Specialty Business Services,19968391168,16.586676,,,438.6,255.6
2024-11-28 00:00:00+05:30,414.0,416.3500061035156,405.95001220703125,410.1000061035156,162288,0.0,0.0,UDS.NS,Updater Services Limited,Industrials,Specialty Business Services,19968391168,16.586676,,,438.6,255.6
2024-11-29 00:00:00+05:30,412.8999938964844,427.1000061035156,408.20001220703125,424.3999938964844,538331,0.0,0.0,UDS.NS,Updater Services Limited,Industrials,Specialty Business Services,19968391168,16.586676,,,438.6,255.6
2024-12-02 00:00:00+05:30,426.04998779296875,429.70001220703125,407.5,409.54998779296875,363421,0.0,0.0,UDS.NS,Updater Services Limited,Industrials,Specialty Business Services,19968391168,16.586676,,,438.6,255.6
2024-12-03 00:00:00+05:30,411.79998779296875,414.8500061035156,407.1000061035156,409.5,283462,0.0,0.0,UDS.NS,Updater Services Limited,Industrials,Specialty Business Services,19968391168,16.586676,,,438.6,255.6
2024-12-04 00:00:00+05:30,409.6499938964844,412.70001220703125,399.1000061035156,404.0,266566,0.0,0.0,UDS.NS,Updater Services Limited,Industrials,Specialty Business Services,19968391168,16.586676,,,438.6,255.6
2024-12-05 00:00:00+05:30,406.20001220703125,409.0,393.0,396.95001220703125,370233,0.0,0.0,UDS.NS,Updater Services Limited,Industrials,Specialty Business Services,19968391168,16.586676,,,438.6,255.6
2024-12-06 00:00:00+05:30,400.0,401.95001220703125,390.95001220703125,395.1000061035156,307642,0.0,0.0,UDS.NS,Updater Services Limited,Industrials,Specialty Business Services,19968391168,16.586676,,,438.6,255.6
2024-12-09 00:00:00+05:30,395.0,401.0,384.29998779296875,392.5,474468,0.0,0.0,UDS.NS,Updater Services Limited,Industrials,Specialty Business Services,19968391168,16.586676,,,438.6,255.6
2024-12-10 00:00:00+05:30,393.70001220703125,397.3500061035156,377.25,380.1000061035156,466667,0.0,0.0,UDS.NS,Updater Services Limited,Industrials,Specialty Business Services,19968391168,16.586676,,,438.6,255.6
2024-12-11 00:00:00+05:30,381.0,404.0,378.6000061035156,398.8999938964844,413210,0.0,0.0,UDS.NS,Updater Services Limited,Industrials,Specialty Business Services,19968391168,16.586676,,,438.6,255.6
2024-12-12 00:00:00+05:30,409.70001220703125,413.70001220703125,388.0,397.3500061035156,466169,0.0,0.0,UDS.NS,Updater Services Limited,Industrials,Specialty Business Services,19968391168,16.586676,,,438.6,255.6
2024-12-13 00:00:00+05:30,394.0,402.8999938964844,386.54998779296875,399.29998779296875,250978,0.0,0.0,UDS.NS,Updater Services Limited,Industrials,Specialty Business Services,19968391168,16.586676,,,438.6,255.6
2024-12-16 00:00:00+05:30,400.25,409.79998779296875,396.79998779296875,402.20001220703125,538288,0.0,0.0,UDS.NS,Updater Services Limited,Industrials,Specialty Business Services,19968391168,16.586676,,,438.6,255.6
2024-12-17 00:00:00+05:30,402.3500061035156,408.8500061035156,397.1000061035156,399.25,302075,0.0,0.0,UDS.NS,Updater Services Limited,Industrials,Specialty Business Services,19968391168,16.586676,,,438.6,255.6
2024-12-18 00:00:00+05:30,399.20001220703125,418.0,398.1000061035156,400.70001220703125,549386,0.0,0.0,UDS.NS,Updater Services Limited,Industrials,Specialty Business Services,19968391168,16.586676,,,438.6,255.6
2024-12-19 00:00:00+05:30,396.0,406.0,391.1499938964844,404.5,251425,0.0,0.0,UDS.NS,Updater Services Limited,Industrials,Specialty Business Services,19968391168,16.586676,,,438.6,255.6
2024-12-20 00:00:00+05:30,408.3500061035156,408.3500061035156,380.0,387.70001220703125,214452,0.0,0.0,UDS.NS,Updater Services Limited,Industrials,Specialty Business Services,19968391168,16.586676,,,438.6,255.6
2024-12-23 00:00:00+05:30,388.6499938964844,395.0,382.04998779296875,383.95001220703125,184059,0.0,0.0,UDS.NS,Updater Services Limited,Industrials,Specialty Business Services,19968391168,16.586676,,,438.6,255.6
2024-12-24 00:00:00+05:30,384.29998779296875,387.8999938964844,377.79998779296875,379.5,103863,0.0,0.0,UDS.NS,Updater Services Limited,Industrials,Specialty Business Services,19968391168,16.586676,,,438.6,255.6
2024-12-26 00:00:00+05:30,381.70001220703125,386.3500061035156,374.0,375.5,105666,0.0,0.0,UDS.NS,Updater Services Limited,Industrials,Specialty Business Services,19968391168,16.586676,,,438.6,255.6
2024-12-27 00:00:00+05:30,376.0,388.20001220703125,374.45001220703125,385.6000061035156,125731,0.0,0.0,UDS.NS,Updater Services Limited,Industrials,Specialty Business Services,19968391168,16.586676,,,438.6,255.6
2024-12-30 00:00:00+05:30,387.8999938964844,387.8999938964844,373.5,376.0,128004,0.0,0.0,UDS.NS,Updater Services Limited,Industrials,Specialty Business Services,19968391168,16.586676,,,438.6,255.6
2024-12-31 00:00:00+05:30,372.0,379.8999938964844,371.79998779296875,378.54998779296875,107591,0.0,0.0,UDS.NS,Updater Services Limited,Industrials,Specialty Business Services,19968391168,16.586676,,,438.6,255.6
2025-01-01 00:00:00+05:30,376.20001220703125,383.1000061035156,371.25,373.70001220703125,144190,0.0,0.0,UDS.NS,Updater Services Limited,Industrials,Specialty Business Services,19968391168,16.586676,,,438.6,255.6
2025-01-02 00:00:00+05:30,374.6000061035156,382.70001220703125,374.5,379.20001220703125,144282,0.0,0.0,UDS.NS,Updater Services Limited,Industrials,Specialty Business Services,19968391168,16.586676,,,438.6,255.6
2025-01-03 00:00:00+05:30,379.20001220703125,388.0,375.1000061035156,386.45001220703125,244870,0.0,0.0,UDS.NS,Updater Services Limited,Industrials,Specialty Business Services,19968391168,16.586676,,,438.6,255.6
2025-01-06 00:00:00+05:30,387.0,387.45001220703125,360.04998779296875,369.79998779296875,352662,0.0,0.0,UDS.NS,Updater Services Limited,Industrials,Specialty Business Services,19968391168,16.586676,,,438.6,255.6
2025-01-07 00:00:00+05:30,370.95001220703125,377.25,370.54998779296875,372.8500061035156,124881,0.0,0.0,UDS.NS,Updater Services Limited,Industrials,Specialty Business Services,19968391168,16.586676,,,438.6,255.6
2025-01-08 00:00:00+05:30,369.1499938964844,375.0,364.04998779296875,370.6499938964844,127660,0.0,0.0,UDS.NS,Updater Services Limited,Industrials,Specialty Business Services,19968391168,16.586676,,,438.6,255.6
2025-01-09 00:00:00+05:30,369.0,372.0,363.29998779296875,364.5,107286,0.0,0.0,UDS.NS,Updater Services Limited,Industrials,Specialty Business Services,19968391168,16.586676,,,438.6,255.6
2025-01-10 00:00:00+05:30,363.8999938964844,365.54998779296875,345.1000061035156,348.20001220703125,315393,0.0,0.0,UDS.NS,Updater Services Limited,Industrials,Specialty Business Services,19968391168,16.586676,,,438.6,255.6
2025-01-13 00:00:00+05:30,348.20001220703125,349.75,315.5,323.54998779296875,313544,0.0,0.0,UDS.NS,Updater Services Limited,Industrials,Specialty Business Services,19968391168,16.586676,,,438.6,255.6
2025-01-14 00:00:00+05:30,339.45001220703125,339.45001220703125,325.25,335.8999938964844,137130,0.0,0.0,UDS.NS,Updater Services Limited,Industrials,Specialty Business Services,19968391168,16.586676,,,438.6,255.6
2025-01-15 00:00:00+05:30,339.3999938964844,349.3999938964844,334.0,346.25,113571,0.0,0.0,UDS.NS,Updater Services Limited,Industrials,Specialty Business Services,19968391168,16.586676,,,438.6,255.6
2025-01-16 00:00:00+05:30,346.79998779296875,351.8500061035156,343.8500061035156,348.1499938964844,143318,0.0,0.0,UDS.NS,Updater Services Limited,Industrials,Specialty Business Services,19968391168,16.586676,,,438.6,255.6
2025-01-17 00:00:00+05:30,344.95001220703125,353.0,344.95001220703125,347.75,70530,0.0,0.0,UDS.NS,Updater Services Limited,Industrials,Specialty Business Services,19968391168,16.586676,,,438.6,255.6
2025-01-20 00:00:00+05:30,351.3999938964844,361.5,343.20001220703125,356.20001220703125,248861,0.0,0.0,UDS.NS,Updater Services Limited,Industrials,Specialty Business Services,19968391168,16.586676,,,438.6,255.6
2025-01-21 00:00:00+05:30,355.45001220703125,367.45001220703125,352.54998779296875,353.8500061035156,139782,0.0,0.0,UDS.NS,Updater Services Limited,Industrials,Specialty Business Services,19968391168,16.586676,,,438.6,255.6
2025-01-22 00:00:00+05:30,356.6499938964844,356.6499938964844,333.0,343.45001220703125,176554,0.0,0.0,UDS.NS,Updater Services Limited,Industrials,Specialty Business Services,19968391168,16.586676,,,438.6,255.6
2025-01-23 00:00:00+05:30,340.0,345.0,336.1000061035156,337.8500061035156,60113,0.0,0.0,UDS.NS,Updater Services Limited,Industrials,Specialty Business Services,19968391168,16.586676,,,438.6,255.6
2025-01-24 00:00:00+05:30,339.29998779296875,344.5,322.79998779296875,326.8999938964844,130481,0.0,0.0,UDS.NS,Updater Services Limited,Industrials,Specialty Business Services,19968391168,16.586676,,,438.6,255.6
2025-01-27 00:00:00+05:30,321.95001220703125,323.25,307.04998779296875,320.1499938964844,122421,0.0,0.0,UDS.NS,Updater Services Limited,Industrials,Specialty Business Services,19968391168,16.586676,,,438.6,255.6
2025-01-28 00:00:00+05:30,332.0,362.04998779296875,325.79998779296875,337.0,3234978,0.0,0.0,UDS.NS,Updater Services Limited,Industrials,Specialty Business Services,19968391168,16.586676,,,438.6,255.6
2025-01-29 00:00:00+05:30,334.04998779296875,355.0,333.0,349.70001220703125,557369,0.0,0.0,UDS.NS,Updater Services Limited,Industrials,Specialty Business Services,19968391168,16.586676,,,438.6,255.6
2025-01-30 00:00:00+05:30,349.70001220703125,349.70001220703125,331.1000061035156,335.8500061035156,223701,0.0,0.0,UDS.NS,Updater Services Limited,Industrials,Specialty Business Services,19968391168,16.586676,,,438.6,255.6
2025-01-31 00:00:00+05:30,334.95001220703125,346.6000061035156,331.8999938964844,340.1499938964844,181766,0.0,0.0,UDS.NS,Updater Services Limited,Industrials,Specialty Business Services,19968391168,16.586676,,,438.6,255.6
2025-02-01 00:00:00+05:30,340.1499938964844,353.3500061035156,335.20001220703125,348.1499938964844,164675,0.0,0.0,UDS.NS,Updater Services Limited,Industrials,Specialty Business Services,19968391168,16.586676,,,438.6,255.6
2025-02-03 00:00:00+05:30,346.1499938964844,347.95001220703125,333.0,337.04998779296875,177899,0.0,0.0,UDS.NS,Updater Services Limited,Industrials,Specialty Business Services,19968391168,16.586676,,,438.6,255.6
2025-02-04 00:00:00+05:30,343.0,360.5,337.79998779296875,357.95001220703125,212430,0.0,0.0,UDS.NS,Updater Services Limited,Industrials,Specialty Business Services,19968391168,16.586676,,,438.6,255.6
2025-02-05 00:00:00+05:30,355.04998779296875,371.0,352.1499938964844,362.8999938964844,260194,0.0,0.0,UDS.NS,Updater Services Limited,Industrials,Specialty Business Services,19968391168,16.586676,,,438.6,255.6
2025-02-06 00:00:00+05:30,364.70001220703125,368.0,351.75,356.95001220703125,131520,0.0,0.0,UDS.NS,Updater Services Limited,Industrials,Specialty Business Services,19968391168,16.586676,,,438.6,255.6
2025-02-07 00:00:00+05:30,357.5,365.1000061035156,344.8500061035156,346.8500061035156,312992,0.0,0.0,UDS.NS,Updater Services Limited,Industrials,Specialty Business Services,19968391168,16.586676,,,438.6,255.6
2025-02-10 00:00:00+05:30,347.0,353.0,332.20001220703125,334.70001220703125,112890,0.0,0.0,UDS.NS,Updater Services Limited,Industrials,Specialty Business Services,19968391168,16.586676,,,438.6,255.6
2025-02-11 00:00:00+05:30,334.70001220703125,336.8500061035156,312.1499938964844,316.6499938964844,196800,0.0,0.0,UDS.NS,Updater Services Limited,Industrials,Specialty Business Services,19968391168,16.586676,,,438.6,255.6
2025-02-12 00:00:00+05:30,312.04998779296875,331.3999938964844,305.6000061035156,322.75,258369,0.0,0.0,UDS.NS,Updater Services Limited,Industrials,Specialty Business Services,19968391168,16.586676,,,438.6,255.6
2025-02-13 00:00:00+05:30,322.75,328.79998779296875,316.1499938964844,319.6000061035156,126969,0.0,0.0,UDS.NS,Updater Services Limited,Industrials,Specialty Business Services,19968391168,16.586676,,,438.6,255.6
2025-02-14 00:00:00+05:30,320.04998779296875,320.79998779296875,301.70001220703125,307.25,112068,0.0,0.0,UDS.NS,Updater Services Limited,Industrials,Specialty Business Services,19968391168,16.586676,,,438.6,255.6
2025-02-17 00:00:00+05:30,307.25,314.3999938964844,300.75,310.25,174122,0.0,0.0,UDS.NS,Updater Services Limited,Industrials,Specialty Business Services,19968391168,16.586676,,,438.6,255.6
2025-02-18 00:00:00+05:30,308.6000061035156,311.8500061035156,300.0,302.8500061035156,121431,0.0,0.0,UDS.NS,Updater Services Limited,Industrials,Specialty Business Services,19968391168,16.586676,,,438.6,255.6
2025-02-19 00:00:00+05:30,303.0,315.0,299.3500061035156,311.0,101473,0.0,0.0,UDS.NS,Updater Services Limited,Industrials,Specialty Business Services,19968391168,16.586676,,,438.6,255.6
2025-02-20 00:00:00+05:30,312.0,321.0,308.8500061035156,319.1499938964844,97171,0.0,0.0,UDS.NS,Updater Services Limited,Industrials,Specialty Business Services,19968391168,16.586676,,,438.6,255.6
2025-02-21 00:00:00+05:30,318.75,326.54998779296875,312.3500061035156,319.04998779296875,146729,0.0,0.0,UDS.NS,Updater Services Limited,Industrials,Specialty Business Services,19968391168,16.586676,,,438.6,255.6
2025-02-24 00:00:00+05:30,314.25,320.04998779296875,309.3999938964844,313.95001220703125,83287,0.0,0.0,UDS.NS,Updater Services Limited,Industrials,Specialty Business Services,19968391168,16.586676,,,438.6,255.6
2025-02-25 00:00:00+05:30,314.25,324.6499938964844,310.25,315.04998779296875,102091,0.0,0.0,UDS.NS,Updater Services Limited,Industrials,Specialty Business Services,19968391168,16.586676,,,438.6,255.6
2025-02-27 00:00:00+05:30,315.0,316.6499938964844,295.3999938964844,308.25,271963,0.0,0.0,UDS.NS,Updater Services Limited,Industrials,Specialty Business Services,19968391168,16.586676,,,438.6,255.6
2025-02-28 00:00:00+05:30,308.04998779296875,311.20001220703125,300.20001220703125,301.75,149993,0.0,0.0,UDS.NS,Updater Services Limited,Industrials,Specialty Business Services,19968391168,16.586676,,,438.6,255.6
2025-03-03 00:00:00+05:30,306.29998779296875,309.8999938964844,278.20001220703125,292.20001220703125,292385,0.0,0.0,UDS.NS,Updater Services Limited,Industrials,Specialty Business Services,19968391168,16.586676,,,438.6,255.6
2025-03-04 00:00:00+05:30,294.0,298.6000061035156,285.0,287.95001220703125,113720,0.0,0.0,UDS.NS,Updater Services Limited,Industrials,Specialty Business Services,19968391168,16.586676,,,438.6,255.6
2025-03-05 00:00:00+05:30,293.0,294.5,280.3500061035156,283.3500061035156,533896,0.0,0.0,UDS.NS,Updater Services Limited,Industrials,Specialty Business Services,19968391168,16.586676,,,438.6,255.6
2025-03-06 00:00:00+05:30,291.0,298.29998779296875,286.04998779296875,290.29998779296875,501314,0.0,0.0,UDS.NS,Updater Services Limited,Industrials,Specialty Business Services,19968391168,16.586676,,,438.6,255.6
2025-03-07 00:00:00+05:30,288.70001220703125,293.29998779296875,283.1499938964844,285.1000061035156,277121,0.0,0.0,UDS.NS,Updater Services Limited,Industrials,Specialty Business Services,19968391168,16.586676,,,438.6,255.6
2025-03-10 00:00:00+05:30,285.6000061035156,292.0,276.1000061035156,278.6000061035156,228076,0.0,0.0,UDS.NS,Updater Services Limited,Industrials,Specialty Business Services,19968391168,16.586676,,,438.6,255.6
2025-03-11 00:00:00+05:30,274.3999938964844,288.45001220703125,273.20001220703125,284.45001220703125,212182,0.0,0.0,UDS.NS,Updater Services Limited,Industrials,Specialty Business Services,19968391168,16.586676,,,438.6,255.6
2025-03-12 00:00:00+05:30,284.45001220703125,287.04998779296875,276.3999938964844,278.95001220703125,169338,0.0,0.0,UDS.NS,Updater Services Limited,Industrials,Specialty Business Services,19968391168,16.586676,,,438.6,255.6
2025-03-13 00:00:00+05:30,283.1499938964844,285.79998779296875,278.70001220703125,282.70001220703125,150267,0.0,0.0,UDS.NS,Updater Services Limited,Industrials,Specialty Business Services,19968391168,16.586676,,,438.6,255.6
2025-03-17 00:00:00+05:30,282.70001220703125,284.45001220703125,265.1000061035156,270.20001220703125,250837,0.0,0.0,UDS.NS,Updater Services Limited,Industrials,Specialty Business Services,19968391168,16.586676,,,438.6,255.6
2025-03-18 00:00:00+05:30,270.20001220703125,270.20001220703125,270.20001220703125,270.20001220703125,0,0.0,0.0,UDS.NS,Updater Services Limited,Industrials,Specialty Business Services,19968391168,16.586676,,,438.6,255.6
2025-03-19 00:00:00+05:30,283.0,290.70001220703125,283.0,289.54998779296875,241954,0.0,0.0,UDS.NS,Updater Services Limited,Industrials,Specialty Business Services,19968391168,16.586676,,,438.6,255.6
2025-03-20 00:00:00+05:30,290.0,291.95001220703125,285.3999938964844,287.79998779296875,177287,0.0,0.0,UDS.NS,Updater Services Limited,Industrials,Specialty Business Services,19968391168,16.586676,,,438.6,255.6
2025-03-21 00:00:00+05:30,287.5,298.5,286.0,295.54998779296875,351793,0.0,0.0,UDS.NS,Updater Services Limited,Industrials,Specialty Business Services,19968391168,16.586676,,,438.6,255.6
2025-03-24 00:00:00+05:30,297.8999938964844,298.0,287.0,288.1000061035156,382942,0.0,0.0,UDS.NS,Updater Services Limited,Industrials,Specialty Business Services,19968391168,16.586676,,,438.6,255.6
2025-03-25 00:00:00+05:30,288.29998779296875,291.0,275.8500061035156,278.6000061035156,324219,0.0,0.0,UDS.NS,Updater Services Limited,Industrials,Specialty Business Services,19968391168,16.586676,,,438.6,255.6
2025-03-26 00:00:00+05:30,278.0,283.5,271.6000061035156,278.04998779296875,398423,0.0,0.0,UDS.NS,Updater Services Limited,Industrials,Specialty Business Services,19968391168,16.586676,,,438.6,255.6
2025-03-27 00:00:00+05:30,278.04998779296875,284.70001220703125,277.29998779296875,280.79998779296875,310127,0.0,0.0,UDS.NS,Updater Services Limited,Industrials,Specialty Business Services,19968391168,16.586676,,,438.6,255.6
2025-03-28 00:00:00+05:30,276.3500061035156,291.0,276.0,278.54998779296875,235819,0.0,0.0,UDS.NS,Updater Services Limited,Industrials,Specialty Business Services,19968391168,16.586676,,,438.6,255.6
2025-04-01 00:00:00+05:30,281.45001220703125,298.3999938964844,281.45001220703125,292.3999938964844,250516,0.0,0.0,UDS.NS,Updater Services Limited,Industrials,Specialty Business Services,19968391168,16.586676,,,438.6,255.6
2025-04-02 00:00:00+05:30,289.6000061035156,291.04998779296875,284.79998779296875,289.70001220703125,95821,0.0,0.0,UDS.NS,Updater Services Limited,Industrials,Specialty Business Services,19968391168,16.586676,,,438.6,255.6
2025-04-03 00:00:00+05:30,286.0,308.0,285.04998779296875,305.04998779296875,329048,0.0,0.0,UDS.NS,Updater Services Limited,Industrials,Specialty Business Services,19968391168,16.586676,,,438.6,255.6
2025-04-04 00:00:00+05:30,303.1000061035156,304.0,287.45001220703125,294.45001220703125,231851,0.0,0.0,UDS.NS,Updater Services Limited,Industrials,Specialty Business Services,19968391168,16.586676,,,438.6,255.6
2025-04-07 00:00:00+05:30,255.60000610351562,286.0,255.60000610351562,281.5,218422,0.0,0.0,UDS.NS,Updater Services Limited,Industrials,Specialty Business Services,19968391168,16.586676,,,438.6,255.6
2025-04-08 00:00:00+05:30,287.20001220703125,290.70001220703125,276.6000061035156,279.54998779296875,87020,0.0,0.0,UDS.NS,Updater Services Limited,Industrials,Specialty Business Services,19968391168,16.586676,,,438.6,255.6
2025-04-09 00:00:00+05:30,277.5,280.95001220703125,274.3999938964844,278.75,54632,0.0,0.0,UDS.NS,Updater Services Limited,Industrials,Specialty Business Services,19968391168,16.586676,,,438.6,255.6
2025-04-11 00:00:00+05:30,282.95001220703125,296.95001220703125,281.1499938964844,292.25,319381,0.0,0.0,UDS.NS,Updater Services Limited,Industrials,Specialty Business Services,19968391168,16.586676,,,438.6,255.6
2025-04-15 00:00:00+05:30,295.1000061035156,303.70001220703125,292.45001220703125,295.79998779296875,198916,0.0,0.0,UDS.NS,Updater Services Limited,Industrials,Specialty Business Services,19968391168,16.586676,,,438.6,255.6
2025-04-16 00:00:00+05:30,295.79998779296875,305.5,291.3999938964844,293.5,200739,0.0,0.0,UDS.NS,Updater Services Limited,Industrials,Specialty Business Services,19968391168,16.586676,,,438.6,255.6
2025-04-17 00:00:00+05:30,294.5,303.5,294.5,300.3500061035156,234169,0.0,0.0,UDS.NS,Updater Services Limited,Industrials,Specialty Business Services,19968391168,16.586676,,,438.6,255.6
2025-04-21 00:00:00+05:30,304.0,308.70001220703125,301.0,306.3500061035156,169757,0.0,0.0,UDS.NS,Updater Services Limited,Industrials,Specialty Business Services,19968391168,16.586676,,,438.6,255.6
2025-04-22 00:00:00+05:30,306.3500061035156,317.0,304.45001220703125,307.8999938964844,195008,0.0,0.0,UDS.NS,Updater Services Limited,Industrials,Specialty Business Services,19968391168,16.586676,,,438.6,255.6
2025-04-23 00:00:00+05:30,306.1000061035156,312.79998779296875,301.3500061035156,302.5,158402,0.0,0.0,UDS.NS,Updater Services Limited,Industrials,Specialty Business Services,19968391168,16.586676,,,438.6,255.6
2025-04-24 00:00:00+05:30,302.6000061035156,310.0,301.8500061035156,303.29998779296875,108166,0.0,0.0,UDS.NS,Updater Services Limited,Industrials,Specialty Business Services,19968391168,16.586676,,,438.6,255.6
2025-04-25 00:00:00+05:30,305.70001220703125,305.70001220703125,288.70001220703125,291.04998779296875,201455,0.0,0.0,UDS.NS,Updater Services Limited,Industrials,Specialty Business Services,19968391168,16.586676,,,438.6,255.6
2025-04-28 00:00:00+05:30,293.95001220703125,295.1499938964844,288.54998779296875,289.3999938964844,120247,0.0,0.0,UDS.NS,Updater Services Limited,Industrials,Specialty Business Services,19968391168,16.586676,,,438.6,255.6
2025-04-29 00:00:00+05:30,289.8999938964844,295.0,287.5,288.8500061035156,61799,0.0,0.0,UDS.NS,Updater Services Limited,Industrials,Specialty Business Services,19968391168,16.586676,,,438.6,255.6
2025-04-30 00:00:00+05:30,288.0,289.8500061035156,280.3500061035156,282.20001220703125,85677,0.0,0.0,UDS.NS,Updater Services Limited,Industrials,Specialty Business Services,19968391168,16.586676,,,438.6,255.6
2025-05-02 00:00:00+05:30,280.1499938964844,285.8500061035156,271.70001220703125,273.0,340695,0.0,0.0,UDS.NS,Updater Services Limited,Industrials,Specialty Business Services,19968391168,16.586676,,,438.6,255.6
2025-05-05 00:00:00+05:30,272.6000061035156,278.3500061035156,267.1000061035156,277.3999938964844,257457,0.0,0.0,UDS.NS,Updater Services Limited,Industrials,Specialty Business Services,19968391168,16.586676,,,438.6,255.6
2025-05-06 00:00:00+05:30,281.0,281.0,270.0,270.8999938964844,110131,0.0,0.0,UDS.NS,Updater Services Limited,Industrials,Specialty Business Services,19968391168,16.586676,,,438.6,255.6
2025-05-07 00:00:00+05:30,265.0,278.0,265.0,276.75,127033,0.0,0.0,UDS.NS,Updater Services Limited,Industrials,Specialty Business Services,19968391168,16.586676,,,438.6,255.6
2025-05-08 00:00:00+05:30,277.45001220703125,289.0,277.45001220703125,281.1000061035156,164360,0.0,0.0,UDS.NS,Updater Services Limited,Industrials,Specialty Business Services,19968391168,16.586676,,,438.6,255.6
2025-05-09 00:00:00+05:30,275.5,287.0,272.3500061035156,283.45001220703125,134686,0.0,0.0,UDS.NS,Updater Services Limited,Industrials,Specialty Business Services,19968391168,16.586676,,,438.6,255.6
2025-05-12 00:00:00+05:30,294.95001220703125,304.0,289.6000061035156,301.45001220703125,147963,0.0,0.0,UDS.NS,Updater Services Limited,Industrials,Specialty Business Services,19968391168,16.586676,,,438.6,255.6
2025-05-13 00:00:00+05:30,301.0,306.45001220703125,298.1000061035156,299.79998779296875,124373,0.0,0.0,UDS.NS,Updater Services Limited,Industrials,Specialty Business Services,19968391168,16.586676,,,438.6,255.6
2025-05-14 00:00:00+05:30,300.0,315.3999938964844,300.0,307.70001220703125,325440,0.0,0.0,UDS.NS,Updater Services Limited,Industrials,Specialty Business Services,19968391168,16.586676,,,438.6,255.6
2025-05-15 00:00:00+05:30,309.6499938964844,314.45001220703125,299.1499938964844,301.25,515244,0.0,0.0,UDS.NS,Updater Services Limited,Industrials,Specialty Business Services,19968391168,16.586676,,,438.6,255.6
2025-05-16 00:00:00+05:30,305.0,313.6499938964844,305.0,306.1000061035156,307714,0.0,0.0,UDS.NS,Updater Services Limited,Industrials,Specialty Business Services,19968391168,16.586676,,,438.6,255.6
2025-05-19 00:00:00+05:30,306.04998779296875,350.0,306.04998779296875,341.20001220703125,1103090,0.0,0.0,UDS.NS,Updater Services Limited,Industrials,Specialty Business Services,19968391168,16.586676,,,438.6,255.6
2025-05-20 00:00:00+05:30,343.75,343.75,330.1000061035156,338.04998779296875,279313,0.0,0.0,UDS.NS,Updater Services Limited,Industrials,Specialty Business Services,19968391168,16.586676,,,438.6,255.6
2025-05-21 00:00:00+05:30,336.04998779296875,336.20001220703125,329.5,333.45001220703125,134219,0.0,0.0,UDS.NS,Updater Services Limited,Industrials,Specialty Business Services,19968391168,16.586676,,,438.6,255.6
2025-05-22 00:00:00+05:30,335.0,339.8999938964844,326.75,329.20001220703125,176409,0.0,0.0,UDS.NS,Updater Services Limited,Industrials,Specialty Business Services,19968391168,16.586676,,,438.6,255.6
2025-05-23 00:00:00+05:30,331.1000061035156,344.0,328.79998779296875,339.25,310849,0.0,0.0,UDS.NS,Updater Services Limited,Industrials,Specialty Business Services,19968391168,16.586676,,,438.6,255.6
2025-05-26 00:00:00+05:30,345.0,356.0,335.3500061035156,340.79998779296875,850717,0.0,0.0,UDS.NS,Updater Services Limited,Industrials,Specialty Business Services,19968391168,16.586676,,,438.6,255.6
2025-05-27 00:00:00+05:30,343.20001220703125,345.6499938964844,336.6000061035156,337.1000061035156,307749,0.0,0.0,UDS.NS,Updater Services Limited,Industrials,Specialty Business Services,19968391168,16.586676,,,438.6,255.6
2025-05-28 00:00:00+05:30,339.70001220703125,342.79998779296875,333.20001220703125,335.3500061035156,118907,0.0,0.0,UDS.NS,Updater Services Limited,Industrials,Specialty Business Services,19968391168,16.586676,,,438.6,255.6
2025-05-29 00:00:00+05:30,332.0,338.0,329.75,331.54998779296875,142248,0.0,0.0,UDS.NS,Updater Services Limited,Industrials,Specialty Business Services,19968391168,16.586676,,,438.6,255.6
2025-05-30 00:00:00+05:30,332.8999938964844,337.3999938964844,324.54998779296875,326.54998779296875,161919,0.0,0.0,UDS.NS,Updater Services Limited,Industrials,Specialty Business Services,19968391168,16.586676,,,438.6,255.6
2025-06-02 00:00:00+05:30,326.8999938964844,328.0,313.0,319.20001220703125,409930,0.0,0.0,UDS.NS,Updater Services Limited,Industrials,Specialty Business Services,19968391168,16.586676,,,438.6,255.6
2025-06-03 00:00:00+05:30,320.95001220703125,323.04998779296875,310.0,311.5,168388,0.0,0.0,UDS.NS,Updater Services Limited,Industrials,Specialty Business Services,19968391168,16.586676,,,438.6,255.6
2025-06-04 00:00:00+05:30,313.79998779296875,314.5,306.29998779296875,306.8999938964844,180506,0.0,0.0,UDS.NS,Updater Services Limited,Industrials,Specialty Business Services,19968391168,16.586676,,,438.6,255.6
2025-06-05 00:00:00+05:30,308.8999938964844,311.6000061035156,307.0,309.04998779296875,155740,0.0,0.0,UDS.NS,Updater Services Limited,Industrials,Specialty Business Services,19968391168,16.586676,,,438.6,255.6
2025-06-06 00:00:00+05:30,309.1499938964844,309.8500061035156,304.1499938964844,305.3500061035156,126786,0.0,0.0,UDS.NS,Updater Services Limited,Industrials,Specialty Business Services,19968391168,16.586676,,,438.6,255.6
2025-06-09 00:00:00+05:30,307.79998779296875,319.0,307.0,313.95001220703125,490296,0.0,0.0,UDS.NS,Updater Services Limited,Industrials,Specialty Business Services,19968391168,16.586676,,,438.6,255.6
2025-06-10 00:00:00+05:30,315.0,316.0,308.75,309.6000061035156,204923,0.0,0.0,UDS.NS,Updater Services Limited,Industrials,Specialty Business Services,19968391168,16.586676,,,438.6,255.6
2025-06-11 00:00:00+05:30,312.70001220703125,314.5,307.0,307.8999938964844,211002,0.0,0.0,UDS.NS,Updater Services Limited,Industrials,Specialty Business Services,19968391168,16.586676,,,438.6,255.6
2025-06-12 00:00:00+05:30,310.8999938964844,310.8999938964844,299.29998779296875,300.6000061035156,230666,0.0,0.0,UDS.NS,Updater Services Limited,Industrials,Specialty Business Services,19968391168,16.586676,,,438.6,255.6
2025-06-13 00:00:00+05:30,295.5,301.0,289.95001220703125,299.75,145296,0.0,0.0,UDS.NS,Updater Services Limited,Industrials,Specialty Business Services,19968391168,16.586676,,,438.6,255.6
2025-06-16 00:00:00+05:30,299.8500061035156,301.95001220703125,292.3500061035156,298.95001220703125,120035,0.0,0.0,UDS.NS,Updater Services Limited,Industrials,Specialty Business Services,19968391168,16.586676,,,438.6,255.6
2025-06-17 00:00:00+05:30,299.95001220703125,301.8500061035156,296.6000061035156,298.70001220703125,81717,0.0,0.0,UDS.NS,Updater Services Limited,Industrials,Specialty Business Services,19968391168,16.586676,,,438.6,255.6
2025-06-18 00:00:00+05:30,298.70001220703125,301.0,293.54998779296875,294.1499938964844,130232,0.0,0.0,UDS.NS,Updater Services Limited,Industrials,Specialty Business Services,19968391168,16.586676,,,438.6,255.6
